# La4Ni3O8 Ni L2 edge RIXS
# T = 300 K
# RIXS resolution ~ 0.4 eV
# Horizontal scattering geometry, theta = 15 degrees, 2theta = 95 degrees
# SEXTANTS beamline, SOLEIL synchrotron
# Energy loss 	 Intensity
-4.58467e+01 -7.23200e+02
-4.57672e+01 -5.76800e+02
-4.56877e+01 -5.05800e+02
-4.56081e+01 -9.49400e+02
-4.55287e+01 -9.77200e+02
-4.54492e+01 -7.83900e+02
-4.53698e+01 -6.39500e+02
-4.52904e+01 -7.22400e+02
-4.52110e+01 -1.00850e+03
-4.51316e+01 -1.46870e+03
-4.50523e+01 -1.32520e+03
-4.49730e+01 -2.42090e+03
-4.48937e+01 -2.61800e+03
-4.48144e+01 -2.39670e+03
-4.47352e+01 -1.94570e+03
-4.46560e+01 -2.63890e+03
-4.45768e+01 -1.83570e+03
-4.44976e+01 -2.55600e+03
-4.44185e+01 -2.35460e+03
-4.43394e+01 -2.27020e+03
-4.42603e+01 -2.32870e+03
-4.41812e+01 -2.67260e+03
-4.41022e+01 -1.99330e+03
-4.40232e+01 -2.20200e+03
-4.39442e+01 -2.33940e+03
-4.38652e+01 -1.99940e+03
-4.37863e+01 -2.21710e+03
-4.37074e+01 -3.14150e+03
-4.36285e+01 -3.08530e+03
-4.35496e+01 -1.99870e+03
-4.34708e+01 -1.48490e+03
-4.33919e+01 -1.66940e+03
-4.33131e+01 -1.69070e+03
-4.32344e+01 -1.95670e+03
-4.31556e+01 -3.05240e+03
-4.30769e+01 -2.82240e+03
-4.29982e+01 -2.57890e+03
-4.29195e+01 -1.95930e+03
-4.28409e+01 -2.87250e+03
-4.27623e+01 -3.18430e+03
-4.26837e+01 -2.65580e+03
-4.26051e+01 -2.95950e+03
-4.25265e+01 -2.79260e+03
-4.24480e+01 -2.22630e+03
-4.23695e+01 -2.64340e+03
-4.22910e+01 -2.99980e+03
-4.22126e+01 -1.95470e+03
-4.21342e+01 -1.56970e+03
-4.20558e+01 -1.96440e+03
-4.19774e+01 -2.14850e+03
-4.18990e+01 -1.67750e+03
-4.18207e+01 -2.33200e+03
-4.17424e+01 -2.00380e+03
-4.16641e+01 -2.81480e+03
-4.15859e+01 -3.56730e+03
-4.15076e+01 -2.88790e+03
-4.14294e+01 -2.78480e+03
-4.13512e+01 -3.01280e+03
-4.12731e+01 -2.12840e+03
-4.11950e+01 -2.11770e+03
-4.11168e+01 -2.20500e+03
-4.10388e+01 -2.54010e+03
-4.09607e+01 -2.27690e+03
-4.08827e+01 -1.80770e+03
-4.08047e+01 -1.15260e+03
-4.07267e+01 -1.91740e+03
-4.06487e+01 -1.98760e+03
-4.05708e+01 -2.37650e+03
-4.04929e+01 -1.43960e+03
-4.04150e+01 -2.07310e+03
-4.03371e+01 -2.22550e+03
-4.02593e+01 -2.33920e+03
-4.01815e+01 -1.11910e+03
-4.01037e+01 -1.99810e+03
-4.00259e+01 -1.92970e+03
-3.99482e+01 -1.58230e+03
-3.98705e+01 -1.12460e+03
-3.97928e+01 -1.96780e+03
-3.97151e+01 -1.92880e+03
-3.96375e+01 -2.56650e+03
-3.95599e+01 -2.39190e+03
-3.94823e+01 -3.04300e+03
-3.94047e+01 -2.21620e+03
-3.93272e+01 -2.03090e+03
-3.92496e+01 -1.78580e+03
-3.91721e+01 -2.27220e+03
-3.90947e+01 -1.84220e+03
-3.90172e+01 -2.06410e+03
-3.89398e+01 -1.76530e+03
-3.88624e+01 -2.22680e+03
-3.87850e+01 -2.38360e+03
-3.87077e+01 -2.27780e+03
-3.86304e+01 -2.44090e+03
-3.85531e+01 -2.29660e+03
-3.84758e+01 -2.11300e+03
-3.83985e+01 -2.27420e+03
-3.83213e+01 -2.10420e+03
-3.82441e+01 -2.31930e+03
-3.81669e+01 -1.83310e+03
-3.80898e+01 -1.76270e+03
-3.80127e+01 -1.30070e+03
-3.79356e+01 -1.24340e+03
-3.78585e+01 -9.68700e+02
-3.77814e+01 -1.32080e+03
-3.77044e+01 -1.90020e+03
-3.76274e+01 -1.56010e+03
-3.75504e+01 -1.42680e+03
-3.74735e+01 -1.05360e+03
-3.73965e+01 -1.49900e+03
-3.73196e+01 -2.30530e+03
-3.72428e+01 -2.45250e+03
-3.71659e+01 -2.28190e+03
-3.70891e+01 -2.24210e+03
-3.70123e+01 -1.89230e+03
-3.69355e+01 -1.62020e+03
-3.68587e+01 -2.16290e+03
-3.67820e+01 -1.70480e+03
-3.67053e+01 -1.18630e+03
-3.66286e+01 -9.53000e+02
-3.65519e+01 -1.47860e+03
-3.64753e+01 -1.91160e+03
-3.63987e+01 -1.77610e+03
-3.63221e+01 -1.62210e+03
-3.62456e+01 -1.42200e+03
-3.61690e+01 -1.23780e+03
-3.60925e+01 -1.96310e+03
-3.60160e+01 -3.01690e+03
-3.59396e+01 -2.90920e+03
-3.58631e+01 -2.58170e+03
-3.57867e+01 -1.22100e+03
-3.57103e+01 -1.65420e+03
-3.56339e+01 -1.76510e+03
-3.55576e+01 -2.62220e+03
-3.54813e+01 -2.18780e+03
-3.54050e+01 -1.22070e+03
-3.53287e+01 -9.00900e+02
-3.52525e+01 -1.57700e+03
-3.51763e+01 -1.86470e+03
-3.51001e+01 -1.90530e+03
-3.50239e+01 -9.76000e+02
-3.49478e+01 -1.20810e+03
-3.48716e+01 -1.92900e+03
-3.47955e+01 -2.04120e+03
-3.47195e+01 -2.29650e+03
-3.46434e+01 -2.47470e+03
-3.45674e+01 -1.81920e+03
-3.44914e+01 -1.45320e+03
-3.44154e+01 -2.74970e+03
-3.43395e+01 -3.08950e+03
-3.42636e+01 -3.00810e+03
-3.41877e+01 -2.34610e+03
-3.41118e+01 -1.69200e+03
-3.40359e+01 -2.12500e+03
-3.39601e+01 -2.33070e+03
-3.38843e+01 -1.95800e+03
-3.38085e+01 -1.92530e+03
-3.37328e+01 -2.31580e+03
-3.36571e+01 -1.69130e+03
-3.35814e+01 -1.45220e+03
-3.35057e+01 -1.95080e+03
-3.34300e+01 -2.32480e+03
-3.33544e+01 -1.88130e+03
-3.32788e+01 -1.64390e+03
-3.32032e+01 -1.87200e+03
-3.31277e+01 -1.53430e+03
-3.30521e+01 -9.88900e+02
-3.29766e+01 -1.86540e+03
-3.29011e+01 -1.88340e+03
-3.28257e+01 -1.61590e+03
-3.27503e+01 -1.24280e+03
-3.26748e+01 -1.20480e+03
-3.25995e+01 -1.64410e+03
-3.25241e+01 -1.76620e+03
-3.24488e+01 -2.31850e+03
-3.23735e+01 -2.20570e+03
-3.22982e+01 -2.19160e+03
-3.22229e+01 -1.83770e+03
-3.21477e+01 -1.60730e+03
-3.20725e+01 -1.79540e+03
-3.19973e+01 -1.90240e+03
-3.19221e+01 -2.26880e+03
-3.18470e+01 -2.48970e+03
-3.17719e+01 -1.71660e+03
-3.16968e+01 -1.99620e+03
-3.16217e+01 -2.20570e+03
-3.15467e+01 -1.61600e+03
-3.14717e+01 -1.53120e+03
-3.13967e+01 -1.83970e+03
-3.13217e+01 -2.29910e+03
-3.12468e+01 -1.58200e+03
-3.11718e+01 -1.44680e+03
-3.10969e+01 -1.98600e+03
-3.10221e+01 -1.27610e+03
-3.09472e+01 -1.01960e+03
-3.08724e+01 -1.21320e+03
-3.07976e+01 -1.83870e+03
-3.07229e+01 -1.81390e+03
-3.06481e+01 -1.83750e+03
-3.05734e+01 -1.13220e+03
-3.04987e+01 -9.60800e+02
-3.04240e+01 -1.34770e+03
-3.03494e+01 -1.75080e+03
-3.02747e+01 -1.60830e+03
-3.02002e+01 -2.56400e+03
-3.01256e+01 -2.04390e+03
-3.00510e+01 -1.81110e+03
-2.99765e+01 -2.00760e+03
-2.99020e+01 -1.62490e+03
-2.98275e+01 -1.12310e+03
-2.97531e+01 -1.73810e+03
-2.96787e+01 -2.18790e+03
-2.96042e+01 -2.47030e+03
-2.95299e+01 -1.33930e+03
-2.94555e+01 -1.69250e+03
-2.93812e+01 -2.02450e+03
-2.93069e+01 -2.09870e+03
-2.92326e+01 -1.63350e+03
-2.91584e+01 -1.41830e+03
-2.90841e+01 -2.21740e+03
-2.90099e+01 -2.08000e+03
-2.89357e+01 -2.14020e+03
-2.88616e+01 -1.37380e+03
-2.87874e+01 -1.68730e+03
-2.87133e+01 -2.04230e+03
-2.86393e+01 -1.97080e+03
-2.85652e+01 -2.27430e+03
-2.84912e+01 -2.61180e+03
-2.84172e+01 -2.75360e+03
-2.83432e+01 -2.71110e+03
-2.82692e+01 -1.96650e+03
-2.81953e+01 -2.55850e+03
-2.81214e+01 -2.53770e+03
-2.80475e+01 -2.51470e+03
-2.79736e+01 -2.57120e+03
-2.78998e+01 -2.16500e+03
-2.78260e+01 -1.78530e+03
-2.77522e+01 -2.09440e+03
-2.76784e+01 -1.52340e+03
-2.76047e+01 -1.46930e+03
-2.75310e+01 -1.55760e+03
-2.74573e+01 -9.05100e+02
-2.73836e+01 -1.63270e+03
-2.73100e+01 -1.82380e+03
-2.72364e+01 -2.13080e+03
-2.71628e+01 -2.09390e+03
-2.70892e+01 -1.47230e+03
-2.70156e+01 -2.20040e+03
-2.69421e+01 -2.56660e+03
-2.68686e+01 -9.37300e+02
-2.67952e+01 -1.43990e+03
-2.67217e+01 -1.18960e+03
-2.66483e+01 -1.52050e+03
-2.65749e+01 -1.68850e+03
-2.65015e+01 -1.29600e+03
-2.64282e+01 -2.32410e+03
-2.63549e+01 -2.62940e+03
-2.62816e+01 -1.61250e+03
-2.62083e+01 -1.25970e+03
-2.61350e+01 -2.45340e+03
-2.60618e+01 -2.31090e+03
-2.59886e+01 -2.14520e+03
-2.59154e+01 -1.47210e+03
-2.58423e+01 -1.80990e+03
-2.57692e+01 -2.39250e+03
-2.56961e+01 -2.34090e+03
-2.56230e+01 -1.81410e+03
-2.55499e+01 -1.38740e+03
-2.54769e+01 -1.09130e+03
-2.54039e+01 -1.52790e+03
-2.53309e+01 -1.17420e+03
-2.52580e+01 -1.56580e+03
-2.51851e+01 -2.03250e+03
-2.51121e+01 -1.62050e+03
-2.50393e+01 -1.21320e+03
-2.49664e+01 -1.47620e+03
-2.48936e+01 -1.68560e+03
-2.48208e+01 -2.25260e+03
-2.47480e+01 -2.60390e+03
-2.46752e+01 -3.05420e+03
-2.46025e+01 -1.82800e+03
-2.45298e+01 -5.46000e+02
-2.44571e+01 -1.07430e+03
-2.43845e+01 -1.27380e+03
-2.43118e+01 -1.18100e+03
-2.42392e+01 -1.45470e+03
-2.41666e+01 -1.80640e+03
-2.40941e+01 -2.13170e+03
-2.40215e+01 -1.88950e+03
-2.39490e+01 -1.45380e+03
-2.38765e+01 -1.73070e+03
-2.38041e+01 -1.40990e+03
-2.37316e+01 -2.22550e+03
-2.36592e+01 -1.17180e+03
-2.35868e+01 -1.38040e+03
-2.35145e+01 -2.52070e+03
-2.34421e+01 -2.22860e+03
-2.33698e+01 -1.28180e+03
-2.32975e+01 -7.75700e+02
-2.32252e+01 -1.54090e+03
-2.31530e+01 -1.09660e+03
-2.30808e+01 -1.05030e+03
-2.30086e+01 -1.78240e+03
-2.29364e+01 -1.52150e+03
-2.28643e+01 -1.28910e+03
-2.27922e+01 -1.32520e+03
-2.27201e+01 -1.61310e+03
-2.26480e+01 -1.56100e+03
-2.25759e+01 -1.45590e+03
-2.25039e+01 -1.44100e+03
-2.24319e+01 -1.49440e+03
-2.23600e+01 -2.96000e+03
-2.22880e+01 -2.81500e+03
-2.22161e+01 -1.93070e+03
-2.21442e+01 -2.25720e+03
-2.20723e+01 -3.08460e+03
-2.20005e+01 -2.62350e+03
-2.19286e+01 -2.04190e+03
-2.18568e+01 -1.24450e+03
-2.17851e+01 -1.36350e+03
-2.17133e+01 -1.79640e+03
-2.16416e+01 -2.09810e+03
-2.15699e+01 -1.91790e+03
-2.14982e+01 -1.94770e+03
-2.14265e+01 -2.21010e+03
-2.13549e+01 -2.46700e+03
-2.12833e+01 -2.96800e+03
-2.12117e+01 -3.20160e+03
-2.11402e+01 -2.93780e+03
-2.10686e+01 -1.85730e+03
-2.09971e+01 -1.36540e+03
-2.09257e+01 -1.93280e+03
-2.08542e+01 -2.09510e+03
-2.07828e+01 -1.73740e+03
-2.07114e+01 -2.33050e+03
-2.06400e+01 -2.07360e+03
-2.05686e+01 -1.78150e+03
-2.04973e+01 -1.69200e+03
-2.04260e+01 -1.58170e+03
-2.03547e+01 -1.33540e+03
-2.02834e+01 -1.14720e+03
-2.02122e+01 -8.96900e+02
-2.01410e+01 -1.15710e+03
-2.00698e+01 -2.02160e+03
-1.99986e+01 -2.51310e+03
-1.99275e+01 -2.40410e+03
-1.98564e+01 -1.92400e+03
-1.97853e+01 -1.47100e+03
-1.97142e+01 -2.01610e+03
-1.96432e+01 -1.93190e+03
-1.95722e+01 -2.44730e+03
-1.95012e+01 -1.87480e+03
-1.94302e+01 -1.12220e+03
-1.93593e+01 -1.79950e+03
-1.92884e+01 -1.80620e+03
-1.92175e+01 -1.02360e+03
-1.91466e+01 -2.39030e+03
-1.90758e+01 -2.23710e+03
-1.90049e+01 -1.83400e+03
-1.89341e+01 -1.87220e+03
-1.88634e+01 -2.58200e+03
-1.87926e+01 -2.20510e+03
-1.87219e+01 -2.58820e+03
-1.86512e+01 -2.05930e+03
-1.85805e+01 -2.54670e+03
-1.85099e+01 -2.04150e+03
-1.84393e+01 -2.07690e+03
-1.83687e+01 -1.55880e+03
-1.82981e+01 -1.75150e+03
-1.82276e+01 -2.16730e+03
-1.81570e+01 -1.87350e+03
-1.80865e+01 -1.92450e+03
-1.80161e+01 -2.31920e+03
-1.79456e+01 -2.26220e+03
-1.78752e+01 -2.41390e+03
-1.78048e+01 -3.87510e+03
-1.77344e+01 -4.40220e+03
-1.76640e+01 -3.05350e+03
-1.75937e+01 -2.60680e+03
-1.75234e+01 -2.61740e+03
-1.74531e+01 -2.57640e+03
-1.73829e+01 -2.73240e+03
-1.73127e+01 -2.53670e+03
-1.72424e+01 -2.26310e+03
-1.71723e+01 -2.54530e+03
-1.71021e+01 -2.55440e+03
-1.70320e+01 -2.89170e+03
-1.69619e+01 -1.90190e+03
-1.68918e+01 -2.30670e+03
-1.68217e+01 -1.89550e+03
-1.67517e+01 -2.01450e+03
-1.66817e+01 -2.56040e+03
-1.66117e+01 -2.48880e+03
-1.65417e+01 -2.03530e+03
-1.64718e+01 -1.91530e+03
-1.64019e+01 -2.00960e+03
-1.63320e+01 -2.74820e+03
-1.62622e+01 -2.48970e+03
-1.61923e+01 -2.38810e+03
-1.61225e+01 -3.38280e+03
-1.60527e+01 -1.87470e+03
-1.59830e+01 -2.09850e+03
-1.59132e+01 -2.70190e+03
-1.58435e+01 -1.94890e+03
-1.57738e+01 -1.99250e+03
-1.57041e+01 -1.36690e+03
-1.56345e+01 -1.67370e+03
-1.55649e+01 -2.09210e+03
-1.54953e+01 -2.18140e+03
-1.54257e+01 -1.95820e+03
-1.53562e+01 -2.68470e+03
-1.52867e+01 -2.13430e+03
-1.52172e+01 -2.75940e+03
-1.51477e+01 -2.34570e+03
-1.50783e+01 -2.63870e+03
-1.50088e+01 -2.97320e+03
-1.49394e+01 -2.55990e+03
-1.48701e+01 -1.64590e+03
-1.48007e+01 -1.34850e+03
-1.47314e+01 -1.25990e+03
-1.46621e+01 -1.75810e+03
-1.45928e+01 -8.96200e+02
-1.45236e+01 -1.51630e+03
-1.44544e+01 -2.25930e+03
-1.43852e+01 -2.09910e+03
-1.43160e+01 -1.08380e+03
-1.42468e+01 -2.04210e+03
-1.41777e+01 -2.06380e+03
-1.41086e+01 -1.77330e+03
-1.40395e+01 -1.91210e+03
-1.39705e+01 -1.82540e+03
-1.39015e+01 -1.53590e+03
-1.38325e+01 -1.80170e+03
-1.37635e+01 -2.37640e+03
-1.36945e+01 -2.67800e+03
-1.36256e+01 -2.32700e+03
-1.35567e+01 -2.21850e+03
-1.34878e+01 -1.93890e+03
-1.34190e+01 -1.43540e+03
-1.33501e+01 -6.69400e+02
-1.32813e+01 -1.99940e+03
-1.32125e+01 -2.09090e+03
-1.31438e+01 -1.21140e+03
-1.30750e+01 -1.61800e+03
-1.30063e+01 -1.30030e+03
-1.29377e+01 -1.13270e+03
-1.28690e+01 -1.71650e+03
-1.28004e+01 -1.59050e+03
-1.27317e+01 -1.46590e+03
-1.26632e+01 -1.52930e+03
-1.25946e+01 -6.46600e+02
-1.25261e+01 -1.33670e+03
-1.24576e+01 -2.09080e+03
-1.23891e+01 -1.88130e+03
-1.23206e+01 -1.33160e+03
-1.22522e+01 -1.49900e+03
-1.21838e+01 -1.92970e+03
-1.21154e+01 -3.34810e+03
-1.20470e+01 -1.83840e+03
-1.19787e+01 -1.29890e+03
-1.19103e+01 -1.78560e+03
-1.18421e+01 -1.48110e+03
-1.17738e+01 -1.91610e+03
-1.17055e+01 -1.93450e+03
-1.16373e+01 -1.91640e+03
-1.15691e+01 -1.73400e+03
-1.15010e+01 -1.70260e+03
-1.14328e+01 -1.62360e+03
-1.13647e+01 -1.43490e+03
-1.12966e+01 -1.30830e+03
-1.12285e+01 -1.65700e+03
-1.11605e+01 -1.49960e+03
-1.10925e+01 -2.66100e+02
-1.10245e+01 -1.29710e+03
-1.09565e+01 -9.83200e+02
-1.08886e+01 -1.80230e+03
-1.08206e+01 -1.63360e+03
-1.07527e+01 -1.28460e+03
-1.06849e+01 -7.62300e+02
-1.06170e+01 -1.20830e+03
-1.05492e+01 -1.06760e+03
-1.04814e+01 -1.46780e+03
-1.04136e+01 -1.01560e+03
-1.03459e+01 -1.03010e+03
-1.02781e+01 -1.33320e+03
-1.02104e+01 -1.50310e+03
-1.01428e+01 -1.00650e+03
-1.00751e+01 -1.38800e+03
-1.00075e+01 -1.00440e+03
-9.93987e+00 -1.50860e+03
-9.87229e+00 -1.17490e+03
-9.80473e+00 -1.54370e+03
-9.73720e+00 -1.48840e+03
-9.66970e+00 -8.80100e+02
-9.60222e+00 -1.00830e+03
-9.53476e+00 -6.75200e+02
-9.46733e+00 -2.29800e+02
-9.39992e+00 -1.73920e+03
-9.33254e+00 -2.38760e+03
-9.26518e+00 -2.03000e+03
-9.19784e+00 -1.59310e+03
-9.13054e+00 -1.48120e+03
-9.06325e+00 -1.48630e+03
-8.99599e+00 -1.77960e+03
-8.92875e+00 -1.32940e+03
-8.86154e+00 -8.65300e+02
-8.79436e+00 -1.00760e+03
-8.72719e+00 -2.05450e+03
-8.66006e+00 -1.81600e+03
-8.59294e+00 -1.49970e+03
-8.52585e+00 -8.56300e+02
-8.45879e+00 -1.40660e+03
-8.39175e+00 -1.00630e+03
-8.32474e+00 -5.07200e+02
-8.25775e+00 -6.66100e+02
-8.19078e+00 -9.23000e+02
-8.12384e+00 -1.60450e+03
-8.05692e+00 -1.65790e+03
-7.99003e+00 -1.00230e+03
-7.92316e+00 -1.88360e+03
-7.85632e+00 -1.31110e+03
-7.78950e+00 -1.79160e+03
-7.72271e+00 -1.66340e+03
-7.65594e+00 -2.21210e+03
-7.58919e+00 -1.72790e+03
-7.52247e+00 -8.74400e+02
-7.45578e+00 -1.04360e+03
-7.38911e+00 -1.44290e+03
-7.32246e+00 -1.39400e+03
-7.25584e+00 -1.01450e+03
-7.18924e+00 -1.26930e+03
-7.12267e+00 -1.40470e+03
-7.05612e+00 -1.75480e+03
-6.98959e+00 -1.47710e+03
-6.92309e+00 -1.23050e+03
-6.85662e+00 -5.20900e+02
-6.79017e+00 -7.69000e+02
-6.72374e+00 -8.82600e+02
-6.65734e+00 -1.26740e+03
-6.59096e+00 -1.35620e+03
-6.52461e+00 -1.05530e+03
-6.45829e+00 -1.83340e+03
-6.39198e+00 -1.22620e+03
-6.32570e+00 -1.34820e+03
-6.25945e+00 -1.61270e+03
-6.19322e+00 -1.00060e+03
-6.12701e+00 -6.76600e+02
-6.06083e+00 -2.30170e+03
-5.99468e+00 -1.83830e+03
-5.92855e+00 -1.72250e+03
-5.86244e+00 -1.13680e+03
-5.79636e+00 -1.31000e+03
-5.73030e+00 -1.48620e+03
-5.66427e+00 -1.61580e+03
-5.59826e+00 -9.68800e+02
-5.53227e+00 -2.15550e+03
-5.46631e+00 -1.77510e+03
-5.40038e+00 -5.88900e+02
-5.33447e+00 -9.97700e+02
-5.26858e+00 -1.47510e+03
-5.20272e+00 -1.62480e+03
-5.13688e+00 -1.75130e+03
-5.07107e+00 -1.73190e+03
-5.00528e+00 -1.47920e+03
-4.93952e+00 -1.36390e+03
-4.87378e+00 -1.60060e+03
-4.80807e+00 -1.91700e+03
-4.74238e+00 -2.29050e+03
-4.67671e+00 -2.16990e+03
-4.61107e+00 -1.60240e+03
-4.54546e+00 -1.35030e+03
-4.47987e+00 -1.53630e+03
-4.41430e+00 -1.86720e+03
-4.34876e+00 -1.91470e+03
-4.28324e+00 -1.70460e+03
-4.21774e+00 -1.82790e+03
-4.15228e+00 -2.40800e+03
-4.08683e+00 -2.49290e+03
-4.02141e+00 -2.56470e+03
-3.95602e+00 -1.78320e+03
-3.89065e+00 -1.90430e+03
-3.82530e+00 -1.96910e+03
-3.75998e+00 -2.18570e+03
-3.69468e+00 -1.39080e+03
-3.62941e+00 -1.97300e+03
-3.56416e+00 -1.56930e+03
-3.49894e+00 -1.37490e+03
-3.43374e+00 -1.68970e+03
-3.36856e+00 -1.20530e+03
-3.30342e+00 -7.08000e+01
-3.23829e+00 -1.02250e+03
-3.17319e+00 -1.38260e+03
-3.10811e+00 -1.59370e+03
-3.04306e+00 -6.93700e+02
-2.97804e+00 -1.30600e+03
-2.91303e+00 -1.09370e+03
-2.84806e+00 -1.55600e+03
-2.78310e+00 -2.09630e+03
-2.71817e+00 -1.55200e+03
-2.65327e+00 -1.62810e+03
-2.58839e+00 -1.47460e+03
-2.52353e+00 -1.53400e+03
-2.45870e+00 -1.27040e+03
-2.39390e+00 -1.38810e+03
-2.32911e+00 -1.39570e+03
-2.26436e+00 -7.53600e+02
-2.19963e+00 -9.18500e+02
-2.13492e+00 -9.78800e+02
-2.07023e+00 -1.86340e+03
-2.00557e+00 -2.18590e+03
-1.94094e+00 -2.34600e+03
-1.87633e+00 -1.30640e+03
-1.81174e+00 -1.06310e+03
-1.74718e+00 -1.03590e+03
-1.68265e+00 -1.51670e+03
-1.61814e+00 -1.54380e+03
-1.55365e+00 -1.93830e+03
-1.48919e+00 -1.16800e+03
-1.42475e+00 -1.60620e+03
-1.36034e+00 -1.62850e+03
-1.29595e+00 -1.31160e+03
-1.23158e+00 -8.79800e+02
-1.16724e+00 -1.53980e+03
-1.10293e+00 -1.29560e+03
-1.03864e+00 -7.35400e+02
-9.74370e-01 -4.10600e+02
-9.10128e-01 -1.11430e+03
-8.45911e-01 -8.94300e+02
-7.81719e-01 -1.09430e+03
-7.17550e-01 -3.81000e+02
-6.53407e-01 3.15000e+02
-5.89288e-01 -1.30500e+02
-5.25194e-01 -7.86200e+02
-4.61124e-01 -7.16300e+02
-3.97078e-01 -3.14900e+02
-3.33057e-01 -4.86800e+02
-2.69061e-01 -4.81900e+02
-2.05089e-01 -6.71400e+02
-1.41142e-01 -5.94300e+02
-7.72200e-02 1.39750e+03
-1.33210e-02 3.02260e+03
5.05520e-02 4.61970e+03
1.14401e-01 4.76160e+03
1.78226e-01 5.05260e+03
2.42026e-01 5.50830e+03
3.05801e-01 4.86490e+03
3.69552e-01 3.95990e+03
4.33278e-01 3.83630e+03
4.96980e-01 5.38650e+03
5.60657e-01 6.86910e+03
6.24310e-01 7.23960e+03
6.87938e-01 9.87060e+03
7.51542e-01 1.49104e+04
8.15121e-01 1.78721e+04
8.78675e-01 2.08544e+04
9.42205e-01 2.37743e+04
1.00571e+00 2.99996e+04
1.06919e+00 3.27090e+04
1.13265e+00 3.41649e+04
1.19608e+00 3.31593e+04
1.25949e+00 3.55024e+04
1.32287e+00 3.45102e+04
1.38623e+00 3.51776e+04
1.44956e+00 3.35077e+04
1.51287e+00 3.48235e+04
1.57615e+00 3.50410e+04
1.63942e+00 3.74240e+04
1.70265e+00 4.25750e+04
1.76586e+00 4.81129e+04
1.82905e+00 4.91918e+04
1.89221e+00 5.02949e+04
1.95535e+00 4.86829e+04
2.01846e+00 5.14999e+04
2.08155e+00 5.20400e+04
2.14461e+00 5.22124e+04
2.20765e+00 4.91314e+04
2.27067e+00 4.42904e+04
2.33366e+00 4.46633e+04
2.39662e+00 5.09013e+04
2.45956e+00 5.37909e+04
2.52248e+00 5.88744e+04
2.58537e+00 6.12087e+04
2.64824e+00 6.75134e+04
2.71108e+00 7.13969e+04
2.77390e+00 7.14284e+04
2.83669e+00 7.87013e+04
2.89946e+00 8.50964e+04
2.96221e+00 9.03850e+04
3.02493e+00 9.65098e+04
3.08762e+00 9.90172e+04
3.15029e+00 1.03190e+05
3.21294e+00 1.03117e+05
3.27556e+00 1.07116e+05
3.33816e+00 1.14702e+05
3.40073e+00 1.17511e+05
3.46328e+00 1.20310e+05
3.52581e+00 1.30687e+05
3.58830e+00 1.40687e+05
3.65078e+00 1.49573e+05
3.71323e+00 1.51863e+05
3.77565e+00 1.53956e+05
3.83806e+00 1.59991e+05
3.90043e+00 1.67403e+05
3.96278e+00 1.75235e+05
4.02511e+00 1.81122e+05
4.08742e+00 1.91804e+05
4.14969e+00 2.04892e+05
4.21195e+00 2.03937e+05
4.27418e+00 2.01540e+05
4.33638e+00 2.03939e+05
4.39856e+00 2.04866e+05
4.46072e+00 2.05026e+05
4.52285e+00 2.06970e+05
4.58495e+00 2.05643e+05
4.64704e+00 1.92129e+05
4.70909e+00 1.84647e+05
4.77113e+00 1.84650e+05
4.83314e+00 1.78139e+05
4.89512e+00 1.67921e+05
4.95708e+00 1.64849e+05
5.01901e+00 1.56707e+05
5.08092e+00 1.49330e+05
5.14281e+00 1.45830e+05
5.20467e+00 1.43835e+05
5.26651e+00 1.40777e+05
5.32832e+00 1.35630e+05
5.39011e+00 1.28839e+05
5.45187e+00 1.32290e+05
5.51361e+00 1.26948e+05
5.57532e+00 1.19529e+05
5.63701e+00 1.15946e+05
5.69868e+00 1.08225e+05
5.76032e+00 1.07610e+05
5.82193e+00 1.02134e+05
5.88352e+00 9.52928e+04
5.94509e+00 9.21126e+04
6.00663e+00 8.86362e+04
6.06815e+00 8.38849e+04
6.12964e+00 8.37211e+04
6.19111e+00 8.12070e+04
6.25256e+00 7.61790e+04
6.31398e+00 7.22021e+04
6.37537e+00 6.95306e+04
6.43674e+00 6.97029e+04
6.49809e+00 6.60423e+04
6.55941e+00 6.10703e+04
6.62071e+00 5.71677e+04
6.68198e+00 5.68852e+04
6.74322e+00 5.57646e+04
6.80445e+00 5.52843e+04
6.86565e+00 5.47668e+04
6.92682e+00 5.65126e+04
6.98797e+00 5.49720e+04
7.04910e+00 5.38873e+04
7.11020e+00 5.08098e+04
7.17127e+00 4.69665e+04
7.23232e+00 4.51496e+04
7.29335e+00 4.62332e+04
7.35435e+00 4.80574e+04
7.41533e+00 4.71205e+04
7.47628e+00 4.41258e+04
7.53721e+00 3.95123e+04
7.59811e+00 4.00640e+04
7.65899e+00 3.98296e+04
7.71985e+00 4.04487e+04
7.78068e+00 3.90105e+04
7.84149e+00 3.79540e+04
7.90227e+00 4.30373e+04
7.96302e+00 4.12410e+04
8.02376e+00 4.01782e+04
8.08446e+00 3.94894e+04
8.14515e+00 3.64100e+04
8.20581e+00 3.51993e+04
8.26644e+00 3.69754e+04
8.32705e+00 3.79126e+04
8.38763e+00 3.84594e+04
8.44820e+00 3.61807e+04
8.50873e+00 3.64823e+04
8.56924e+00 3.40437e+04
8.62973e+00 3.24436e+04
8.69019e+00 3.23926e+04
8.75063e+00 3.37226e+04
8.81104e+00 3.36905e+04
8.87143e+00 3.34819e+04
8.93180e+00 3.25253e+04
8.99213e+00 3.28208e+04
9.05245e+00 3.11443e+04
9.11274e+00 2.83226e+04
9.17301e+00 2.64897e+04
9.23325e+00 2.50959e+04
9.29346e+00 2.65614e+04
9.35366e+00 2.59040e+04
9.41382e+00 2.38635e+04
9.47397e+00 2.41516e+04
9.53409e+00 2.37618e+04
9.59418e+00 2.27304e+04
9.65425e+00 2.15557e+04
9.71430e+00 2.14644e+04
9.77432e+00 1.91036e+04
9.83431e+00 1.99185e+04
9.89428e+00 2.11818e+04
9.95423e+00 2.00342e+04
1.00142e+01 1.97608e+04
1.00741e+01 1.69641e+04
1.01339e+01 1.45490e+04
1.01938e+01 1.45897e+04
1.02536e+01 1.65542e+04
1.03134e+01 1.60650e+04
1.03732e+01 1.38905e+04
1.04329e+01 1.42098e+04
1.04926e+01 1.68263e+04
1.05524e+01 1.89884e+04
1.06120e+01 1.76645e+04
1.06717e+01 1.72728e+04
1.07313e+01 1.46163e+04
1.07909e+01 1.38098e+04
1.08505e+01 1.47589e+04
1.09100e+01 1.39394e+04
1.09696e+01 1.42484e+04
1.10291e+01 1.53990e+04
1.10886e+01 1.45643e+04
1.11480e+01 1.31547e+04
1.12074e+01 1.21887e+04
1.12669e+01 1.42936e+04
1.13262e+01 1.08267e+04
1.13856e+01 1.00483e+04
1.14449e+01 1.27352e+04
1.15042e+01 1.39250e+04
1.15635e+01 1.17247e+04
1.16228e+01 1.20371e+04
1.16820e+01 1.18044e+04
1.17412e+01 1.11750e+04
1.18004e+01 1.15856e+04
1.18596e+01 1.37079e+04
1.19187e+01 1.33459e+04
1.19778e+01 1.05614e+04
1.20369e+01 1.07280e+04
1.20960e+01 1.23279e+04
1.21550e+01 1.29334e+04
1.22140e+01 1.25989e+04
1.22730e+01 1.33607e+04
1.23320e+01 1.23079e+04
1.23909e+01 1.16143e+04
1.24498e+01 1.13609e+04
1.25087e+01 1.11206e+04
1.25676e+01 1.01570e+04
1.26264e+01 8.06060e+03
1.26853e+01 9.88190e+03
1.27441e+01 1.33431e+04
1.28028e+01 1.40137e+04
1.28616e+01 1.42050e+04
1.29203e+01 1.29146e+04
1.29790e+01 1.27930e+04
1.30377e+01 1.30313e+04
1.30963e+01 1.14786e+04
1.31549e+01 1.10259e+04
1.32135e+01 1.13648e+04
1.32721e+01 1.30871e+04
1.33306e+01 1.35814e+04
1.33892e+01 1.27284e+04
1.34477e+01 1.22998e+04
1.35061e+01 1.30335e+04
1.35646e+01 1.49504e+04
1.36230e+01 1.30078e+04
1.36814e+01 1.03966e+04
1.37398e+01 1.03585e+04
1.37981e+01 1.07535e+04
1.38565e+01 1.13805e+04
1.39148e+01 1.38287e+04
1.39731e+01 1.41354e+04
1.40313e+01 1.63588e+04
1.40895e+01 1.44497e+04
1.41477e+01 1.16052e+04
1.42059e+01 1.21749e+04
1.42641e+01 1.37985e+04
1.43222e+01 1.47720e+04
1.43803e+01 1.62918e+04
1.44384e+01 1.56416e+04
1.44964e+01 1.56467e+04
1.45545e+01 1.64409e+04
1.46125e+01 1.83449e+04
1.46705e+01 1.84027e+04
1.47284e+01 1.76897e+04
1.47864e+01 1.74108e+04
1.48443e+01 1.88796e+04
1.49022e+01 1.96503e+04
1.49600e+01 2.06824e+04
1.50179e+01 1.91866e+04
1.50757e+01 1.83567e+04
1.51335e+01 1.82047e+04
1.51912e+01 1.82636e+04
1.52490e+01 1.98070e+04
1.53067e+01 1.68443e+04
1.53644e+01 1.85875e+04
1.54220e+01 2.23844e+04
1.54797e+01 2.05875e+04
1.55373e+01 1.85198e+04
1.55949e+01 1.86952e+04
1.56524e+01 2.01069e+04
1.57100e+01 2.29017e+04
1.57675e+01 2.23764e+04
1.58250e+01 2.24453e+04
1.58825e+01 2.19555e+04
1.59399e+01 2.32086e+04
1.59973e+01 2.60701e+04
1.60547e+01 2.57199e+04
1.61121e+01 2.55076e+04
1.61694e+01 2.60392e+04
1.62268e+01 2.48693e+04
1.62841e+01 2.70855e+04
1.63413e+01 2.80226e+04
1.63986e+01 2.85355e+04
1.64558e+01 2.85445e+04
1.65130e+01 2.86805e+04
1.65702e+01 2.80068e+04
1.66273e+01 3.23529e+04
1.66844e+01 3.28633e+04
1.67415e+01 3.41972e+04
1.67986e+01 3.50394e+04
1.68557e+01 3.40967e+04
1.69127e+01 3.47858e+04
1.69697e+01 3.63772e+04
1.70267e+01 3.38856e+04
1.70836e+01 3.51678e+04
1.71406e+01 3.71559e+04
1.71975e+01 4.07707e+04
1.72543e+01 4.19510e+04
1.73112e+01 4.10701e+04
1.73680e+01 4.04636e+04
1.74248e+01 4.10941e+04
1.74816e+01 4.12857e+04
1.75384e+01 4.31546e+04
1.75951e+01 4.11504e+04
1.76518e+01 4.21623e+04
1.77085e+01 4.63621e+04
1.77651e+01 4.71317e+04
1.78218e+01 4.89959e+04
1.78784e+01 4.86599e+04
1.79350e+01 5.11498e+04
1.79915e+01 5.59672e+04
1.80481e+01 5.50044e+04
1.81046e+01 5.53348e+04
1.81611e+01 5.53632e+04
1.82175e+01 5.69677e+04
1.82740e+01 5.97016e+04
1.83304e+01 6.09531e+04
1.83868e+01 6.31439e+04
1.84431e+01 6.50220e+04
1.84995e+01 6.57418e+04
1.85558e+01 6.79663e+04
1.86121e+01 7.06931e+04
1.86683e+01 6.84471e+04
1.87246e+01 7.39126e+04
1.87808e+01 7.53734e+04
1.88370e+01 7.51672e+04
1.88932e+01 7.39541e+04
1.89493e+01 7.44914e+04
1.90054e+01 7.77380e+04
1.90615e+01 8.12458e+04
1.91176e+01 8.41804e+04
1.91736e+01 8.76427e+04
1.92297e+01 8.91652e+04
1.92856e+01 9.01630e+04
1.93416e+01 9.44408e+04
1.93976e+01 9.81688e+04
1.94535e+01 1.02229e+05
1.95094e+01 1.02138e+05
1.95653e+01 1.05203e+05
1.96211e+01 1.08777e+05
1.96769e+01 1.14846e+05
1.97327e+01 1.19142e+05
1.97885e+01 1.25387e+05
1.98443e+01 1.26969e+05
1.99000e+01 1.29117e+05
1.99557e+01 1.35109e+05
2.00114e+01 1.42684e+05
2.00670e+01 1.46025e+05
2.01226e+01 1.53514e+05
2.01782e+01 1.54077e+05
2.02338e+01 1.57587e+05
2.02894e+01 1.69263e+05
2.03449e+01 1.82838e+05
2.04004e+01 1.90366e+05
2.04559e+01 1.96882e+05
2.05113e+01 2.00992e+05
2.05668e+01 2.12049e+05
2.06222e+01 2.23127e+05
2.06776e+01 2.32976e+05
2.07329e+01 2.41649e+05
2.07883e+01 2.50625e+05
2.08436e+01 2.60308e+05
2.08989e+01 2.72851e+05
2.09541e+01 2.82485e+05
2.10093e+01 2.77342e+05
2.10646e+01 2.73401e+05
2.11197e+01 2.77016e+05
2.11749e+01 2.68507e+05
2.12300e+01 2.66509e+05
2.12852e+01 2.58517e+05
2.13402e+01 2.36849e+05
2.13953e+01 2.22778e+05
2.14503e+01 2.14691e+05
2.15054e+01 2.01063e+05
2.15603e+01 1.86892e+05
2.16153e+01 1.70916e+05
2.16703e+01 1.54347e+05
2.17252e+01 1.41005e+05
2.17801e+01 1.23653e+05
2.18349e+01 1.10537e+05
2.18898e+01 9.50192e+04
2.19446e+01 8.68627e+04
2.19994e+01 8.22500e+04
2.20541e+01 7.73165e+04
2.21089e+01 7.02302e+04
2.21636e+01 6.41034e+04
2.22183e+01 6.50399e+04
2.22730e+01 6.74300e+04
2.23276e+01 6.19100e+04
2.23822e+01 5.90889e+04
2.24368e+01 5.88971e+04
2.24914e+01 5.60676e+04
2.25460e+01 5.49366e+04
2.26005e+01 5.67202e+04
2.26550e+01 5.65492e+04
2.27095e+01 5.58741e+04
2.27639e+01 5.78451e+04
2.28183e+01 6.14493e+04
2.28727e+01 6.63231e+04
2.29271e+01 6.57979e+04
2.29815e+01 6.26815e+04
2.30358e+01 6.34086e+04
2.30901e+01 6.85009e+04
2.31444e+01 6.89666e+04
2.31986e+01 6.68420e+04
2.32529e+01 7.18211e+04
2.33071e+01 7.59701e+04
2.33612e+01 7.93518e+04
2.34154e+01 7.74842e+04
2.34695e+01 7.53576e+04
2.35236e+01 7.03496e+04
2.35777e+01 7.45722e+04
2.36318e+01 7.92002e+04
2.36858e+01 7.86380e+04
2.37398e+01 7.67766e+04
2.37938e+01 7.55084e+04
2.38478e+01 7.85782e+04
2.39017e+01 8.01390e+04
2.39556e+01 7.49392e+04
2.40095e+01 7.59950e+04
2.40633e+01 8.20141e+04
2.41172e+01 8.79725e+04
2.41710e+01 8.33305e+04
2.42248e+01 8.16882e+04
2.42785e+01 8.16953e+04
2.43323e+01 8.36844e+04
2.43860e+01 8.58241e+04
2.44397e+01 8.23830e+04
2.44933e+01 7.78906e+04
2.45470e+01 7.95156e+04
2.46006e+01 8.06937e+04
2.46542e+01 7.98696e+04
2.47078e+01 8.00405e+04
2.47613e+01 8.23830e+04
2.48148e+01 8.44339e+04
2.48683e+01 8.08434e+04
2.49218e+01 8.05351e+04
2.49752e+01 7.59537e+04
2.50286e+01 7.66042e+04
2.50820e+01 7.88387e+04
2.51354e+01 7.84016e+04
2.51887e+01 7.62591e+04
2.52421e+01 7.44690e+04
2.52954e+01 7.90717e+04
2.53486e+01 7.76608e+04
2.54019e+01 7.44168e+04
2.54551e+01 7.63071e+04
2.55083e+01 7.84144e+04
2.55615e+01 7.46062e+04
2.56146e+01 6.89220e+04
2.56678e+01 6.86337e+04
2.57209e+01 6.99174e+04
2.57739e+01 6.95186e+04
2.58270e+01 7.35279e+04
2.58800e+01 7.00369e+04
2.59330e+01 7.08794e+04
2.59860e+01 7.02041e+04
2.60389e+01 6.49006e+04
2.60919e+01 6.41919e+04
2.61448e+01 6.06311e+04
2.61976e+01 6.04526e+04
2.62505e+01 5.85818e+04
2.63033e+01 5.55596e+04
2.63561e+01 5.51556e+04
2.64089e+01 5.57735e+04
2.64617e+01 5.48243e+04
2.65144e+01 5.08276e+04
2.65671e+01 4.87655e+04
2.66198e+01 4.82229e+04
2.66725e+01 4.71965e+04
2.67251e+01 4.67220e+04
2.67777e+01 4.63863e+04
2.68303e+01 4.52158e+04
2.68828e+01 4.89285e+04
2.69354e+01 4.63904e+04
2.69879e+01 4.19110e+04
2.70404e+01 3.89570e+04
2.70928e+01 3.79646e+04
2.71453e+01 4.22947e+04
2.71977e+01 4.13301e+04
2.72501e+01 3.93111e+04
2.73024e+01 3.53761e+04
2.73548e+01 3.47076e+04
2.74071e+01 3.32265e+04
2.74594e+01 3.04527e+04
2.75116e+01 3.10882e+04
2.75639e+01 3.03988e+04
2.76161e+01 3.06715e+04
2.76683e+01 3.17946e+04
2.77205e+01 3.19732e+04
2.77726e+01 3.13848e+04
2.78247e+01 2.95523e+04
2.78768e+01 3.15664e+04
2.79289e+01 3.02019e+04
2.79809e+01 2.74334e+04
2.80330e+01 2.72270e+04
2.80849e+01 2.76421e+04
2.81369e+01 2.75204e+04
2.81889e+01 2.51173e+04
2.82408e+01 2.35326e+04
2.82927e+01 2.19788e+04
2.83446e+01 2.19231e+04
2.83964e+01 2.42406e+04
2.84482e+01 2.19610e+04
2.85000e+01 2.11346e+04
2.85518e+01 2.00045e+04
2.86036e+01 2.07681e+04
2.86553e+01 1.94250e+04
2.87070e+01 2.03566e+04
2.87587e+01 2.11305e+04
2.88103e+01 1.94417e+04
2.88619e+01 1.95191e+04
2.89135e+01 1.75467e+04
2.89651e+01 1.71816e+04
2.90167e+01 1.55096e+04
2.90682e+01 1.54820e+04
2.91197e+01 1.63891e+04
2.91712e+01 1.61177e+04
2.92226e+01 1.79691e+04
2.92741e+01 1.94072e+04
2.93255e+01 2.01383e+04
2.93769e+01 1.66143e+04
2.94282e+01 1.37647e+04
2.94796e+01 1.37501e+04
2.95309e+01 1.45500e+04
2.95821e+01 1.58644e+04
2.96334e+01 1.45587e+04
2.96846e+01 1.40915e+04
2.97358e+01 1.60643e+04
2.97870e+01 1.70138e+04
2.98382e+01 1.49717e+04
2.98893e+01 1.32638e+04
2.99404e+01 1.27805e+04
2.99915e+01 1.29166e+04
3.00426e+01 1.17532e+04
3.00936e+01 1.30601e+04
3.01446e+01 1.46515e+04
3.01956e+01 1.32294e+04
3.02466e+01 1.32567e+04
3.02975e+01 1.35084e+04
3.03485e+01 1.19641e+04
3.03993e+01 1.11029e+04
3.04502e+01 1.30856e+04
3.05011e+01 1.19200e+04
3.05519e+01 1.13857e+04
3.06027e+01 1.24687e+04
3.06534e+01 1.13720e+04
3.07042e+01 1.27285e+04
3.07549e+01 1.30184e+04
3.08056e+01 1.14239e+04
3.08563e+01 1.16925e+04
3.09069e+01 1.01893e+04
3.09575e+01 1.02945e+04
3.10081e+01 1.04873e+04
3.10587e+01 1.18514e+04
3.11092e+01 1.06566e+04
3.11598e+01 9.82930e+03
3.12103e+01 9.65690e+03
3.12607e+01 1.01746e+04
3.13112e+01 1.04731e+04
3.13616e+01 1.08034e+04
3.14120e+01 1.04536e+04
3.14624e+01 9.82430e+03
3.15127e+01 1.04436e+04
3.15631e+01 1.30426e+04
3.16134e+01 1.14416e+04
3.16637e+01 1.04743e+04
3.17139e+01 7.85860e+03
3.17641e+01 8.60210e+03
3.18143e+01 8.09690e+03
3.18645e+01 8.20510e+03
3.19147e+01 7.61250e+03
3.19648e+01 1.05539e+04
3.20149e+01 8.75390e+03
3.20650e+01 7.59290e+03
3.21150e+01 9.15510e+03
3.21651e+01 9.93670e+03
3.22151e+01 1.03818e+04
3.22651e+01 1.03605e+04
3.23150e+01 7.61910e+03
3.23650e+01 7.60810e+03
3.24149e+01 8.25080e+03
3.24648e+01 9.42770e+03
3.25146e+01 8.27830e+03
3.25645e+01 8.47400e+03
3.26143e+01 1.07106e+04
3.26641e+01 1.00887e+04
3.27138e+01 9.99410e+03
3.27636e+01 1.13483e+04
3.28133e+01 1.05329e+04
3.28630e+01 8.69400e+03
3.29126e+01 8.15360e+03
3.29623e+01 8.22440e+03
3.30119e+01 9.69270e+03
3.30615e+01 8.89080e+03
3.31110e+01 7.62780e+03
3.31606e+01 6.85890e+03
3.32101e+01 7.90820e+03
3.32596e+01 8.73070e+03
3.33090e+01 9.20780e+03
3.33585e+01 9.08940e+03
3.34079e+01 9.38890e+03
3.34573e+01 9.30850e+03
3.35067e+01 7.17620e+03
3.35560e+01 7.10270e+03
3.36053e+01 8.80290e+03
3.36546e+01 6.93110e+03
3.37039e+01 6.97520e+03
3.37532e+01 6.75010e+03
3.38024e+01 7.28260e+03
3.38516e+01 6.93940e+03
3.39007e+01 7.78280e+03
3.39499e+01 8.32870e+03
3.39990e+01 8.37810e+03
3.40481e+01 7.38290e+03
3.40972e+01 8.61200e+03
3.41462e+01 8.26730e+03
3.41953e+01 8.01690e+03
3.42443e+01 8.34880e+03
3.42933e+01 9.37270e+03
3.43422e+01 9.00660e+03
3.43911e+01 7.31390e+03
3.44400e+01 7.76160e+03
3.44889e+01 8.44020e+03
3.45378e+01 6.68670e+03
3.45866e+01 7.22480e+03
3.46354e+01 7.99510e+03
3.46842e+01 1.00015e+04
3.47329e+01 8.52730e+03
3.47817e+01 5.80490e+03
3.48304e+01 6.84960e+03
3.48791e+01 8.48000e+03
3.49277e+01 7.89710e+03
3.49764e+01 7.83560e+03
3.50250e+01 9.46080e+03
3.50735e+01 9.68330e+03
3.51221e+01 7.56460e+03
3.51706e+01 6.41250e+03
3.52192e+01 6.57130e+03
3.52676e+01 7.21340e+03
3.53161e+01 8.17150e+03
3.53645e+01 7.36530e+03
3.54129e+01 8.62530e+03
3.54613e+01 7.10840e+03
3.55097e+01 6.74300e+03
3.55580e+01 7.59360e+03
3.56064e+01 8.20870e+03
3.56546e+01 9.12040e+03
3.57029e+01 8.16720e+03
3.57512e+01 6.85720e+03
3.57994e+01 7.86890e+03
3.58476e+01 8.14630e+03
3.58957e+01 6.68410e+03
3.59439e+01 6.39140e+03
3.59920e+01 6.36010e+03
3.60401e+01 6.54790e+03
3.60881e+01 7.32780e+03
3.61362e+01 7.51160e+03
3.61842e+01 7.55110e+03
3.62322e+01 6.46310e+03
3.62802e+01 5.96610e+03
3.63281e+01 6.13570e+03
3.63760e+01 6.52660e+03
3.64239e+01 5.79510e+03
3.64718e+01 6.24590e+03
3.65197e+01 6.99590e+03
3.65675e+01 8.07640e+03
3.66153e+01 6.71930e+03
3.66631e+01 6.54280e+03
3.67108e+01 8.35810e+03
3.67585e+01 9.07830e+03
3.68062e+01 7.72320e+03
3.68539e+01 6.25560e+03
3.69016e+01 5.39230e+03
3.69492e+01 6.06960e+03
3.69968e+01 6.29340e+03
3.70444e+01 7.28490e+03
3.70919e+01 8.44550e+03
3.71395e+01 8.64140e+03
3.71870e+01 7.75450e+03
3.72344e+01 6.23560e+03
3.72819e+01 6.86450e+03
3.73293e+01 7.80720e+03
3.73767e+01 7.16040e+03
3.74241e+01 6.96480e+03
3.74715e+01 8.01300e+03
3.75188e+01 6.68200e+03
3.75661e+01 6.93220e+03
3.76134e+01 7.71350e+03
3.76607e+01 7.25810e+03
3.77079e+01 8.30550e+03
3.77551e+01 8.76820e+03
3.78023e+01 8.84810e+03
3.78494e+01 7.60940e+03
3.78966e+01 8.05360e+03
3.79437e+01 9.45440e+03
3.79908e+01 1.02994e+04
3.80378e+01 1.03049e+04
3.80849e+01 1.08131e+04
3.81319e+01 1.22408e+04
3.81789e+01 1.20044e+04
3.82259e+01 1.21761e+04
3.82728e+01 1.14932e+04
3.83197e+01 1.11974e+04
3.83666e+01 1.10857e+04
3.84135e+01 1.25867e+04
3.84603e+01 1.32492e+04
3.85071e+01 1.19741e+04
3.85539e+01 1.20440e+04
3.86007e+01 1.12519e+04
3.86474e+01 1.02956e+04
3.86941e+01 1.09579e+04
3.87408e+01 1.23420e+04
3.87875e+01 1.31509e+04
3.88342e+01 1.26040e+04
3.88808e+01 1.28979e+04
3.89274e+01 1.18458e+04
3.89739e+01 1.01449e+04
3.90205e+01 1.02950e+04
3.90670e+01 1.07727e+04
3.91135e+01 1.06053e+04
3.91600e+01 9.78950e+03
3.92064e+01 1.03689e+04
3.92529e+01 9.43550e+03
3.92993e+01 9.01730e+03
3.93456e+01 9.56660e+03
3.93920e+01 1.15532e+04
3.94383e+01 1.11079e+04
3.94846e+01 9.34520e+03
3.95309e+01 9.64120e+03
3.95772e+01 1.00942e+04
3.96234e+01 1.00285e+04
3.96696e+01 1.04518e+04
3.97158e+01 1.07962e+04
3.97619e+01 1.19863e+04
3.98080e+01 1.18282e+04
3.98542e+01 1.16869e+04
3.99002e+01 1.13736e+04
3.99463e+01 9.91880e+03
3.99923e+01 9.88200e+03
4.00383e+01 9.62770e+03
4.00843e+01 1.04449e+04
4.01303e+01 1.08749e+04
4.01762e+01 9.96120e+03
4.02221e+01 9.45000e+03
4.02680e+01 9.48280e+03
4.03139e+01 8.88980e+03
4.03597e+01 8.78210e+03
4.04055e+01 9.11860e+03
4.04513e+01 9.68510e+03
4.04971e+01 9.03750e+03
4.05428e+01 1.00387e+04
4.05885e+01 1.21748e+04
4.06342e+01 1.02076e+04
4.06799e+01 1.02296e+04
4.07255e+01 1.02340e+04
4.07711e+01 1.09514e+04
4.08167e+01 1.10177e+04
4.08623e+01 9.80440e+03
4.09078e+01 9.81890e+03
4.09533e+01 1.01315e+04
4.09988e+01 1.12524e+04
4.10443e+01 1.26891e+04
4.10897e+01 9.24810e+03
4.11351e+01 9.43820e+03
4.11805e+01 9.25420e+03
4.12259e+01 8.02310e+03
4.12713e+01 8.47360e+03
4.13166e+01 9.85600e+03
4.13619e+01 1.12240e+04
4.14071e+01 1.05863e+04
4.14524e+01 8.91500e+03
4.14976e+01 1.03895e+04
4.15428e+01 1.17421e+04
4.15880e+01 1.08496e+04
4.16331e+01 1.07999e+04
4.16783e+01 1.10122e+04
4.17234e+01 9.38900e+03
4.17684e+01 7.58810e+03
4.18135e+01 8.37110e+03
4.18585e+01 8.76370e+03
4.19035e+01 8.36530e+03
4.19485e+01 8.15460e+03
4.19934e+01 1.00881e+04
4.20384e+01 9.08730e+03
4.20833e+01 8.64390e+03
4.21281e+01 7.89330e+03
4.21730e+01 8.42670e+03
4.22178e+01 9.51790e+03
4.22626e+01 8.85600e+03
4.23074e+01 8.93410e+03
4.23522e+01 9.08400e+03
4.23969e+01 1.12720e+04
4.24416e+01 1.10404e+04
4.24863e+01 1.19453e+04
4.25309e+01 1.26599e+04
4.25756e+01 1.09604e+04
4.26202e+01 9.72730e+03
4.26648e+01 1.03819e+04
4.27093e+01 9.37760e+03
4.27539e+01 9.39050e+03
4.27984e+01 8.64730e+03
4.28429e+01 8.30130e+03
4.28873e+01 9.61710e+03
4.29318e+01 9.76890e+03
4.29762e+01 6.99670e+03
4.30206e+01 6.64400e+03
4.30649e+01 7.76060e+03
4.31093e+01 9.37550e+03
4.31536e+01 9.32990e+03
4.31979e+01 9.45180e+03
4.32421e+01 7.82180e+03
4.32864e+01 6.94590e+03
4.33306e+01 8.05910e+03
4.33748e+01 9.43000e+03
4.34189e+01 8.43960e+03
4.34631e+01 7.62260e+03
4.35072e+01 7.90030e+03
4.35513e+01 8.33710e+03
4.35954e+01 8.20690e+03
4.36394e+01 8.82750e+03
4.36834e+01 9.20770e+03
4.37274e+01 8.08960e+03
4.37714e+01 8.28380e+03
4.38153e+01 7.48770e+03
4.38593e+01 9.10880e+03
4.39032e+01 1.17136e+04
4.39470e+01 1.15493e+04
4.39909e+01 1.19652e+04
4.40347e+01 1.21479e+04
4.40785e+01 9.77970e+03
4.41223e+01 1.02794e+04
4.41660e+01 1.09008e+04
4.42098e+01 1.06813e+04
4.42535e+01 9.75340e+03
4.42971e+01 9.63920e+03
4.43408e+01 9.85650e+03
4.43844e+01 1.11460e+04
4.44280e+01 1.10917e+04
4.44716e+01 1.10552e+04
4.45151e+01 1.09555e+04
4.45587e+01 1.13564e+04
4.46022e+01 1.06030e+04
4.46457e+01 1.15159e+04
4.46891e+01 1.06728e+04
4.47325e+01 9.34970e+03
4.47760e+01 1.02110e+04
4.48193e+01 1.26826e+04
4.48627e+01 1.12985e+04
4.49060e+01 1.04177e+04
4.49493e+01 1.01988e+04
4.49926e+01 1.17108e+04
4.50359e+01 1.24451e+04
4.50791e+01 1.02459e+04
4.51223e+01 1.00487e+04
4.51655e+01 1.06685e+04
4.52087e+01 1.25070e+04
4.52518e+01 1.04138e+04
4.52949e+01 9.47400e+03
4.53380e+01 1.02669e+04
4.53811e+01 1.06222e+04
4.54241e+01 1.12216e+04
4.54671e+01 1.14173e+04
4.55101e+01 9.89620e+03
4.55531e+01 6.91860e+03
4.55960e+01 8.05960e+03
4.56389e+01 6.53600e+03
4.56818e+01 8.21480e+03
4.57247e+01 9.41840e+03
4.57675e+01 8.76810e+03
4.58103e+01 9.71910e+03
4.58531e+01 8.36340e+03
4.58959e+01 8.39870e+03
4.59386e+01 9.80010e+03
4.59814e+01 1.08697e+04
4.60241e+01 1.14136e+04
4.60667e+01 1.09402e+04
4.61094e+01 9.13010e+03
4.61520e+01 8.07110e+03
4.61946e+01 9.56180e+03
4.62372e+01 8.07550e+03
4.62797e+01 7.98180e+03
4.63222e+01 8.08310e+03
4.63647e+01 9.17360e+03
4.64072e+01 9.22790e+03
4.64496e+01 8.04360e+03
4.64921e+01 7.50480e+03
4.65345e+01 7.35850e+03
4.65768e+01 7.62520e+03
4.66192e+01 7.18410e+03
4.66615e+01 7.89540e+03
4.67038e+01 6.67830e+03
4.67461e+01 8.48180e+03
4.67884e+01 8.33870e+03
4.68306e+01 8.55380e+03
4.68728e+01 7.18860e+03
4.69150e+01 6.36860e+03
4.69571e+01 8.86720e+03
4.69993e+01 8.75890e+03
4.70414e+01 6.38230e+03
4.70834e+01 7.22300e+03
4.71255e+01 6.64260e+03
4.71675e+01 5.54490e+03
4.72095e+01 3.92480e+03
4.72515e+01 4.75930e+03
4.72935e+01 6.66280e+03
4.73354e+01 6.12100e+03
4.73773e+01 4.43860e+03
4.74192e+01 3.62100e+03
4.74611e+01 2.94060e+03
4.75029e+01 3.25570e+03
4.75447e+01 3.67100e+03
4.75865e+01 4.32870e+03
4.76283e+01 3.71090e+03
4.76700e+01 4.75930e+03
4.77117e+01 5.45580e+03
4.77534e+01 4.37840e+03
4.77951e+01 5.07370e+03
4.78367e+01 5.52670e+03
4.78783e+01 4.60590e+03
4.79199e+01 4.30450e+03
4.79615e+01 1.68390e+03
4.80030e+01 2.95210e+03
4.80445e+01 4.09450e+03
4.80860e+01 5.33970e+03
4.81275e+01 3.59480e+03
4.81689e+01 3.74690e+03
4.82103e+01 3.73650e+03
4.82517e+01 3.42030e+03
4.82931e+01 3.74090e+03
4.83345e+01 4.03500e+03
4.83758e+01 3.91530e+03
4.84171e+01 3.98600e+03
4.84583e+01 3.98770e+03
4.84996e+01 3.66160e+03
4.85408e+01 3.14300e+03
4.85820e+01 2.57380e+03
4.86232e+01 2.93440e+03
4.86643e+01 3.52050e+03
4.87054e+01 3.34560e+03
4.87465e+01 2.58750e+03
4.87876e+01 2.91860e+03
4.88287e+01 2.78280e+03
4.88697e+01 2.39530e+03
4.89107e+01 2.19540e+03
4.89517e+01 4.35170e+03
4.89926e+01 3.44450e+03
4.90336e+01 2.14380e+03
4.90745e+01 2.98470e+03
4.91153e+01 4.94760e+03
4.91562e+01 4.27770e+03
4.91970e+01 3.09210e+03
4.92378e+01 2.85140e+03
4.92786e+01 2.99910e+03
4.93194e+01 3.21850e+03
4.93601e+01 3.72050e+03
4.94008e+01 3.89990e+03
4.94415e+01 2.46290e+03
4.94821e+01 1.04610e+03
4.95228e+01 8.56600e+02
4.95634e+01 3.94790e+03
4.96040e+01 4.58430e+03
4.96445e+01 3.91200e+03
4.96851e+01 3.55810e+03
4.97256e+01 3.98770e+03
4.97661e+01 4.03420e+03
4.98065e+01 3.36880e+03
4.98470e+01 5.13940e+03
4.98874e+01 4.50390e+03
4.99278e+01 4.02970e+03
4.99681e+01 2.58850e+03
5.00085e+01 2.69170e+03
5.00488e+01 3.69840e+03
5.00891e+01 2.99190e+03
5.01293e+01 3.82600e+03
5.01696e+01 4.80210e+03
5.02098e+01 5.35970e+03
5.02500e+01 3.53470e+03
5.02901e+01 3.75220e+03
5.03303e+01 4.76320e+03
5.03704e+01 4.78770e+03
5.04105e+01 5.73650e+03
5.04506e+01 4.76730e+03
5.04906e+01 5.12340e+03
5.05306e+01 5.06260e+03
5.05706e+01 3.94620e+03
5.06106e+01 4.35610e+03
5.06505e+01 5.47510e+03
5.06905e+01 5.44330e+03
5.07303e+01 4.61740e+03
5.07702e+01 5.21350e+03
5.08101e+01 5.70670e+03
5.08499e+01 6.24620e+03
5.08897e+01 5.74810e+03
5.09295e+01 4.00990e+03
5.09692e+01 3.72300e+03
5.10089e+01 4.37360e+03
5.10486e+01 5.80440e+03
5.10883e+01 4.55440e+03
5.11280e+01 4.24380e+03
5.11676e+01 4.34670e+03
5.12072e+01 4.29750e+03
5.12468e+01 3.91650e+03
5.12863e+01 4.37190e+03
5.13259e+01 4.26110e+03
5.13654e+01 3.55870e+03
5.14048e+01 4.67040e+03
5.14443e+01 5.50080e+03
5.14837e+01 5.13390e+03
5.15231e+01 3.63560e+03
5.15625e+01 3.74500e+03
5.16019e+01 3.42570e+03
5.16412e+01 3.85620e+03
5.16805e+01 3.77060e+03
5.17198e+01 4.16250e+03
5.17590e+01 4.82380e+03
5.17983e+01 4.37010e+03
5.18375e+01 3.77060e+03
5.18767e+01 3.89970e+03
5.19158e+01 4.36620e+03
5.19550e+01 3.99940e+03
5.19941e+01 5.45210e+03
5.20332e+01 4.27260e+03
5.20722e+01 3.55570e+03
5.21113e+01 2.65900e+03
5.21503e+01 3.84140e+03
5.21893e+01 5.74450e+03
5.22282e+01 4.43010e+03
5.22672e+01 3.13430e+03
5.23061e+01 3.71100e+03
5.23450e+01 4.20790e+03
5.23839e+01 2.81040e+03
5.24227e+01 1.49350e+03
5.24615e+01 2.25510e+03
5.25003e+01 2.68990e+03
5.25391e+01 3.69640e+03
5.25778e+01 3.92060e+03
5.26165e+01 3.42200e+03
5.26552e+01 3.73960e+03
5.26939e+01 6.34540e+03
5.27325e+01 6.01190e+03
5.27712e+01 6.14070e+03
5.28098e+01 4.97420e+03
5.28483e+01 5.53590e+03
5.28869e+01 4.42530e+03
5.29254e+01 4.71690e+03
5.29639e+01 3.77250e+03
5.30024e+01 3.56830e+03
5.30408e+01 3.61550e+03
5.30792e+01 5.26160e+03
5.31176e+01 5.40310e+03
5.31560e+01 5.26560e+03
5.31944e+01 3.23140e+03
5.32327e+01 2.76330e+03
5.32710e+01 3.05460e+03
5.33093e+01 3.64550e+03
5.33475e+01 3.20950e+03
5.33858e+01 3.58280e+03
5.34240e+01 2.98880e+03
5.34621e+01 4.19700e+03
5.35003e+01 5.02390e+03
5.35384e+01 4.57950e+03
5.35765e+01 3.33230e+03
5.36146e+01 2.93370e+03
5.36527e+01 4.54330e+03
5.36907e+01 7.28370e+03
5.37287e+01 5.71270e+03
5.37667e+01 3.83420e+03
5.38046e+01 3.76140e+03
5.38426e+01 3.40250e+03
5.38805e+01 4.30140e+03
5.39184e+01 6.28790e+03
5.39562e+01 6.11930e+03
5.39941e+01 3.95620e+03
5.40319e+01 4.14700e+03
5.40697e+01 3.87210e+03
5.41074e+01 3.06340e+03
5.41452e+01 2.79760e+03
5.41829e+01 3.83640e+03
5.42206e+01 2.79720e+03
5.42582e+01 3.16790e+03
5.42959e+01 2.63610e+03
5.43335e+01 3.08370e+03
5.43711e+01 2.54160e+03
5.44086e+01 2.72120e+03
5.44462e+01 4.71010e+03
5.44837e+01 4.89170e+03
5.45212e+01 3.73490e+03
5.45586e+01 5.08500e+03
5.45961e+01 4.14550e+03
5.46335e+01 2.45330e+03
5.46709e+01 1.11960e+03
5.47083e+01 2.86340e+03
5.47456e+01 4.56470e+03
5.47829e+01 3.56300e+03
5.48202e+01 4.06880e+03
5.48575e+01 4.07890e+03
5.48947e+01 3.79020e+03
5.49320e+01 4.28320e+03
5.49692e+01 3.84530e+03
5.50063e+01 3.40770e+03
5.50435e+01 3.24230e+03
5.50806e+01 2.45470e+03
5.51177e+01 3.49380e+03
5.51548e+01 4.27730e+03
5.51918e+01 3.58690e+03
5.52289e+01 3.17430e+03
5.52659e+01 3.04730e+03
5.53028e+01 2.24770e+03
5.53398e+01 3.74790e+03
5.53767e+01 4.36090e+03
5.54136e+01 4.39580e+03
5.54505e+01 2.77900e+03
5.54873e+01 1.79270e+03
5.55242e+01 3.14740e+03
5.55610e+01 2.52240e+03
5.55978e+01 2.35750e+03
5.56345e+01 2.31400e+03
5.56712e+01 1.95710e+03
5.57080e+01 3.00920e+03
5.57446e+01 3.65690e+03
5.57813e+01 2.30100e+03
5.58179e+01 2.28520e+03
5.58545e+01 3.60010e+03
5.58911e+01 4.00270e+03
5.59277e+01 2.62010e+03
5.59642e+01 2.50690e+03
5.60007e+01 2.40480e+03
5.60372e+01 2.26550e+03
5.60737e+01 4.38600e+02
5.61101e+01 1.15990e+03
5.61465e+01 2.70300e+03
5.61829e+01 4.87370e+03
5.62193e+01 4.47760e+03
5.62556e+01 3.30520e+03
5.62919e+01 2.21120e+03
5.63282e+01 1.42080e+03
5.63645e+01 9.32600e+02
5.64007e+01 1.48930e+03
5.64369e+01 1.60440e+03
5.64731e+01 1.78330e+03
5.65093e+01 3.39730e+03
5.65454e+01 3.76690e+03
5.65815e+01 3.05350e+03
5.66176e+01 1.44380e+03
5.66537e+01 9.98800e+02
5.66897e+01 2.85760e+03
5.67258e+01 2.88110e+03
5.67618e+01 2.46930e+03
5.67977e+01 2.46300e+03
5.68337e+01 1.78230e+03
5.68696e+01 2.22350e+03
5.69055e+01 2.61340e+03
5.69414e+01 1.62140e+03
5.69772e+01 1.40890e+03
5.70130e+01 1.87280e+03
5.70488e+01 3.32780e+03
5.70846e+01 3.75080e+03
5.71204e+01 3.25840e+03
5.71561e+01 2.03940e+03
5.71918e+01 2.94700e+03
5.72275e+01 2.85460e+03
5.72631e+01 2.51070e+03
5.72987e+01 3.85260e+03
5.73343e+01 4.13790e+03
5.73699e+01 3.75090e+03
5.74055e+01 3.44950e+03
5.74410e+01 3.96680e+03
5.74765e+01 3.81780e+03
5.75120e+01 2.57080e+03
5.75474e+01 1.19710e+03
5.75829e+01 2.21990e+03
5.76183e+01 2.66430e+03
5.76537e+01 3.47050e+03
5.76890e+01 4.29390e+03
5.77243e+01 3.80600e+03
5.77596e+01 3.12840e+03
5.77949e+01 3.95140e+03
5.78302e+01 3.49760e+03
5.78654e+01 2.31470e+03
5.79006e+01 2.46990e+03
5.79358e+01 2.31500e+03
5.79710e+01 3.27360e+03
5.80061e+01 2.81360e+03
5.80412e+01 3.26140e+03
5.80763e+01 2.94170e+03
5.81114e+01 3.44360e+03
5.81464e+01 3.36840e+03
5.81814e+01 4.21040e+03
5.82164e+01 3.97350e+03
5.82514e+01 4.27910e+03
5.82863e+01 3.93370e+03
5.83212e+01 4.41190e+03
5.83561e+01 4.38120e+03
5.83910e+01 5.31360e+03
5.84258e+01 5.97350e+03
5.84606e+01 5.24340e+03
5.84954e+01 4.53240e+03
5.85302e+01 5.26170e+03
5.85649e+01 5.91340e+03
5.85997e+01 6.60700e+03
5.86344e+01 7.25230e+03
5.86690e+01 7.71100e+03
5.87037e+01 7.20030e+03
5.87383e+01 5.93240e+03
5.87729e+01 4.93530e+03
5.88075e+01 4.82380e+03
5.88420e+01 5.01770e+03
5.88765e+01 6.23490e+03
5.89110e+01 7.32480e+03
5.89455e+01 9.13070e+03
5.89799e+01 8.45140e+03
5.90144e+01 8.53430e+03
5.90488e+01 9.02850e+03
5.90831e+01 8.42660e+03
5.91175e+01 9.04500e+03
5.91518e+01 7.55960e+03
5.91861e+01 9.39270e+03
5.92204e+01 7.69930e+03
5.92547e+01 7.71400e+03
5.92889e+01 8.17290e+03
5.93231e+01 1.00632e+04
5.93573e+01 8.93350e+03
5.93914e+01 9.09500e+03
5.94255e+01 1.06086e+04
5.94597e+01 1.17738e+04
5.94937e+01 1.09870e+04
5.95278e+01 1.24507e+04
5.95618e+01 1.01813e+04
5.95958e+01 8.86520e+03
5.96298e+01 9.37200e+03
5.96638e+01 1.08341e+04
5.96977e+01 1.03073e+04
5.97316e+01 9.22410e+03
5.97655e+01 7.17470e+03
5.97994e+01 6.27670e+03
5.98332e+01 6.65790e+03
5.98670e+01 7.45810e+03
5.99008e+01 6.87730e+03
5.99345e+01 7.90990e+03
5.99683e+01 8.08660e+03
6.00020e+01 7.37050e+03
6.00357e+01 7.83960e+03
6.00693e+01 7.60770e+03
6.01030e+01 7.68340e+03
6.01366e+01 7.59190e+03
6.01702e+01 7.72930e+03
6.02038e+01 7.88510e+03
6.02373e+01 7.74210e+03
6.02708e+01 6.60220e+03
6.03043e+01 5.82580e+03
6.03378e+01 5.89220e+03
6.03712e+01 4.90600e+03
6.04046e+01 6.42270e+03
6.04380e+01 6.72070e+03
6.04714e+01 5.23350e+03
6.05047e+01 4.48450e+03
6.05381e+01 3.31030e+03
6.05713e+01 5.87410e+03
6.06046e+01 6.51470e+03
6.06379e+01 4.96770e+03
6.06711e+01 3.03300e+03
6.07043e+01 4.16080e+03
6.07375e+01 3.72650e+03
6.07706e+01 3.54880e+03
6.08037e+01 3.37160e+03
6.08368e+01 2.63300e+03
6.08699e+01 2.30470e+03
6.09029e+01 4.22290e+03
6.09360e+01 3.94200e+03
6.09690e+01 4.26180e+03
6.10020e+01 5.36590e+03
6.10349e+01 4.59400e+03
6.10678e+01 4.56190e+03
6.11007e+01 3.57390e+03
6.11336e+01 3.61910e+03
6.11665e+01 3.96810e+03
6.11993e+01 2.96760e+03
6.12321e+01 2.89530e+03
6.12649e+01 2.30790e+03
6.12976e+01 2.44150e+03
6.13304e+01 1.84390e+03
6.13631e+01 3.97680e+03
6.13957e+01 2.67910e+03
6.14284e+01 3.22400e+03
6.14610e+01 2.97460e+03
6.14936e+01 3.28490e+03
6.15262e+01 3.07360e+03
6.15588e+01 2.43530e+03
6.15913e+01 6.98400e+02
6.16238e+01 1.43630e+03
6.16563e+01 1.85080e+03
6.16888e+01 1.83910e+03
6.17212e+01 8.36200e+02
6.17536e+01 1.70430e+03
6.17860e+01 9.01700e+02
6.18184e+01 6.37500e+02
6.18507e+01 1.20170e+03
6.18830e+01 2.49750e+03
6.19153e+01 2.51320e+03
6.19476e+01 2.36940e+03
6.19798e+01 2.40780e+03
6.20120e+01 1.15500e+03
6.20442e+01 5.57900e+02
6.20764e+01 5.22900e+02
6.21085e+01 -2.95000e+01
6.21407e+01 2.16000e+01
6.21727e+01 7.87900e+02
6.22048e+01 1.87070e+03
6.22369e+01 1.36140e+03
6.22689e+01 3.29300e+02
6.23009e+01 3.71900e+02
6.23328e+01 3.20300e+02
6.23648e+01 8.31900e+02
6.23967e+01 1.96420e+03
6.24286e+01 1.03450e+03
6.24605e+01 1.17020e+03
6.24923e+01 1.35310e+03
6.25241e+01 1.35150e+03
6.25559e+01 1.09720e+03
6.25877e+01 1.06480e+03
6.26195e+01 8.97000e+02
6.26512e+01 9.63900e+02
6.26829e+01 1.09430e+03
6.27146e+01 3.94700e+02
6.27462e+01 -3.90200e+02
6.27778e+01 -6.57500e+02
6.28094e+01 8.43400e+02
6.28410e+01 1.66000e+01
6.28726e+01 -3.50000e+01
6.29041e+01 8.40100e+02
6.29356e+01 5.90700e+02
6.29671e+01 6.25300e+02
6.29985e+01 9.71900e+02
6.30300e+01 5.93100e+02
6.30614e+01 4.02400e+02
6.30928e+01 6.65400e+02
6.31241e+01 1.23060e+03
6.31554e+01 8.98200e+02
6.31867e+01 2.41710e+03
6.32180e+01 1.92240e+03
6.32493e+01 1.21990e+03
6.32805e+01 1.78580e+03
6.33117e+01 1.88640e+03
6.33429e+01 1.82050e+03
6.33741e+01 1.35420e+03
6.34052e+01 3.66000e+01
6.34363e+01 7.98500e+02
6.34674e+01 7.89800e+02
6.34985e+01 1.40960e+03
6.35295e+01 1.72970e+03
6.35605e+01 1.20930e+03
6.35915e+01 1.46940e+03
6.36225e+01 1.94900e+03
6.36534e+01 1.26890e+03
6.36843e+01 1.53890e+03
6.37152e+01 1.41480e+03
6.37461e+01 1.89110e+03
6.37769e+01 1.53440e+03
6.38077e+01 1.72320e+03
6.38385e+01 4.72400e+02
6.38693e+01 1.05710e+03
6.39000e+01 1.01180e+03
6.39308e+01 1.32460e+03
6.39615e+01 1.33950e+03
6.39921e+01 1.73500e+03
6.40228e+01 2.04900e+03
6.40534e+01 2.33930e+03
6.40840e+01 1.46330e+03
6.41146e+01 1.85220e+03
6.41451e+01 1.76880e+03
6.41756e+01 1.94350e+03
6.42061e+01 9.22100e+02
6.42366e+01 1.10690e+03
6.42670e+01 1.55480e+03
6.42975e+01 9.60300e+02
6.43279e+01 8.62000e+02
6.43582e+01 1.87100e+02
6.43886e+01 8.95900e+02
6.44189e+01 2.17440e+03
6.44492e+01 2.11630e+03
6.44795e+01 2.92400e+02
6.45097e+01 5.23100e+02
6.45400e+01 1.03320e+03
6.45702e+01 9.81100e+02
6.46004e+01 1.93210e+03
6.46305e+01 1.12580e+03
6.46606e+01 6.67600e+02
6.46907e+01 8.56100e+02
6.47208e+01 1.55160e+03
6.47509e+01 1.67570e+03
6.47809e+01 5.61000e+01
6.48109e+01 2.79700e+02
6.48409e+01 1.54320e+03
6.48709e+01 1.75830e+03
6.49008e+01 7.82000e+02
6.49307e+01 1.54790e+03
6.49606e+01 9.73800e+02
6.49904e+01 1.09780e+03
6.50203e+01 1.77170e+03
6.50501e+01 2.08940e+03
6.50799e+01 9.46400e+02
6.51096e+01 7.99800e+02
6.51394e+01 1.22140e+03
6.51691e+01 9.65500e+02
6.51988e+01 1.00550e+03
6.52284e+01 1.05700e+03
6.52581e+01 4.99000e+01
6.52877e+01 2.04450e+03
6.53173e+01 1.93820e+03
6.53468e+01 1.00650e+03
6.53764e+01 5.10000e+02
6.54059e+01 1.54200e+03
6.54354e+01 1.30980e+03
6.54649e+01 1.09510e+03
6.54943e+01 1.32750e+03
6.55237e+01 1.05690e+03
6.55531e+01 -2.27100e+02
6.55825e+01 1.88600e+02
6.56118e+01 1.59520e+03
6.56411e+01 6.13500e+02
6.56704e+01 1.16880e+03
6.56997e+01 1.21350e+03
6.57289e+01 5.35600e+02
6.57582e+01 1.72200e+02
6.57874e+01 1.97200e+02
6.58165e+01 5.70500e+02
6.58457e+01 -6.11000e+01
6.58748e+01 -3.74000e+01
6.59039e+01 2.60500e+02
