# La4Ni3O8 Ni L2 edge RIXS
# T = 25 K
# RIXS resolution ~ 0.4 eV
# Horizontal scattering geometry, theta = 15 degrees, 2theta = 95 degrees
# SEXTANTS beamline, SOLEIL synchrotron
# Energy loss 	 Intensity
-1.00000e+01 2.88852e+02
-9.93802e+00 1.07774e+02
-9.87603e+00 -9.35778e+00
-9.81405e+00 -4.63042e+02
-9.75207e+00 -1.38639e+01
-9.69008e+00 8.02124e+01
-9.62810e+00 -5.64947e+02
-9.56612e+00 -7.92786e+02
-9.50413e+00 -6.41075e+02
-9.44215e+00 -8.55710e+01
-9.38017e+00 -2.97528e+01
-9.31818e+00 -4.36444e+02
-9.25620e+00 -2.70649e+02
-9.19421e+00 1.22102e+02
-9.13223e+00 -2.18891e+02
-9.07025e+00 -6.02667e+02
-9.00826e+00 -2.34688e+02
-8.94628e+00 -7.19789e+02
-8.88430e+00 2.08931e+02
-8.82231e+00 3.44869e+02
-8.76033e+00 -2.82677e+02
-8.69835e+00 -2.78670e+02
-8.63636e+00 3.76575e+02
-8.57438e+00 -3.03742e+02
-8.51240e+00 1.79611e+02
-8.45041e+00 -4.62296e+01
-8.38843e+00 -1.90864e+02
-8.32645e+00 6.01261e+01
-8.26446e+00 -6.20259e+01
-8.20248e+00 -1.68100e+02
-8.14050e+00 1.20937e+02
-8.07851e+00 3.04946e+01
-8.01653e+00 -2.93508e+02
-7.95455e+00 -3.40704e+02
-7.89256e+00 -1.27765e+02
-7.83058e+00 3.07342e+02
-7.76860e+00 2.43187e+02
-7.70661e+00 -1.66881e+02
-7.64463e+00 -1.24276e+02
-7.58264e+00 2.94536e+02
-7.52066e+00 8.46697e+01
-7.45868e+00 4.68560e+02
-7.39669e+00 -2.25825e+02
-7.33471e+00 -1.74720e+02
-7.27273e+00 1.53720e+01
-7.21074e+00 -4.83812e+02
-7.14876e+00 -2.00156e+02
-7.08678e+00 1.19470e+02
-7.02479e+00 5.92323e+02
-6.96281e+00 -3.97995e+01
-6.90083e+00 -4.83683e+02
-6.83884e+00 -1.09342e+02
-6.77686e+00 -5.89973e+02
-6.71488e+00 -2.57363e+02
-6.65289e+00 4.17902e+02
-6.59091e+00 2.85748e+02
-6.52893e+00 -2.09710e+02
-6.46694e+00 1.32082e+02
-6.40496e+00 3.11450e+02
-6.34298e+00 1.55531e+01
-6.28099e+00 -1.03453e+02
-6.21901e+00 7.17473e+02
-6.15702e+00 1.04833e+03
-6.09504e+00 8.41120e+02
-6.03306e+00 8.80491e+02
-5.97107e+00 3.93897e+02
-5.90909e+00 -6.14690e+01
-5.84711e+00 -2.65067e+02
-5.78512e+00 4.24871e+02
-5.72314e+00 9.67958e+01
-5.66116e+00 -5.12510e+02
-5.59917e+00 -5.27502e+02
-5.53719e+00 -1.95339e+02
-5.47521e+00 4.69241e+02
-5.41322e+00 4.54493e+02
-5.35124e+00 -1.90948e+02
-5.28926e+00 5.60325e+01
-5.22727e+00 -6.66521e+01
-5.16529e+00 -2.26332e+02
-5.10331e+00 7.52071e+02
-5.04132e+00 1.04912e+03
-4.97934e+00 9.05112e+02
-4.91736e+00 1.74110e+02
-4.85537e+00 5.05927e+02
-4.79339e+00 2.86359e+02
-4.73140e+00 7.95450e+02
-4.66942e+00 6.17156e+02
-4.60744e+00 6.95409e+02
-4.54545e+00 6.24469e+02
-4.48347e+00 7.11829e+02
-4.42149e+00 5.87220e+02
-4.35950e+00 2.38689e+02
-4.29752e+00 9.16413e+02
-4.23554e+00 7.73888e+02
-4.17355e+00 6.44571e+02
-4.11157e+00 3.29187e+02
-4.04959e+00 1.98277e+01
-3.98760e+00 5.10019e+02
-3.92562e+00 4.70240e+02
-3.86364e+00 8.25706e+02
-3.80165e+00 1.17847e+03
-3.73967e+00 1.62410e+03
-3.67769e+00 1.27897e+03
-3.61570e+00 7.21920e+02
-3.55372e+00 7.99260e+02
-3.49174e+00 9.47706e+02
-3.42975e+00 1.63283e+03
-3.36777e+00 1.49849e+03
-3.30579e+00 8.30869e+02
-3.24380e+00 8.61409e+02
-3.18182e+00 1.35395e+03
-3.11983e+00 1.36532e+03
-3.05785e+00 1.33544e+03
-2.99587e+00 1.12002e+03
-2.93388e+00 1.44603e+03
-2.87190e+00 1.23924e+03
-2.80992e+00 9.20893e+02
-2.74793e+00 6.94879e+02
-2.68595e+00 1.25567e+03
-2.62397e+00 1.63270e+03
-2.56198e+00 1.37327e+03
-2.50000e+00 1.77763e+03
-2.43802e+00 2.61657e+03
-2.37603e+00 2.74242e+03
-2.31405e+00 2.14634e+03
-2.25207e+00 2.09501e+03
-2.19008e+00 1.46190e+03
-2.12810e+00 1.64439e+03
-2.06612e+00 2.39888e+03
-2.00413e+00 2.38481e+03
-1.94215e+00 2.17033e+03
-1.88017e+00 2.09568e+03
-1.81818e+00 1.28052e+03
-1.75620e+00 1.83799e+03
-1.69421e+00 1.98820e+03
-1.63223e+00 2.33364e+03
-1.57025e+00 1.67585e+03
-1.50826e+00 1.68392e+03
-1.44628e+00 2.17940e+03
-1.38430e+00 2.89700e+03
-1.32231e+00 2.19130e+03
-1.26033e+00 1.96812e+03
-1.19835e+00 2.50336e+03
-1.13636e+00 2.34187e+03
-1.07438e+00 3.36276e+03
-1.01240e+00 3.89883e+03
-9.50413e-01 3.53299e+03
-8.88430e-01 4.59515e+03
-8.26446e-01 6.28963e+03
-7.64463e-01 6.44903e+03
-7.02479e-01 6.97794e+03
-6.40496e-01 7.15442e+03
-5.78512e-01 8.72031e+03
-5.16529e-01 1.11242e+04
-4.54545e-01 1.49393e+04
-3.92562e-01 2.20294e+04
-3.30579e-01 3.21002e+04
-2.68595e-01 4.76943e+04
-2.06612e-01 6.90656e+04
-1.44628e-01 9.58404e+04
-8.26446e-02 1.19190e+05
-2.06612e-02 1.25739e+05
4.13223e-02 1.21674e+05
1.03306e-01 1.04613e+05
1.65289e-01 8.35158e+04
2.27273e-01 7.28057e+04
2.89256e-01 7.52257e+04
3.51240e-01 9.44683e+04
4.13223e-01 1.27093e+05
4.75207e-01 1.73878e+05
5.37190e-01 2.28680e+05
5.99174e-01 2.94837e+05
6.61157e-01 3.76055e+05
7.23140e-01 4.59940e+05
7.85124e-01 5.46217e+05
8.47107e-01 6.28286e+05
9.09091e-01 6.74023e+05
9.71074e-01 6.81517e+05
1.03306e+00 6.47424e+05
1.09504e+00 5.94970e+05
1.15702e+00 5.36453e+05
1.21901e+00 4.89677e+05
1.28099e+00 4.48189e+05
1.34298e+00 4.11038e+05
1.40496e+00 3.91722e+05
1.46694e+00 3.71465e+05
1.52893e+00 3.43104e+05
1.59091e+00 3.21755e+05
1.65289e+00 3.09600e+05
1.71488e+00 2.92807e+05
1.77686e+00 2.80296e+05
1.83884e+00 2.65692e+05
1.90083e+00 2.50819e+05
1.96281e+00 2.36769e+05
2.02479e+00 2.35516e+05
2.08678e+00 2.30566e+05
2.14876e+00 2.13192e+05
2.21074e+00 1.99499e+05
2.27273e+00 1.89835e+05
2.33471e+00 1.83203e+05
2.39669e+00 1.74349e+05
2.45868e+00 1.65863e+05
2.52066e+00 1.55745e+05
2.58264e+00 1.42594e+05
2.64463e+00 1.36256e+05
2.70661e+00 1.29980e+05
2.76860e+00 1.16862e+05
2.83058e+00 1.09787e+05
2.89256e+00 1.05852e+05
2.95455e+00 9.92995e+04
3.01653e+00 8.91713e+04
3.07851e+00 8.44549e+04
3.14050e+00 8.32147e+04
3.20248e+00 7.73876e+04
3.26446e+00 7.20710e+04
3.32645e+00 6.97783e+04
3.38843e+00 6.60392e+04
3.45041e+00 6.16440e+04
3.51240e+00 6.00202e+04
3.57438e+00 5.64012e+04
3.63636e+00 5.69329e+04
3.69835e+00 5.81083e+04
3.76033e+00 5.63687e+04
3.82231e+00 5.38289e+04
3.88430e+00 5.26745e+04
3.94628e+00 4.92019e+04
4.00826e+00 4.92357e+04
4.07025e+00 5.12129e+04
4.13223e+00 5.34808e+04
4.19421e+00 5.41013e+04
4.25620e+00 5.29673e+04
4.31818e+00 4.94219e+04
4.38017e+00 4.99611e+04
4.44215e+00 4.87603e+04
4.50413e+00 4.81990e+04
4.56612e+00 4.74830e+04
4.62810e+00 4.44313e+04
4.69008e+00 4.43957e+04
4.75207e+00 4.82502e+04
4.81405e+00 5.22621e+04
4.87603e+00 5.08343e+04
4.93802e+00 5.13876e+04
5.00000e+00 4.95164e+04
5.06198e+00 4.71308e+04
5.12397e+00 4.50444e+04
5.18595e+00 4.54747e+04
5.24793e+00 4.49182e+04
5.30992e+00 4.65873e+04
5.37190e+00 4.62440e+04
5.43388e+00 4.58710e+04
5.49587e+00 4.59356e+04
5.55785e+00 4.37073e+04
5.61983e+00 4.07730e+04
5.68182e+00 3.99819e+04
5.74380e+00 3.99397e+04
5.80579e+00 4.16752e+04
5.86777e+00 4.02342e+04
5.92975e+00 3.72627e+04
5.99174e+00 3.62359e+04
6.05372e+00 3.84631e+04
6.11570e+00 3.54629e+04
6.17769e+00 3.43606e+04
6.23967e+00 3.02248e+04
6.30165e+00 2.89062e+04
6.36364e+00 2.78403e+04
6.42562e+00 2.67800e+04
6.48760e+00 2.95099e+04
6.54959e+00 3.28028e+04
6.61157e+00 2.81257e+04
6.67355e+00 2.47274e+04
6.73554e+00 2.53728e+04
6.79752e+00 2.64802e+04
6.85950e+00 2.54733e+04
6.92149e+00 2.45849e+04
6.98347e+00 2.46398e+04
7.04545e+00 2.51466e+04
7.10744e+00 2.27554e+04
7.16942e+00 2.19793e+04
7.23140e+00 2.08162e+04
7.29339e+00 1.94677e+04
7.35537e+00 2.00547e+04
7.41736e+00 2.07925e+04
7.47934e+00 1.97232e+04
7.54132e+00 1.86658e+04
7.60331e+00 2.14166e+04
7.66529e+00 2.10298e+04
7.72727e+00 2.10443e+04
7.78926e+00 1.61939e+04
7.85124e+00 1.76645e+04
7.91322e+00 1.82813e+04
7.97521e+00 1.70748e+04
8.03719e+00 1.66201e+04
8.09917e+00 1.55780e+04
8.16116e+00 1.33269e+04
8.22314e+00 1.48529e+04
8.28512e+00 1.38783e+04
8.34711e+00 1.29609e+04
8.40909e+00 1.30889e+04
8.47107e+00 1.36415e+04
8.53306e+00 1.54359e+04
8.59504e+00 1.54844e+04
8.65702e+00 1.38719e+04
8.71901e+00 1.31972e+04
8.78099e+00 1.41260e+04
8.84298e+00 1.44164e+04
8.90496e+00 1.24187e+04
8.96694e+00 1.21486e+04
9.02893e+00 1.15941e+04
9.09091e+00 1.10033e+04
9.15289e+00 1.34164e+04
9.21488e+00 1.48628e+04
9.27686e+00 1.33865e+04
9.33884e+00 1.27175e+04
9.40083e+00 1.12500e+04
9.46281e+00 1.14437e+04
9.52479e+00 1.08792e+04
9.58678e+00 1.16632e+04
9.64876e+00 1.13630e+04
9.71074e+00 1.10164e+04
9.77273e+00 1.22773e+04
9.83471e+00 1.11201e+04
9.89669e+00 1.04519e+04
9.95868e+00 9.83891e+03
1.00207e+01 9.47557e+03
1.00826e+01 1.00923e+04
1.01446e+01 1.05169e+04
1.02066e+01 1.20590e+04
1.02686e+01 1.11973e+04
1.03306e+01 9.36067e+03
1.03926e+01 9.61157e+03
1.04545e+01 1.09063e+04
1.05165e+01 1.20856e+04
1.05785e+01 1.08681e+04
1.06405e+01 1.00489e+04
1.07025e+01 1.08042e+04
1.07645e+01 1.04084e+04
1.08264e+01 9.71634e+03
1.08884e+01 1.09246e+04
1.09504e+01 1.22701e+04
1.10124e+01 1.34931e+04
1.10744e+01 1.53289e+04
1.11364e+01 1.42897e+04
1.11983e+01 1.32282e+04
1.12603e+01 1.35779e+04
1.13223e+01 1.47455e+04
1.13843e+01 1.38802e+04
1.14463e+01 1.20650e+04
1.15083e+01 1.24810e+04
1.15702e+01 1.13327e+04
1.16322e+01 1.33377e+04
1.16942e+01 1.45960e+04
1.17562e+01 1.36977e+04
1.18182e+01 1.56106e+04
1.18802e+01 1.66955e+04
1.19421e+01 1.62998e+04
1.20041e+01 1.68774e+04
1.20661e+01 1.71516e+04
1.21281e+01 1.56769e+04
1.21901e+01 1.65470e+04
1.22521e+01 1.74596e+04
1.23140e+01 1.88457e+04
1.23760e+01 2.13892e+04
1.24380e+01 2.23665e+04
1.25000e+01 2.15190e+04
1.25620e+01 2.23829e+04
1.26240e+01 2.21614e+04
1.26860e+01 2.56868e+04
1.27479e+01 2.66653e+04
1.28099e+01 2.62338e+04
1.28719e+01 2.87482e+04
1.29339e+01 3.03195e+04
1.29959e+01 2.78131e+04
1.30579e+01 2.84620e+04
1.31198e+01 3.07151e+04
1.31818e+01 3.33343e+04
1.32438e+01 3.39851e+04
1.33058e+01 3.19674e+04
1.33678e+01 3.15390e+04
1.34298e+01 3.24514e+04
1.34917e+01 3.33729e+04
1.35537e+01 3.63946e+04
1.36157e+01 3.67860e+04
1.36777e+01 3.68270e+04
1.37397e+01 3.91085e+04
1.38017e+01 4.30284e+04
1.38636e+01 4.12638e+04
1.39256e+01 4.11829e+04
1.39876e+01 4.57847e+04
1.40496e+01 4.81807e+04
1.41116e+01 4.75762e+04
1.41736e+01 5.04243e+04
1.42355e+01 4.76296e+04
1.42975e+01 4.79199e+04
1.43595e+01 4.83597e+04
1.44215e+01 4.96399e+04
1.44835e+01 4.97058e+04
1.45455e+01 5.32510e+04
1.46074e+01 5.27821e+04
1.46694e+01 5.57090e+04
1.47314e+01 5.75152e+04
1.47934e+01 5.79119e+04
1.48554e+01 5.50471e+04
1.49174e+01 5.99448e+04
1.49793e+01 6.47429e+04
1.50413e+01 6.64464e+04
1.51033e+01 6.37083e+04
1.51653e+01 6.79157e+04
1.52273e+01 6.92315e+04
1.52893e+01 7.16237e+04
1.53512e+01 6.81094e+04
1.54132e+01 6.88497e+04
1.54752e+01 6.82673e+04
1.55372e+01 7.02968e+04
1.55992e+01 7.68041e+04
1.56612e+01 7.63747e+04
1.57231e+01 7.87970e+04
1.57851e+01 7.72578e+04
1.58471e+01 7.97070e+04
1.59091e+01 8.75181e+04
1.59711e+01 9.25171e+04
1.60331e+01 1.01380e+05
1.60950e+01 1.00156e+05
1.61570e+01 1.00645e+05
1.62190e+01 1.04919e+05
1.62810e+01 1.05718e+05
1.63430e+01 1.13016e+05
1.64050e+01 1.21436e+05
1.64669e+01 1.24706e+05
1.65289e+01 1.29522e+05
1.65909e+01 1.36206e+05
1.66529e+01 1.52162e+05
1.67149e+01 1.58834e+05
1.67769e+01 1.61382e+05
1.68388e+01 1.71451e+05
1.69008e+01 1.78865e+05
1.69628e+01 1.92331e+05
1.70248e+01 1.95844e+05
1.70868e+01 2.02329e+05
1.71488e+01 2.11150e+05
1.72107e+01 2.10951e+05
1.72727e+01 2.12287e+05
1.73347e+01 2.09261e+05
1.73967e+01 2.05521e+05
1.74587e+01 1.93142e+05
1.75207e+01 1.84996e+05
1.75826e+01 1.86143e+05
1.76446e+01 1.78312e+05
1.77066e+01 1.69069e+05
1.77686e+01 1.56967e+05
1.78306e+01 1.47625e+05
1.78926e+01 1.30765e+05
1.79545e+01 1.12076e+05
1.80165e+01 9.87205e+04
1.80785e+01 8.60870e+04
1.81405e+01 8.25475e+04
1.82025e+01 7.41512e+04
1.82645e+01 6.26972e+04
1.83264e+01 5.77227e+04
1.83884e+01 5.11065e+04
1.84504e+01 4.91312e+04
1.85124e+01 4.83703e+04
1.85744e+01 4.42337e+04
1.86364e+01 4.19180e+04
1.86983e+01 4.21727e+04
1.87603e+01 4.27990e+04
1.88223e+01 4.30491e+04
1.88843e+01 4.34759e+04
1.89463e+01 4.22998e+04
1.90083e+01 4.26598e+04
1.90702e+01 4.55400e+04
1.91322e+01 5.13024e+04
1.91942e+01 5.36099e+04
1.92562e+01 5.16631e+04
1.93182e+01 5.22245e+04
1.93802e+01 5.55506e+04
1.94421e+01 5.85775e+04
1.95041e+01 6.07746e+04
1.95661e+01 6.25511e+04
1.96281e+01 6.46772e+04
1.96901e+01 6.17367e+04
1.97521e+01 5.87850e+04
1.98140e+01 6.28569e+04
1.98760e+01 6.37713e+04
1.99380e+01 6.36555e+04
2.00000e+01 6.38579e+04
2.00620e+01 6.55049e+04
2.01240e+01 6.85795e+04
2.01860e+01 6.63253e+04
2.02479e+01 6.62951e+04
2.03099e+01 6.83062e+04
2.03719e+01 6.63020e+04
2.04339e+01 7.00412e+04
2.04959e+01 6.74822e+04
2.05579e+01 6.94242e+04
2.06198e+01 6.83773e+04
2.06818e+01 6.69978e+04
2.07438e+01 6.83330e+04
2.08058e+01 6.72512e+04
2.08678e+01 6.38506e+04
2.09298e+01 6.24472e+04
2.09917e+01 6.58823e+04
2.10537e+01 6.22136e+04
2.11157e+01 6.32113e+04
2.11777e+01 6.67042e+04
2.12397e+01 6.55016e+04
2.13017e+01 6.18446e+04
2.13636e+01 5.88240e+04
2.14256e+01 6.19318e+04
2.14876e+01 6.03479e+04
2.15496e+01 5.86288e+04
2.16116e+01 5.81846e+04
2.16736e+01 6.17381e+04
2.17355e+01 5.71438e+04
2.17975e+01 5.73476e+04
2.18595e+01 5.63916e+04
2.19215e+01 5.40803e+04
2.19835e+01 5.16932e+04
2.20455e+01 5.11447e+04
2.21074e+01 5.25219e+04
2.21694e+01 5.30967e+04
2.22314e+01 5.33968e+04
2.22934e+01 5.02151e+04
2.23554e+01 4.81752e+04
2.24174e+01 4.65130e+04
2.24793e+01 4.39188e+04
2.25413e+01 4.29052e+04
2.26033e+01 4.46042e+04
2.26653e+01 4.37442e+04
2.27273e+01 4.16935e+04
2.27893e+01 4.06450e+04
2.28512e+01 4.09059e+04
2.29132e+01 3.62861e+04
2.29752e+01 3.39291e+04
2.30372e+01 3.08019e+04
2.30992e+01 3.25335e+04
2.31612e+01 3.62377e+04
2.32231e+01 3.30520e+04
2.32851e+01 2.99546e+04
2.33471e+01 2.86734e+04
2.34091e+01 2.84649e+04
2.34711e+01 3.00565e+04
2.35331e+01 2.74978e+04
2.35950e+01 2.71032e+04
2.36570e+01 2.67577e+04
2.37190e+01 2.37649e+04
2.37810e+01 2.02655e+04
2.38430e+01 2.02969e+04
2.39050e+01 2.12978e+04
2.39669e+01 2.06858e+04
2.40289e+01 2.00531e+04
2.40909e+01 2.03407e+04
2.41529e+01 1.74905e+04
2.42149e+01 1.66982e+04
2.42769e+01 1.83675e+04
2.43388e+01 1.89378e+04
2.44008e+01 1.74920e+04
2.44628e+01 1.82552e+04
2.45248e+01 1.68102e+04
2.45868e+01 1.59157e+04
2.46488e+01 1.92370e+04
2.47107e+01 1.70550e+04
2.47727e+01 1.60442e+04
2.48347e+01 1.66138e+04
2.48967e+01 1.65256e+04
2.49587e+01 1.38668e+04
2.50207e+01 1.43708e+04
2.50826e+01 1.40790e+04
2.51446e+01 1.21877e+04
2.52066e+01 1.19912e+04
2.52686e+01 1.14054e+04
2.53306e+01 1.25467e+04
2.53926e+01 1.33247e+04
2.54545e+01 1.25507e+04
2.55165e+01 1.44149e+04
2.55785e+01 1.30312e+04
2.56405e+01 1.12566e+04
2.57025e+01 1.18337e+04
2.57645e+01 1.07370e+04
2.58264e+01 1.08485e+04
2.58884e+01 1.08815e+04
2.59504e+01 1.08023e+04
2.60124e+01 1.20326e+04
2.60744e+01 1.07201e+04
2.61364e+01 9.62220e+03
2.61983e+01 8.89846e+03
2.62603e+01 8.17045e+03
2.63223e+01 9.45910e+03
2.63843e+01 8.01063e+03
2.64463e+01 6.67688e+03
2.65083e+01 6.88137e+03
2.65702e+01 7.08341e+03
2.66322e+01 7.83914e+03
2.66942e+01 8.64771e+03
2.67562e+01 8.21695e+03
2.68182e+01 7.95048e+03
2.68802e+01 6.50235e+03
2.69421e+01 8.80024e+03
2.70041e+01 8.30629e+03
2.70661e+01 7.29401e+03
2.71281e+01 7.17531e+03
2.71901e+01 7.94941e+03
2.72521e+01 7.40269e+03
2.73140e+01 6.39802e+03
2.73760e+01 7.59475e+03
2.74380e+01 6.77979e+03
2.75000e+01 6.21889e+03
2.75620e+01 7.64635e+03
2.76240e+01 7.60336e+03
2.76860e+01 5.82373e+03
2.77479e+01 6.52870e+03
2.78099e+01 6.07890e+03
2.78719e+01 6.48979e+03
2.79339e+01 6.88330e+03
2.79959e+01 8.17794e+03
2.80579e+01 7.43348e+03
2.81198e+01 6.03670e+03
2.81818e+01 5.54027e+03
2.82438e+01 6.26119e+03
2.83058e+01 5.52864e+03
2.83678e+01 4.77729e+03
2.84298e+01 5.62658e+03
2.84917e+01 6.05219e+03
2.85537e+01 5.79908e+03
2.86157e+01 5.14149e+03
2.86777e+01 5.14021e+03
2.87397e+01 5.57201e+03
2.88017e+01 6.72162e+03
2.88636e+01 7.37339e+03
2.89256e+01 7.21670e+03
2.89876e+01 5.07551e+03
2.90496e+01 5.11095e+03
2.91116e+01 3.38760e+03
2.91736e+01 3.75040e+03
2.92355e+01 4.85958e+03
2.92975e+01 5.26042e+03
2.93595e+01 3.70969e+03
2.94215e+01 3.91539e+03
2.94835e+01 3.77090e+03
2.95455e+01 4.29748e+03
2.96074e+01 5.77925e+03
2.96694e+01 5.48950e+03
2.97314e+01 4.96009e+03
2.97934e+01 4.17589e+03
2.98554e+01 3.62756e+03
2.99174e+01 4.34614e+03
2.99793e+01 4.51818e+03
3.00413e+01 5.24057e+03
3.01033e+01 4.49559e+03
3.01653e+01 4.83572e+03
3.02273e+01 4.20392e+03
3.02893e+01 4.83797e+03
3.03512e+01 5.82877e+03
3.04132e+01 5.49625e+03
3.04752e+01 5.12762e+03
3.05372e+01 5.27881e+03
3.05992e+01 4.76903e+03
3.06612e+01 4.23815e+03
3.07231e+01 4.01381e+03
3.07851e+01 3.26652e+03
3.08471e+01 3.75432e+03
3.09091e+01 4.42586e+03
3.09711e+01 5.35722e+03
3.10331e+01 4.54360e+03
3.10950e+01 4.47125e+03
3.11570e+01 4.21462e+03
3.12190e+01 4.51936e+03
3.12810e+01 3.95505e+03
3.13430e+01 5.77987e+03
3.14050e+01 4.99706e+03
3.14669e+01 4.99270e+03
3.15289e+01 5.32296e+03
3.15909e+01 7.14472e+03
3.16529e+01 6.56948e+03
3.17149e+01 6.97698e+03
3.17769e+01 6.54593e+03
3.18388e+01 4.33301e+03
3.19008e+01 4.28995e+03
3.19628e+01 5.29339e+03
3.20248e+01 4.79271e+03
3.20868e+01 4.84539e+03
3.21488e+01 4.30387e+03
3.22107e+01 4.82606e+03
3.22727e+01 4.31927e+03
3.23347e+01 4.20645e+03
3.23967e+01 4.21425e+03
3.24587e+01 3.71600e+03
3.25207e+01 4.82529e+03
3.25826e+01 4.39289e+03
3.26446e+01 6.84166e+03
3.27066e+01 5.54821e+03
3.27686e+01 5.08457e+03
3.28306e+01 4.93736e+03
3.28926e+01 5.23411e+03
3.29545e+01 5.80076e+03
3.30165e+01 5.28176e+03
3.30785e+01 4.58972e+03
3.31405e+01 4.45887e+03
3.32025e+01 5.17348e+03
3.32645e+01 3.83255e+03
3.33264e+01 4.21357e+03
3.33884e+01 4.91947e+03
3.34504e+01 4.97671e+03
3.35124e+01 3.99908e+03
3.35744e+01 6.34797e+03
3.36364e+01 6.24688e+03
3.36983e+01 8.17732e+03
3.37603e+01 7.78492e+03
3.38223e+01 5.91160e+03
3.38843e+01 7.21328e+03
3.39463e+01 8.17389e+03
3.40083e+01 7.23807e+03
3.40702e+01 7.74221e+03
3.41322e+01 7.32174e+03
3.41942e+01 7.90871e+03
3.42562e+01 8.65976e+03
3.43182e+01 9.52087e+03
3.43802e+01 8.97417e+03
3.44421e+01 9.79622e+03
3.45041e+01 8.77285e+03
3.45661e+01 8.63721e+03
3.46281e+01 8.76368e+03
3.46901e+01 7.90919e+03
3.47521e+01 8.93667e+03
3.48140e+01 8.71337e+03
3.48760e+01 9.32335e+03
3.49380e+01 8.33610e+03
3.50000e+01 7.58035e+03
