# La4Ni3O10 Ni L3 edge RIXS
# Room temperature
# RIXS resolution ~ 0.4 eV
# Horizontal scattering geometry, theta = 15 degrees, 2theta = 95 degrees
# SEXTANTS beamline, SOLEIL synchrotron
# Energy loss 	 Intensity
-1.00000e+01 1.38177e-03
-9.90306e+00 1.38831e-03
-9.80613e+00 5.01926e-04
-9.70919e+00 1.52116e-04
-9.61226e+00 1.42230e-03
-9.51532e+00 2.54273e-04
-9.41838e+00 -1.40633e-03
-9.32145e+00 -4.88494e-04
-9.22451e+00 9.94058e-04
-9.12757e+00 -8.37213e-04
-9.03064e+00 -6.21686e-04
-8.93370e+00 -8.93785e-04
-8.83677e+00 -1.80629e-03
-8.73983e+00 4.82293e-04
-8.64289e+00 -5.84807e-04
-8.54596e+00 -2.60822e-03
-8.44902e+00 -4.51971e-04
-8.35209e+00 -7.95731e-04
-8.25515e+00 5.50220e-04
-8.15821e+00 7.07725e-04
-8.06128e+00 2.02869e-03
-7.96434e+00 -2.65356e-03
-7.86740e+00 2.64524e-03
-7.77047e+00 7.50168e-04
-7.67353e+00 7.58682e-04
-7.57660e+00 -4.40670e-04
-7.47966e+00 -1.80810e-03
-7.38272e+00 -6.11087e-04
-7.28579e+00 9.14786e-04
-7.18885e+00 9.15300e-04
-7.09192e+00 -3.12153e-04
-6.99498e+00 -3.17894e-04
-6.89804e+00 -2.75947e-03
-6.80111e+00 -3.10249e-03
-6.70417e+00 -1.79110e-03
-6.60723e+00 -1.99790e-03
-6.51030e+00 1.29862e-04
-6.41336e+00 -3.56799e-03
-6.31643e+00 -2.42754e-03
-6.21949e+00 -1.24561e-03
-6.12255e+00 -2.78965e-03
-6.02562e+00 -1.20003e-03
-5.92868e+00 -2.47557e-04
-5.83175e+00 1.35648e-03
-5.73481e+00 -2.03876e-03
-5.63787e+00 1.15475e-04
-5.54094e+00 -1.59961e-03
-5.44400e+00 1.94022e-04
-5.34706e+00 9.71354e-04
-5.25013e+00 -1.84407e-03
-5.15319e+00 2.23341e-04
-5.05626e+00 1.48068e-03
-4.95932e+00 3.39839e-04
-4.86238e+00 7.19587e-04
-4.76545e+00 2.41302e-03
-4.66851e+00 1.42216e-03
-4.57158e+00 -7.70815e-04
-4.47464e+00 1.59891e-04
-4.37770e+00 2.32849e-05
-4.28077e+00 1.68611e-03
-4.18383e+00 9.75799e-04
-4.08689e+00 1.61927e-03
-3.98996e+00 2.24919e-03
-3.89302e+00 3.19970e-04
-3.79609e+00 -3.50270e-05
-3.69915e+00 1.92784e-03
-3.60221e+00 2.67930e-04
-3.50528e+00 2.96987e-04
-3.40834e+00 6.30099e-04
-3.31141e+00 1.25117e-03
-3.21447e+00 7.77235e-04
-3.11753e+00 -2.05264e-04
-3.02060e+00 -8.65706e-04
-2.92366e+00 -3.19066e-04
-2.82672e+00 2.81085e-04
-2.72979e+00 -3.75555e-05
-2.63285e+00 -4.69184e-04
-2.53592e+00 1.27532e-03
-2.43898e+00 2.35447e-03
-2.34204e+00 1.49057e-04
-2.24511e+00 8.62892e-04
-2.14817e+00 1.84683e-03
-2.05124e+00 1.78427e-03
-1.95430e+00 1.74852e-03
-1.85736e+00 5.47152e-04
-1.76043e+00 2.87810e-03
-1.66349e+00 1.61106e-03
-1.56655e+00 1.43389e-03
-1.46962e+00 -5.06430e-04
-1.37268e+00 -1.11572e-03
-1.27575e+00 5.67507e-04
-1.17881e+00 4.54156e-04
-1.08187e+00 1.39554e-03
-9.84938e-01 1.45245e-03
-8.88002e-01 9.36058e-04
-7.91066e-01 7.70757e-04
-6.94129e-01 5.31900e-04
-5.97193e-01 4.92336e-04
-5.00257e-01 9.65024e-04
-4.03321e-01 1.77613e-03
-3.06385e-01 6.01949e-04
-2.09449e-01 9.08315e-04
-1.12513e-01 3.37492e-03
-1.55764e-02 5.86844e-03
8.13597e-02 7.11260e-03
1.78296e-01 6.20018e-03
2.75232e-01 6.31716e-03
3.72168e-01 5.65976e-03
4.69104e-01 7.31864e-03
5.66040e-01 1.17231e-02
6.62977e-01 1.34473e-02
7.59913e-01 1.88926e-02
8.56849e-01 2.65589e-02
9.53785e-01 3.46269e-02
1.05072e+00 3.41794e-02
1.14766e+00 3.73566e-02
1.24459e+00 4.32130e-02
1.34153e+00 4.24304e-02
1.43847e+00 4.14670e-02
1.53540e+00 4.11451e-02
1.63234e+00 4.64875e-02
1.72927e+00 4.59765e-02
1.82621e+00 4.58634e-02
1.92315e+00 4.39398e-02
2.02008e+00 4.73752e-02
2.11702e+00 5.52896e-02
2.21396e+00 5.30698e-02
2.31089e+00 4.91990e-02
2.40783e+00 4.20252e-02
2.50476e+00 3.99266e-02
2.60170e+00 3.83209e-02
2.69864e+00 3.57728e-02
2.79557e+00 3.11237e-02
2.89251e+00 3.09758e-02
2.98944e+00 2.53446e-02
3.08638e+00 2.87144e-02
3.18332e+00 3.13777e-02
3.28025e+00 3.30945e-02
3.37719e+00 3.13748e-02
3.47413e+00 3.25310e-02
3.57106e+00 3.12042e-02
3.66800e+00 3.52432e-02
3.76493e+00 3.47745e-02
3.86187e+00 3.44881e-02
3.95881e+00 3.53384e-02
4.05574e+00 3.27743e-02
4.15268e+00 3.44957e-02
4.24961e+00 3.55576e-02
4.34655e+00 3.45454e-02
4.44349e+00 3.83657e-02
4.54042e+00 3.87609e-02
4.63736e+00 4.61430e-02
4.73429e+00 5.59125e-02
4.83123e+00 6.16359e-02
4.92817e+00 6.40238e-02
5.02510e+00 7.83287e-02
5.12204e+00 9.98075e-02
5.21898e+00 1.00815e-01
5.31591e+00 1.06199e-01
5.41285e+00 1.12636e-01
5.50978e+00 1.26498e-01
5.60672e+00 1.43985e-01
5.70366e+00 1.45854e-01
5.80059e+00 1.44559e-01
5.89753e+00 1.31201e-01
5.99446e+00 1.30259e-01
6.09140e+00 1.20704e-01
6.18834e+00 1.08404e-01
6.28527e+00 9.38478e-02
6.38221e+00 8.88000e-02
6.47915e+00 7.06936e-02
6.57608e+00 5.43097e-02
6.67302e+00 4.55239e-02
6.76995e+00 4.66911e-02
6.86689e+00 3.77465e-02
6.96383e+00 3.23703e-02
7.06076e+00 2.96854e-02
7.15770e+00 2.37096e-02
7.25463e+00 1.89652e-02
7.35157e+00 1.78542e-02
7.44851e+00 1.59306e-02
7.54544e+00 1.72791e-02
7.64238e+00 1.92079e-02
7.73932e+00 1.50145e-02
7.83625e+00 1.49352e-02
7.93319e+00 1.60898e-02
8.03012e+00 2.02229e-02
8.12706e+00 2.29542e-02
8.22400e+00 2.42675e-02
8.32093e+00 2.80060e-02
8.41787e+00 3.17009e-02
8.51480e+00 3.18688e-02
8.61174e+00 2.94075e-02
8.70868e+00 2.80282e-02
8.80561e+00 2.94709e-02
8.90255e+00 3.29456e-02
8.99949e+00 3.42334e-02
9.09642e+00 3.21978e-02
9.19336e+00 3.15151e-02
9.29029e+00 3.89015e-02
9.38723e+00 3.04489e-02
9.48417e+00 3.01601e-02
9.58110e+00 3.52331e-02
9.67804e+00 3.64504e-02
9.77497e+00 3.29799e-02
9.87191e+00 3.13132e-02
9.96885e+00 2.84385e-02
1.00658e+01 3.11235e-02
1.01627e+01 3.09510e-02
1.02597e+01 3.01220e-02
1.03566e+01 2.97516e-02
1.04535e+01 2.52045e-02
1.05505e+01 2.42369e-02
1.06474e+01 2.34645e-02
1.07443e+01 2.59013e-02
1.08413e+01 2.72716e-02
1.09382e+01 2.90155e-02
1.10351e+01 3.05340e-02
1.11321e+01 2.64319e-02
1.12290e+01 2.25682e-02
1.13260e+01 2.48150e-02
1.14229e+01 1.74886e-02
1.15198e+01 1.75038e-02
1.16168e+01 1.38209e-02
1.17137e+01 1.26381e-02
1.18106e+01 1.72059e-02
1.19076e+01 1.58637e-02
1.20045e+01 1.40473e-02
1.21014e+01 1.31526e-02
1.21984e+01 1.14236e-02
1.22953e+01 1.22523e-02
1.23923e+01 1.24674e-02
1.24892e+01 1.15028e-02
1.25861e+01 7.16208e-03
1.26831e+01 6.28234e-03
1.27800e+01 5.84106e-03
1.28769e+01 8.91863e-03
1.29739e+01 7.62601e-03
1.30708e+01 4.84810e-03
1.31677e+01 6.41984e-03
1.32647e+01 3.09983e-03
1.33616e+01 4.06416e-03
1.34585e+01 4.42595e-03
1.35555e+01 6.71071e-03
1.36524e+01 5.41033e-03
1.37494e+01 2.66478e-03
1.38463e+01 2.77901e-03
1.39432e+01 3.02441e-03
1.40402e+01 3.78379e-03
1.41371e+01 2.40924e-03
1.42340e+01 3.48516e-03
1.43310e+01 3.19324e-03
1.44279e+01 5.55937e-03
1.45248e+01 5.74799e-03
1.46218e+01 3.03233e-03
1.47187e+01 3.17302e-03
1.48157e+01 4.33498e-03
1.49126e+01 1.58523e-03
1.50095e+01 4.14603e-03
1.51065e+01 -1.93892e-04
1.52034e+01 2.48449e-03
1.53003e+01 2.61568e-03
1.53973e+01 3.16357e-03
1.54942e+01 3.61896e-03
1.55911e+01 2.58197e-03
1.56881e+01 2.89124e-03
1.57850e+01 2.90804e-03
1.58820e+01 4.64367e-03
1.59789e+01 8.11512e-04
1.60758e+01 1.98432e-03
1.61728e+01 1.82700e-03
1.62697e+01 8.30622e-04
1.63666e+01 1.83682e-03
1.64636e+01 1.98429e-03
1.65605e+01 2.29542e-03
1.66574e+01 1.58602e-03
1.67544e+01 2.96846e-03
1.68513e+01 2.04769e-03
1.69483e+01 -7.22984e-04
1.70452e+01 -2.05139e-04
1.71421e+01 2.94584e-03
1.72391e+01 3.28509e-03
1.73360e+01 7.15056e-04
1.74329e+01 2.03689e-03
1.75299e+01 1.35920e-03
1.76268e+01 1.19434e-03
1.77237e+01 1.20826e-03
1.78207e+01 4.09347e-04
1.79176e+01 7.15011e-04
1.80145e+01 7.34710e-05
1.81115e+01 9.75115e-04
1.82084e+01 1.11377e-03
1.83054e+01 -4.91247e-04
1.84023e+01 6.43006e-04
1.84992e+01 2.38837e-03
1.85962e+01 1.28551e-03
1.86931e+01 1.80390e-03
1.87900e+01 -9.73852e-04
1.88870e+01 -4.22596e-04
1.89839e+01 9.65323e-04
1.90808e+01 -5.33680e-04
1.91778e+01 3.47047e-04
1.92747e+01 -1.48749e-03
1.93717e+01 -2.27523e-03
1.94686e+01 -1.20894e-03
1.95655e+01 -1.68127e-03
1.96625e+01 -4.78788e-04
1.97594e+01 -6.75761e-04
1.98563e+01 9.92435e-04
1.99533e+01 -1.05106e-03
2.00502e+01 2.60206e-04
2.01471e+01 1.51993e-03
2.02441e+01 -4.11643e-04
2.03410e+01 -8.08047e-04
2.04380e+01 1.33555e-05
2.05349e+01 -1.83462e-03
2.06318e+01 7.75075e-04
2.07288e+01 1.53149e-05
2.08257e+01 9.33912e-04
2.09226e+01 1.78360e-03
2.10196e+01 1.04200e-03
2.11165e+01 7.27616e-04
2.12134e+01 2.31957e-03
2.13104e+01 2.10859e-03
2.14073e+01 2.11645e-03
2.15042e+01 4.66106e-04
2.16012e+01 3.10457e-03
2.16981e+01 1.11176e-03
2.17951e+01 2.45129e-03
2.18920e+01 -2.67133e-04
2.19889e+01 6.84702e-04
2.20859e+01 8.28698e-04
2.21828e+01 2.22104e-03
2.22797e+01 2.47301e-03
2.23767e+01 1.96623e-03
2.24736e+01 3.05390e-03
2.25705e+01 2.71825e-03
2.26675e+01 2.78954e-03
2.27644e+01 4.79093e-05
2.28614e+01 3.22610e-03
2.29583e+01 2.53361e-03
2.30552e+01 3.02636e-03
2.31522e+01 3.90189e-03
2.32491e+01 4.39554e-03
2.33460e+01 6.89757e-03
2.34430e+01 5.18552e-03
2.35399e+01 5.40344e-03
2.36368e+01 5.68812e-03
2.37338e+01 4.89653e-03
2.38307e+01 4.04992e-03
2.39277e+01 5.69851e-03
2.40246e+01 4.03319e-03
2.41215e+01 3.85024e-03
2.42185e+01 5.06014e-03
2.43154e+01 1.39354e-03
2.44123e+01 3.36501e-03
2.45093e+01 2.92276e-03
2.46062e+01 2.97514e-03
2.47031e+01 1.14797e-03
2.48001e+01 2.84078e-03
2.48970e+01 2.54197e-03
2.49940e+01 2.07307e-03
2.50909e+01 2.41085e-03
2.51878e+01 2.04070e-04
2.52848e+01 1.16269e-03
2.53817e+01 1.58695e-03
2.54786e+01 2.61363e-03
2.55756e+01 4.59677e-04
2.56725e+01 6.47714e-04
2.57694e+01 2.02459e-03
2.58664e+01 1.78931e-03
2.59633e+01 1.31366e-03
2.60602e+01 6.65202e-04
2.61572e+01 7.63987e-04
2.62541e+01 2.72942e-03
2.63511e+01 1.73893e-03
2.64480e+01 -1.89457e-03
2.65449e+01 -3.37742e-05
2.66419e+01 1.93889e-03
2.67388e+01 1.30211e-03
2.68357e+01 -1.48649e-03
2.69327e+01 3.23374e-03
2.70296e+01 -3.85315e-04
2.71265e+01 -2.18020e-04
2.72235e+01 6.02732e-04
2.73204e+01 2.34713e-03
2.74174e+01 3.26649e-03
2.75143e+01 3.40657e-03
2.76112e+01 2.02935e-03
2.77082e+01 -1.17762e-03
2.78051e+01 1.92013e-03
2.79020e+01 2.57226e-03
2.79990e+01 -2.40017e-04
2.80959e+01 1.43771e-03
2.81928e+01 3.23869e-03
2.82898e+01 6.44836e-04
2.83867e+01 1.39978e-03
2.84837e+01 1.54887e-03
2.85806e+01 8.32930e-04
2.86775e+01 2.60989e-03
2.87745e+01 3.27724e-03
2.88714e+01 3.10415e-03
2.89683e+01 4.28441e-03
2.90653e+01 3.28956e-03
2.91622e+01 2.28416e-03
2.92591e+01 2.87003e-03
2.93561e+01 3.50082e-03
2.94530e+01 3.83342e-03
2.95499e+01 3.72206e-03
2.96469e+01 2.49310e-03
2.97438e+01 2.70394e-03
2.98408e+01 3.48850e-03
2.99377e+01 4.51191e-03
3.00346e+01 3.07390e-03
3.01316e+01 3.33076e-03
3.02285e+01 2.05373e-03
3.03254e+01 3.38882e-03
3.04224e+01 1.83070e-03
3.05193e+01 1.08153e-03
3.06162e+01 1.94769e-03
3.07132e+01 1.28549e-03
3.08101e+01 -1.57594e-03
3.09071e+01 2.14509e-03
3.10040e+01 1.25199e-03
3.11009e+01 -3.61926e-04
3.11979e+01 1.45062e-03
3.12948e+01 2.39788e-03
3.13917e+01 -2.57335e-07
3.14887e+01 2.24697e-03
3.15856e+01 2.97892e-03
3.16825e+01 5.47761e-04
3.17795e+01 3.30812e-03
3.18764e+01 8.27599e-04
3.19734e+01 2.17076e-03
3.20703e+01 3.65865e-03
3.21672e+01 3.95841e-03
3.22642e+01 1.22110e-03
3.23611e+01 9.59300e-04
3.24580e+01 1.42765e-03
3.25550e+01 2.84133e-03
3.26519e+01 1.71141e-03
3.27488e+01 1.35552e-03
3.28458e+01 -6.61805e-05
3.29427e+01 1.82510e-03
3.30397e+01 5.74586e-05
3.31366e+01 3.80163e-03
3.32335e+01 2.83762e-03
3.33305e+01 3.82367e-03
3.34274e+01 2.70094e-03
3.35243e+01 1.94672e-03
3.36213e+01 2.30661e-03
3.37182e+01 2.54366e-03
3.38151e+01 2.84188e-03
3.39121e+01 -3.66465e-04
3.40090e+01 2.40335e-03
3.41059e+01 6.45033e-04
3.42029e+01 3.19507e-03
3.42998e+01 2.35352e-03
3.43968e+01 3.21605e-03
3.44937e+01 7.95307e-04
3.45906e+01 1.29421e-03
3.46876e+01 1.66721e-03
3.47845e+01 2.30171e-03
3.48814e+01 2.51053e-03
3.49784e+01 3.34769e-03
3.50753e+01 2.70944e-03
3.51722e+01 5.49144e-03
3.52692e+01 3.07926e-03
3.53661e+01 6.31789e-03
3.54631e+01 5.34682e-03
3.55600e+01 3.76683e-03
3.56569e+01 4.17348e-03
3.57539e+01 1.76920e-03
3.58508e+01 1.79396e-03
3.59477e+01 2.00649e-03
3.60447e+01 2.71097e-03
3.61416e+01 3.54219e-03
3.62385e+01 2.62368e-03
3.63355e+01 1.13230e-03
3.64324e+01 3.14857e-03
3.65294e+01 3.72195e-03
3.66263e+01 2.53331e-03
3.67232e+01 1.91610e-03
3.68202e+01 2.80486e-03
3.69171e+01 5.20030e-04
3.70140e+01 3.38790e-03
3.71110e+01 1.24885e-03
3.72079e+01 -6.89646e-04
3.73048e+01 -9.88714e-04
3.74018e+01 -9.25066e-04
3.74987e+01 1.17251e-03
3.75957e+01 9.14021e-04
3.76926e+01 -1.82165e-04
3.77895e+01 2.02263e-03
3.78865e+01 3.29883e-03
3.79834e+01 3.76461e-03
3.80803e+01 3.28734e-03
3.81773e+01 4.94083e-03
3.82742e+01 2.72229e-03
3.83711e+01 2.62401e-03
3.84681e+01 1.09470e-03
3.85650e+01 3.36695e-03
3.86619e+01 3.36694e-03
3.87589e+01 1.66361e-03
3.88558e+01 -1.49960e-04
3.89528e+01 3.54625e-03
3.90497e+01 1.50979e-03
3.91466e+01 7.22408e-04
3.92436e+01 1.18619e-03
3.93405e+01 2.70589e-03
3.94374e+01 8.88016e-04
3.95344e+01 3.59339e-03
3.96313e+01 4.87017e-03
3.97282e+01 2.18065e-03
3.98252e+01 4.96168e-03
3.99221e+01 2.65402e-03
4.00191e+01 3.69352e-03
4.01160e+01 2.00608e-03
4.02129e+01 3.02533e-03
4.03099e+01 1.92876e-03
4.04068e+01 1.48485e-03
4.05037e+01 8.85786e-04
4.06007e+01 4.42580e-03
4.06976e+01 4.76420e-04
4.07945e+01 1.60252e-03
4.08915e+01 1.08473e-03
4.09884e+01 3.79794e-04
4.10854e+01 -2.34304e-04
4.11823e+01 1.60337e-03
4.12792e+01 2.24863e-05
4.13762e+01 6.83438e-04
4.14731e+01 -1.64189e-03
4.15700e+01 2.87493e-03
4.16670e+01 4.94376e-03
4.17639e+01 2.75465e-03
4.18608e+01 1.75641e-03
4.19578e+01 3.96373e-03
4.20547e+01 3.99002e-03
4.21516e+01 9.59555e-03
4.22486e+01 6.78022e-03
4.23455e+01 1.00362e-02
4.24425e+01 9.56163e-03
4.25394e+01 8.04351e-03
4.26363e+01 1.00045e-02
4.27333e+01 7.84914e-03
4.28302e+01 7.51247e-03
4.29271e+01 8.49025e-03
4.30241e+01 8.49726e-03
4.31210e+01 5.41621e-03
4.32179e+01 6.24309e-03
4.33149e+01 3.24386e-03
4.34118e+01 4.72206e-03
4.35088e+01 2.99147e-03
4.36057e+01 6.64951e-03
4.37026e+01 2.78671e-03
4.37996e+01 4.74974e-03
4.38965e+01 4.46868e-03
4.39934e+01 1.50883e-03
4.40904e+01 2.43129e-03
4.41873e+01 1.86642e-03
4.42842e+01 3.33634e-03
4.43812e+01 4.89927e-03
4.44781e+01 4.31393e-03
4.45751e+01 4.20807e-03
4.46720e+01 2.64238e-03
4.47689e+01 2.88343e-03
4.48659e+01 2.13208e-03
4.49628e+01 1.74021e-03
4.50597e+01 7.37204e-04
4.51567e+01 1.29685e-03
4.52536e+01 -1.91497e-03
4.53505e+01 1.72990e-03
4.54475e+01 6.68577e-04
4.55444e+01 9.92043e-04
4.56414e+01 2.05334e-03
4.57383e+01 2.74064e-03
4.58352e+01 1.38550e-03
4.59322e+01 5.13000e-03
4.60291e+01 3.96093e-03
4.61260e+01 2.30493e-03
4.62230e+01 4.68016e-04
4.63199e+01 3.00057e-03
4.64168e+01 2.77222e-03
4.65138e+01 -5.81576e-04
4.66107e+01 1.02630e-03
4.67076e+01 1.41679e-03
4.68046e+01 2.77206e-03
4.69015e+01 2.75939e-03
4.69985e+01 7.61665e-03
4.70954e+01 5.75436e-03
4.71923e+01 8.23110e-03
4.72893e+01 9.09161e-03
4.73862e+01 8.04701e-03
4.74831e+01 7.49031e-03
4.75801e+01 8.82692e-03
4.76770e+01 8.93462e-03
4.77739e+01 1.06462e-02
4.78709e+01 1.03701e-02
4.79678e+01 8.87897e-03
4.80648e+01 8.35016e-03
4.81617e+01 7.60693e-03
4.82586e+01 7.22697e-03
4.83556e+01 7.40339e-03
4.84525e+01 7.43533e-03
4.85494e+01 6.37922e-03
4.86464e+01 8.39394e-03
4.87433e+01 7.41557e-03
4.88402e+01 7.09100e-03
4.89372e+01 6.53229e-03
4.90341e+01 6.65863e-03
4.91311e+01 5.82900e-03
4.92280e+01 5.16845e-03
4.93249e+01 7.57267e-03
4.94219e+01 5.78375e-03
4.95188e+01 7.49797e-03
4.96157e+01 9.46880e-03
4.97127e+01 6.52364e-03
4.98096e+01 5.26683e-03
4.99065e+01 3.70621e-03
5.00035e+01 6.55952e-03
5.01004e+01 5.30324e-03
5.01973e+01 5.24467e-03
5.02943e+01 7.05172e-03
5.03912e+01 7.44749e-03
5.04882e+01 6.25440e-03
5.05851e+01 6.06640e-03
5.06820e+01 5.66130e-03
5.07790e+01 6.32263e-03
5.08759e+01 7.28762e-03
5.09728e+01 5.77472e-03
5.10698e+01 6.01784e-03
5.11667e+01 4.01490e-03
5.12636e+01 4.70838e-03
5.13606e+01 5.42434e-03
5.14575e+01 5.75866e-03
5.15545e+01 3.94900e-03
5.16514e+01 6.80650e-03
5.17483e+01 6.68786e-03
5.18453e+01 6.56272e-03
5.19422e+01 5.48125e-03
5.20391e+01 9.32922e-03
5.21361e+01 7.14300e-03
5.22330e+01 5.81435e-03
5.23299e+01 -1.32362e-02
5.24269e+01 -1.32362e-02
5.25238e+01 -1.32362e-02
5.26208e+01 -1.32362e-02
5.27177e+01 -1.32362e-02
5.28146e+01 -1.32362e-02
5.29116e+01 -1.32362e-02
5.30085e+01 -1.32362e-02
5.31054e+01 -1.32362e-02
5.32024e+01 -1.32362e-02
5.32993e+01 -1.32362e-02
5.33962e+01 -1.32362e-02
5.34932e+01 -1.32362e-02
5.35901e+01 -1.32362e-02
5.36871e+01 -1.32362e-02
5.37840e+01 -1.32362e-02
5.38809e+01 -1.32362e-02
5.39779e+01 -1.32362e-02
5.40748e+01 -1.32362e-02
5.41717e+01 -1.32362e-02
5.42687e+01 -1.32362e-02
5.43656e+01 -1.32362e-02
5.44625e+01 -1.32362e-02
5.45595e+01 -1.32362e-02
5.46564e+01 -1.32362e-02
5.47533e+01 -1.32362e-02
5.48503e+01 -1.32362e-02
5.49472e+01 -1.32362e-02
5.50442e+01 -1.32362e-02
5.51411e+01 -1.32362e-02
5.52380e+01 -1.32362e-02
5.53350e+01 -1.32362e-02
5.54319e+01 -1.32362e-02
5.55288e+01 -1.32362e-02
5.56258e+01 -1.32362e-02
5.57227e+01 -1.32362e-02
5.58196e+01 -1.32362e-02
5.59166e+01 -1.32362e-02
5.60135e+01 -1.32362e-02
5.61105e+01 -1.32362e-02
5.62074e+01 -1.32362e-02
5.63043e+01 -1.32362e-02
5.64013e+01 -1.32362e-02
5.64982e+01 -1.32362e-02
5.65951e+01 -1.32362e-02
5.66921e+01 -1.32362e-02
5.67890e+01 -1.32362e-02
5.68859e+01 -1.32362e-02
5.69829e+01 -1.32362e-02
5.70798e+01 -1.32362e-02
5.71768e+01 -1.32362e-02
5.72737e+01 -1.32362e-02
5.73706e+01 -1.32362e-02
5.74676e+01 -1.32362e-02
5.75645e+01 -1.32362e-02
5.76614e+01 -1.32362e-02
5.77584e+01 -1.32362e-02
5.78553e+01 -1.32362e-02
5.79522e+01 -1.32362e-02
5.80492e+01 -1.32362e-02
5.81461e+01 -1.32362e-02
5.82431e+01 -1.32362e-02
5.83400e+01 -1.32362e-02
5.84369e+01 -1.32362e-02
5.85339e+01 -1.32362e-02
5.86308e+01 -1.32362e-02
5.87277e+01 -1.32362e-02
5.88247e+01 -1.32362e-02
5.89216e+01 -1.32362e-02
5.90185e+01 -1.32362e-02
5.91155e+01 -1.32362e-02
5.92124e+01 -1.32362e-02
5.93093e+01 -1.32362e-02
5.94063e+01 -1.32362e-02
5.95032e+01 -1.32362e-02
5.96002e+01 -1.32362e-02
5.96971e+01 -1.32362e-02
5.97940e+01 -1.32362e-02
5.98910e+01 -1.32362e-02
5.99879e+01 -1.32362e-02
