# La4Ni3O8 Ni L2 edge RIXS
# T = 300 K
# RIXS resolution ~ 0.4 eV
# Horizontal scattering geometry, theta = 15 degrees, 2theta = 95 degrees
# SEXTANTS beamline, SOLEIL synchrotron
# Energy loss 	 Intensity
-4.83900e+01 -2.40300e+02
-4.83104e+01 1.09500e+02
-4.82309e+01 5.29000e+01
-4.81514e+01 3.34000e+01
-4.80719e+01 8.36000e+01
-4.79925e+01 1.56000e+02
-4.79130e+01 3.15500e+02
-4.78336e+01 6.88600e+02
-4.77542e+01 -5.85000e+01
-4.76749e+01 9.53000e+01
-4.75955e+01 -8.68000e+02
-4.75162e+01 -6.76800e+02
-4.74369e+01 -8.75000e+02
-4.73577e+01 -1.56200e+02
-4.72785e+01 -2.51300e+02
-4.71992e+01 2.85500e+02
-4.71201e+01 2.45000e+01
-4.70409e+01 -8.42200e+02
-4.69618e+01 -8.28500e+02
-4.68826e+01 -8.30800e+02
-4.68035e+01 -1.01640e+03
-4.67245e+01 -7.59400e+02
-4.66454e+01 -8.30600e+02
-4.65664e+01 -7.03100e+02
-4.64874e+01 3.92700e+02
-4.64085e+01 4.78200e+02
-4.63295e+01 -6.45200e+02
-4.62506e+01 -5.96900e+02
-4.61717e+01 -6.58000e+01
-4.60928e+01 1.79500e+02
-4.60140e+01 3.96100e+02
-4.59352e+01 5.69100e+02
-4.58564e+01 -1.32000e+02
-4.57776e+01 -9.16000e+02
-4.56989e+01 -5.05100e+02
-4.56202e+01 -5.52100e+02
-4.55415e+01 -6.39000e+02
-4.54628e+01 -1.11030e+03
-4.53841e+01 -2.19480e+03
-4.53055e+01 -1.70430e+03
-4.52269e+01 -1.33510e+03
-4.51483e+01 -1.53980e+03
-4.50698e+01 -1.17830e+03
-4.49913e+01 -5.46700e+02
-4.49128e+01 -1.04920e+03
-4.48343e+01 -5.38700e+02
-4.47558e+01 -3.06300e+02
-4.46774e+01 -8.43000e+02
-4.45990e+01 -1.11850e+03
-4.45206e+01 -6.75100e+02
-4.44423e+01 -1.23060e+03
-4.43640e+01 -7.88000e+02
-4.42857e+01 -1.44360e+03
-4.42074e+01 -1.29050e+03
-4.41291e+01 -9.93200e+02
-4.40509e+01 -8.86500e+02
-4.39727e+01 -1.18560e+03
-4.38945e+01 -6.79100e+02
-4.38163e+01 -7.14400e+02
-4.37382e+01 -6.51000e+01
-4.36601e+01 -5.58900e+02
-4.35820e+01 -3.63400e+02
-4.35040e+01 -2.49800e+02
-4.34259e+01 -8.20000e+01
-4.33479e+01 -1.18100e+03
-4.32699e+01 -9.67200e+02
-4.31920e+01 -1.40900e+03
-4.31140e+01 -1.09700e+02
-4.30361e+01 -5.81000e+02
-4.29582e+01 -2.43300e+02
-4.28804e+01 -9.74500e+02
-4.28025e+01 -1.09800e+02
-4.27247e+01 -1.22600e+02
-4.26469e+01 -4.03600e+02
-4.25692e+01 -2.16700e+02
-4.24914e+01 4.59400e+02
-4.24137e+01 2.27700e+02
-4.23360e+01 -2.35700e+02
-4.22584e+01 -1.39860e+03
-4.21807e+01 -1.21710e+03
-4.21031e+01 -1.32030e+03
-4.20255e+01 -6.32000e+02
-4.19479e+01 -2.32200e+02
-4.18704e+01 -6.10500e+02
-4.17929e+01 1.78500e+02
-4.17154e+01 2.48800e+02
-4.16379e+01 -3.74200e+02
-4.15605e+01 1.22200e+02
-4.14831e+01 -1.09600e+02
-4.14057e+01 -6.92500e+02
-4.13283e+01 -1.31390e+03
-4.12509e+01 -4.15800e+02
-4.11736e+01 -6.29500e+02
-4.10963e+01 -1.46500e+02
-4.10191e+01 -8.29600e+02
-4.09418e+01 -3.31900e+02
-4.08646e+01 -8.30200e+02
-4.07874e+01 -7.56500e+02
-4.07102e+01 -5.79200e+02
-4.06331e+01 -4.34000e+01
-4.05559e+01 -9.59100e+02
-4.04788e+01 -3.46500e+02
-4.04017e+01 -2.72500e+02
-4.03247e+01 -3.78000e+02
-4.02477e+01 -7.78700e+02
-4.01707e+01 1.55000e+01
-4.00937e+01 -1.75000e+02
-4.00167e+01 -2.73100e+02
-3.99398e+01 -3.80000e+02
-3.98629e+01 -8.16800e+02
-3.97860e+01 -5.91200e+02
-3.97092e+01 -5.31000e+02
-3.96323e+01 -7.24000e+02
-3.95555e+01 -9.46000e+01
-3.94787e+01 -7.91000e+01
-3.94020e+01 -4.80100e+02
-3.93253e+01 9.06000e+01
-3.92485e+01 9.00400e+02
-3.91719e+01 -4.16000e+01
-3.90952e+01 -7.63500e+02
-3.90186e+01 2.34000e+01
-3.89420e+01 7.00000e+00
-3.88654e+01 5.72400e+02
-3.87888e+01 -1.84400e+02
-3.87123e+01 -5.82100e+02
-3.86358e+01 -4.20400e+02
-3.85593e+01 -5.31900e+02
-3.84828e+01 -8.99200e+02
-3.84064e+01 -6.01200e+02
-3.83300e+01 -3.18600e+02
-3.82536e+01 3.20000e+01
-3.81772e+01 -3.63300e+02
-3.81009e+01 -5.98800e+02
-3.80245e+01 -7.75600e+02
-3.79483e+01 4.86200e+02
-3.78720e+01 4.09300e+02
-3.77957e+01 -3.38000e+02
-3.77195e+01 -8.11400e+02
-3.76433e+01 -6.74000e+01
-3.75672e+01 -4.07600e+02
-3.74910e+01 -7.04800e+02
-3.74149e+01 -6.88800e+02
-3.73388e+01 -3.68000e+02
-3.72627e+01 -1.45400e+03
-3.71867e+01 -3.20100e+02
-3.71107e+01 -1.88300e+02
-3.70347e+01 -6.79200e+02
-3.69587e+01 -9.26200e+02
-3.68827e+01 -1.12770e+03
-3.68068e+01 -1.03190e+03
-3.67309e+01 -8.03000e+01
-3.66551e+01 2.42800e+02
-3.65792e+01 1.38500e+02
-3.65034e+01 -4.93000e+02
-3.64276e+01 -4.22600e+02
-3.63518e+01 -1.28850e+03
-3.62760e+01 -3.44200e+02
-3.62003e+01 4.22000e+01
-3.61246e+01 -4.51000e+02
-3.60489e+01 -7.05000e+02
-3.59733e+01 -2.87500e+02
-3.58977e+01 -3.66200e+02
-3.58221e+01 -6.50600e+02
-3.57465e+01 -3.60100e+02
-3.56709e+01 -5.45400e+02
-3.55954e+01 -6.44600e+02
-3.55199e+01 -2.91300e+02
-3.54444e+01 2.56300e+02
-3.53689e+01 -2.94300e+02
-3.52935e+01 -3.41300e+02
-3.52181e+01 -1.01800e+02
-3.51427e+01 -3.01100e+02
-3.50674e+01 -6.35000e+02
-3.49920e+01 -1.22010e+03
-3.49167e+01 -7.61000e+02
-3.48414e+01 -6.43600e+02
-3.47662e+01 -5.13600e+02
-3.46909e+01 -1.54600e+02
-3.46157e+01 -3.17900e+02
-3.45405e+01 -4.18200e+02
-3.44654e+01 -4.24100e+02
-3.43902e+01 -3.73900e+02
-3.43151e+01 -5.22900e+02
-3.42400e+01 -6.79000e+01
-3.41650e+01 5.31100e+02
-3.40899e+01 -1.26000e+01
-3.40149e+01 9.96000e+01
-3.39399e+01 -7.85400e+02
-3.38650e+01 2.20000e+00
-3.37900e+01 -9.48000e+01
-3.37151e+01 -4.44800e+02
-3.36402e+01 4.43000e+01
-3.35653e+01 5.27300e+02
-3.34905e+01 3.40000e+02
-3.34157e+01 6.77900e+02
-3.33409e+01 -4.18800e+02
-3.32661e+01 -6.44300e+02
-3.31914e+01 3.11000e+01
-3.31166e+01 8.80600e+02
-3.30419e+01 3.70500e+02
-3.29673e+01 -3.12200e+02
-3.28926e+01 2.10000e+00
-3.28180e+01 -8.03000e+01
-3.27434e+01 1.37200e+02
-3.26688e+01 1.37800e+02
-3.25943e+01 -6.66300e+02
-3.25198e+01 2.27800e+02
-3.24453e+01 5.54200e+02
-3.23708e+01 -2.43600e+02
-3.22963e+01 -1.72600e+02
-3.22219e+01 -7.56500e+02
-3.21475e+01 -8.53000e+01
-3.20731e+01 4.77700e+02
-3.19988e+01 3.61400e+02
-3.19244e+01 2.75800e+02
-3.18501e+01 5.80100e+02
-3.17759e+01 7.84700e+02
-3.17016e+01 -1.38200e+02
-3.16274e+01 -4.59900e+02
-3.15532e+01 2.83900e+02
-3.14790e+01 -4.47000e+01
-3.14048e+01 1.01000e+02
-3.13307e+01 -4.74000e+01
-3.12566e+01 5.92000e+01
-3.11825e+01 -5.43800e+02
-3.11085e+01 -1.15200e+02
-3.10344e+01 -1.28740e+03
-3.09604e+01 -9.40300e+02
-3.08864e+01 -9.92900e+02
-3.08125e+01 -1.28100e+03
-3.07385e+01 -8.91600e+02
-3.06646e+01 -5.65600e+02
-3.05907e+01 -6.32800e+02
-3.05169e+01 -5.46400e+02
-3.04430e+01 -1.14680e+03
-3.03692e+01 -7.11700e+02
-3.02954e+01 -2.99000e+01
-3.02217e+01 -6.98000e+01
-3.01479e+01 6.31700e+02
-3.00742e+01 3.85600e+02
-3.00005e+01 5.34700e+02
-2.99269e+01 -4.88000e+01
-2.98532e+01 -5.42700e+02
-2.97796e+01 -2.71000e+01
-2.97060e+01 5.97200e+02
-2.96324e+01 8.04000e+01
-2.95589e+01 -1.41710e+03
-2.94854e+01 1.16500e+02
-2.94119e+01 2.19500e+02
-2.93384e+01 2.72200e+02
-2.92650e+01 -1.38330e+03
-2.91916e+01 -7.99400e+02
-2.91182e+01 -6.12600e+02
-2.90448e+01 -9.47900e+02
-2.89714e+01 -1.03470e+03
-2.88981e+01 -8.34100e+02
-2.88248e+01 -1.17190e+03
-2.87516e+01 -8.44600e+02
-2.86783e+01 -3.98100e+02
-2.86051e+01 1.06100e+02
-2.85319e+01 2.42200e+02
-2.84587e+01 -3.83200e+02
-2.83856e+01 -4.28700e+02
-2.83124e+01 -1.04000e+02
-2.82393e+01 -7.40100e+02
-2.81663e+01 -1.07700e+02
-2.80932e+01 2.79700e+02
-2.80202e+01 -4.17100e+02
-2.79472e+01 -5.45700e+02
-2.78742e+01 -5.88000e+01
-2.78012e+01 -1.50200e+02
-2.77283e+01 2.77700e+02
-2.76554e+01 4.77000e+01
-2.75825e+01 -6.08600e+02
-2.75097e+01 -3.17300e+02
-2.74368e+01 -1.27160e+03
-2.73640e+01 -1.76070e+03
-2.72912e+01 -1.76080e+03
-2.72185e+01 -3.42000e+02
-2.71458e+01 -4.35600e+02
-2.70730e+01 1.31600e+02
-2.70004e+01 1.23800e+02
-2.69277e+01 -7.28400e+02
-2.68551e+01 -1.06730e+03
-2.67825e+01 -1.00590e+03
-2.67099e+01 -8.67600e+02
-2.66373e+01 -1.18450e+03
-2.65648e+01 -8.71600e+02
-2.64923e+01 -6.78500e+02
-2.64198e+01 -5.22000e+02
-2.63473e+01 -7.91300e+02
-2.62749e+01 -3.41100e+02
-2.62025e+01 -1.50200e+02
-2.61301e+01 -1.13120e+03
-2.60577e+01 -1.61000e+03
-2.59854e+01 -9.38300e+02
-2.59131e+01 -6.31700e+02
-2.58408e+01 -6.42300e+02
-2.57685e+01 -2.32500e+02
-2.56962e+01 4.20600e+02
-2.56240e+01 -8.53600e+02
-2.55518e+01 -1.05620e+03
-2.54797e+01 -1.03580e+03
-2.54075e+01 -5.15500e+02
-2.53354e+01 -1.20020e+03
-2.52633e+01 -8.15200e+02
-2.51912e+01 -1.01850e+03
-2.51192e+01 -1.05040e+03
-2.50472e+01 -5.19900e+02
-2.49752e+01 -1.52100e+03
-2.49032e+01 -1.13680e+03
-2.48313e+01 -1.16940e+03
-2.47593e+01 -1.21340e+03
-2.46874e+01 -9.58300e+02
-2.46156e+01 -8.72500e+02
-2.45437e+01 -1.15000e+02
-2.44719e+01 4.44500e+02
-2.44001e+01 1.20100e+02
-2.43283e+01 -2.66800e+02
-2.42566e+01 -7.78500e+02
-2.41848e+01 -8.03400e+02
-2.41131e+01 -2.93100e+02
-2.40415e+01 -4.78300e+02
-2.39698e+01 -5.43700e+02
-2.38982e+01 -1.87790e+03
-2.38266e+01 -1.47690e+03
-2.37550e+01 -1.57660e+03
-2.36834e+01 -9.58300e+02
-2.36119e+01 -7.70600e+02
-2.35404e+01 -7.34400e+02
-2.34689e+01 -1.37540e+03
-2.33975e+01 -2.60500e+02
-2.33260e+01 -3.14000e+02
-2.32546e+01 -9.27700e+02
-2.31832e+01 -6.47500e+02
-2.31119e+01 -8.62400e+02
-2.30405e+01 -5.45700e+02
-2.29692e+01 -1.00360e+03
-2.28979e+01 -8.37200e+02
-2.28267e+01 -1.08200e+02
-2.27555e+01 1.52900e+02
-2.26842e+01 -3.86800e+02
-2.26131e+01 -4.65400e+02
-2.25419e+01 -2.84900e+02
-2.24708e+01 -2.78600e+02
-2.23996e+01 -4.11400e+02
-2.23286e+01 -4.46200e+02
-2.22575e+01 -9.64000e+02
-2.21864e+01 -1.63890e+03
-2.21154e+01 -1.06890e+03
-2.20444e+01 -4.87800e+02
-2.19735e+01 -1.24140e+03
-2.19025e+01 -2.03000e+02
-2.18316e+01 -3.02100e+02
-2.17607e+01 -9.44100e+02
-2.16899e+01 -1.22000e+03
-2.16190e+01 -6.12100e+02
-2.15482e+01 -1.00800e+03
-2.14774e+01 -1.70870e+03
-2.14066e+01 -1.46790e+03
-2.13359e+01 -1.00090e+03
-2.12652e+01 -1.21630e+03
-2.11945e+01 -1.28750e+03
-2.11238e+01 -6.21100e+02
-2.10532e+01 -6.61400e+02
-2.09825e+01 -9.34600e+02
-2.09119e+01 -3.40000e+02
-2.08414e+01 -5.67500e+02
-2.07708e+01 -7.49100e+02
-2.07003e+01 -8.41700e+02
-2.06298e+01 -3.16700e+02
-2.05593e+01 -1.03230e+03
-2.04889e+01 -6.05800e+02
-2.04184e+01 -2.09770e+03
-2.03480e+01 -2.24270e+03
-2.02777e+01 -1.77230e+03
-2.02073e+01 -6.63300e+02
-2.01370e+01 -1.21590e+03
-2.00667e+01 -1.62050e+03
-1.99964e+01 -1.24400e+03
-1.99261e+01 -9.39100e+02
-1.98559e+01 -6.12000e+01
-1.97857e+01 -2.40000e+01
-1.97155e+01 -1.05130e+03
-1.96454e+01 -1.40590e+03
-1.95752e+01 -1.88040e+03
-1.95051e+01 -1.98980e+03
-1.94350e+01 -7.95700e+02
-1.93650e+01 -5.26000e+01
-1.92950e+01 -3.20300e+02
-1.92249e+01 -2.40800e+02
-1.91550e+01 -5.26000e+01
-1.90850e+01 8.66000e+01
-1.90151e+01 -9.00300e+02
-1.89452e+01 -6.80100e+02
-1.88753e+01 -1.29200e+02
-1.88054e+01 -4.25800e+02
-1.87356e+01 -7.99500e+02
-1.86658e+01 3.65100e+02
-1.85960e+01 1.52700e+02
-1.85262e+01 -8.62000e+02
-1.84565e+01 -1.20580e+03
-1.83868e+01 -7.23300e+02
-1.83171e+01 -1.01160e+03
-1.82474e+01 -8.89600e+02
-1.81778e+01 -1.00980e+03
-1.81081e+01 -6.96000e+02
-1.80385e+01 -5.74700e+02
-1.79690e+01 -1.18660e+03
-1.78994e+01 -1.01340e+03
-1.78299e+01 -1.59890e+03
-1.77604e+01 -1.20220e+03
-1.76910e+01 -8.38700e+02
-1.76215e+01 -1.92540e+03
-1.75521e+01 -1.70590e+03
-1.74827e+01 -6.88900e+02
-1.74133e+01 -2.27500e+02
-1.73440e+01 -3.97700e+02
-1.72747e+01 -1.74530e+03
-1.72054e+01 -4.79000e+02
-1.71361e+01 -1.14660e+03
-1.70668e+01 -1.24270e+03
-1.69976e+01 -8.51200e+02
-1.69284e+01 -4.58700e+02
-1.68592e+01 -9.36900e+02
-1.67901e+01 -1.44420e+03
-1.67210e+01 -1.01300e+03
-1.66519e+01 -7.97300e+02
-1.65828e+01 -6.47800e+02
-1.65137e+01 -4.43600e+02
-1.64447e+01 -7.11000e+02
-1.63757e+01 -1.79100e+02
-1.63067e+01 -1.00670e+03
-1.62378e+01 -5.85600e+02
-1.61688e+01 -2.87800e+02
-1.60999e+01 2.90800e+02
-1.60311e+01 7.20000e+00
-1.59622e+01 -6.83000e+01
-1.58934e+01 -1.45070e+03
-1.58246e+01 -1.23020e+03
-1.57558e+01 -6.90600e+02
-1.56870e+01 -9.91900e+02
-1.56183e+01 -6.54500e+02
-1.55496e+01 6.36000e+01
-1.54809e+01 -8.53400e+02
-1.54122e+01 -4.68800e+02
-1.53436e+01 -9.29500e+02
-1.52750e+01 -4.76200e+02
-1.52064e+01 -1.08540e+03
-1.51379e+01 -4.56200e+02
-1.50693e+01 -9.20800e+02
-1.50008e+01 -8.52100e+02
-1.49323e+01 -7.96800e+02
-1.48639e+01 6.94000e+01
-1.47954e+01 -8.43500e+02
-1.47270e+01 -1.88540e+03
-1.46586e+01 -1.28740e+03
-1.45903e+01 -7.06700e+02
-1.45219e+01 -1.35870e+03
-1.44536e+01 6.94000e+02
-1.43853e+01 -2.95300e+02
-1.43170e+01 -3.88600e+02
-1.42488e+01 -1.56080e+03
-1.41806e+01 -1.17060e+03
-1.41124e+01 -3.87900e+02
-1.40442e+01 1.07100e+02
-1.39761e+01 1.05600e+02
-1.39080e+01 -1.17000e+02
-1.38399e+01 -7.25400e+02
-1.37718e+01 -3.14000e+01
-1.37037e+01 8.19500e+02
-1.36357e+01 5.16300e+02
-1.35677e+01 1.03000e+01
-1.34998e+01 -5.53300e+02
-1.34318e+01 -1.10710e+03
-1.33639e+01 -1.63010e+03
-1.32960e+01 -5.16000e+02
-1.32281e+01 -1.34850e+03
-1.31603e+01 -7.03700e+02
-1.30924e+01 -1.38700e+02
-1.30246e+01 3.53200e+02
-1.29569e+01 4.07000e+01
-1.28891e+01 -7.19000e+02
-1.28214e+01 -1.77300e+02
-1.27537e+01 5.80900e+02
-1.26860e+01 1.21900e+02
-1.26184e+01 2.25600e+02
-1.25507e+01 4.15500e+02
-1.24831e+01 -4.55000e+01
-1.24155e+01 -4.31400e+02
-1.23480e+01 -2.88900e+02
-1.22805e+01 -1.30200e+02
-1.22130e+01 4.24800e+02
-1.21455e+01 8.87900e+02
-1.20780e+01 1.16180e+03
-1.20106e+01 -3.61700e+02
-1.19432e+01 -5.66300e+02
-1.18758e+01 -7.40100e+02
-1.18084e+01 -4.62300e+02
-1.17411e+01 -8.59000e+01
-1.16738e+01 -9.40000e+00
-1.16065e+01 -1.23980e+03
-1.15392e+01 -9.75000e+01
-1.14720e+01 5.15600e+02
-1.14048e+01 -5.91000e+01
-1.13376e+01 -6.82700e+02
-1.12704e+01 1.53100e+02
-1.12033e+01 3.15000e+01
-1.11362e+01 7.10000e+01
-1.10691e+01 -1.41300e+02
-1.10020e+01 2.67300e+02
-1.09350e+01 7.08400e+02
-1.08680e+01 8.81400e+02
-1.08010e+01 -4.78500e+02
-1.07340e+01 -9.93300e+02
-1.06671e+01 -3.33400e+02
-1.06002e+01 -1.68100e+02
-1.05333e+01 1.08000e+02
-1.04664e+01 1.38700e+02
-1.03996e+01 -5.54200e+02
-1.03328e+01 2.12000e+02
-1.02660e+01 -1.07750e+03
-1.01992e+01 -5.70000e+02
-1.01324e+01 3.47600e+02
-1.00657e+01 9.93500e+02
-9.99903e+00 2.36700e+02
-9.93236e+00 1.02900e+02
-9.86571e+00 6.63800e+02
-9.79909e+00 7.80000e+00
-9.73249e+00 -3.33000e+01
-9.66592e+00 -1.27900e+02
-9.59937e+00 6.20000e+00
-9.53285e+00 3.42400e+02
-9.46635e+00 5.58100e+02
-9.39987e+00 5.75300e+02
-9.33342e+00 1.09900e+02
-9.26700e+00 -5.36000e+02
-9.20060e+00 -4.95200e+02
-9.13422e+00 5.15200e+02
-9.06787e+00 1.39100e+02
-9.00154e+00 1.83300e+02
-8.93524e+00 4.21600e+02
-8.86896e+00 3.42000e+01
-8.80270e+00 -3.54500e+02
-8.73647e+00 4.95600e+02
-8.67027e+00 -1.12880e+03
-8.60409e+00 -7.62200e+02
-8.53793e+00 6.32500e+02
-8.47180e+00 5.80400e+02
-8.40569e+00 -2.57900e+02
-8.33961e+00 2.14900e+02
-8.27355e+00 6.45500e+02
-8.20752e+00 5.98500e+02
-8.14151e+00 1.52900e+02
-8.07553e+00 2.51300e+02
-8.00957e+00 1.21030e+03
-7.94363e+00 5.84500e+02
-7.87772e+00 1.17000e+02
-7.81184e+00 3.99200e+02
-7.74598e+00 2.84000e+02
-7.68014e+00 -2.25000e+02
-7.61433e+00 -2.02300e+02
-7.54854e+00 6.16000e+01
-7.48278e+00 1.74040e+03
-7.41704e+00 4.81000e+01
-7.35132e+00 -1.29740e+03
-7.28563e+00 -1.89450e+03
-7.21997e+00 -8.88700e+02
-7.15433e+00 6.73500e+02
-7.08871e+00 4.56600e+02
-7.02312e+00 1.97500e+02
-6.95755e+00 7.99800e+02
-6.89201e+00 2.96500e+02
-6.82649e+00 1.18800e+02
-6.76100e+00 -7.13000e+02
-6.69553e+00 -8.01000e+01
-6.63009e+00 2.97600e+02
-6.56467e+00 -3.14700e+02
-6.49927e+00 -1.96300e+02
-6.43390e+00 -5.24000e+02
-6.36855e+00 -8.25600e+02
-6.30323e+00 -5.09000e+02
-6.23794e+00 1.72000e+01
-6.17267e+00 4.88900e+02
-6.10742e+00 2.02800e+02
-6.04219e+00 -4.87500e+02
-5.97699e+00 8.15000e+02
-5.91182e+00 3.50100e+02
-5.84667e+00 -1.13530e+03
-5.78155e+00 -1.01640e+03
-5.71645e+00 -2.71100e+02
-5.65137e+00 2.97200e+02
-5.58632e+00 3.17500e+02
-5.52129e+00 4.51800e+02
-5.45629e+00 4.55000e+02
-5.39131e+00 5.66300e+02
-5.32636e+00 1.17740e+03
-5.26143e+00 4.72000e+02
-5.19652e+00 3.82900e+02
-5.13164e+00 1.26300e+03
-5.06679e+00 1.42630e+03
-5.00196e+00 9.29800e+02
-4.93715e+00 -1.59400e+02
-4.87237e+00 7.64100e+02
-4.80761e+00 1.10590e+03
-4.74288e+00 3.76200e+02
-4.67817e+00 -1.78200e+02
-4.61349e+00 3.64300e+02
-4.54883e+00 5.43900e+02
-4.48419e+00 5.15800e+02
-4.41959e+00 4.90500e+02
-4.35500e+00 2.34200e+02
-4.29044e+00 6.52600e+02
-4.22590e+00 7.06000e+02
-4.16139e+00 1.70750e+03
-4.09690e+00 2.07620e+03
-4.03244e+00 9.42000e+02
-3.96800e+00 1.16780e+03
-3.90359e+00 1.21610e+03
-3.83920e+00 9.56500e+02
-3.77484e+00 3.59200e+02
-3.71050e+00 3.75300e+02
-3.64618e+00 1.31200e+03
-3.58189e+00 1.51390e+03
-3.51762e+00 2.41430e+03
-3.45338e+00 7.53400e+02
-3.38917e+00 1.18330e+03
-3.32497e+00 2.52200e+03
-3.26081e+00 2.10510e+03
-3.19666e+00 5.59100e+02
-3.13254e+00 4.87500e+02
-3.06845e+00 1.84700e+03
-3.00438e+00 2.31250e+03
-2.94033e+00 1.64680e+03
-2.87631e+00 2.93080e+03
-2.81232e+00 2.23430e+03
-2.74835e+00 7.03500e+02
-2.68440e+00 1.24870e+03
-2.62047e+00 2.01660e+03
-2.55658e+00 2.88130e+03
-2.49270e+00 3.07840e+03
-2.42885e+00 1.95660e+03
-2.36503e+00 1.69500e+03
-2.30123e+00 1.74200e+03
-2.23745e+00 1.98680e+03
-2.17370e+00 1.91590e+03
-2.10998e+00 2.74080e+03
-2.04628e+00 3.68690e+03
-1.98260e+00 3.65040e+03
-1.91894e+00 3.03830e+03
-1.85532e+00 4.01230e+03
-1.79171e+00 2.26300e+03
-1.72813e+00 2.25720e+03
-1.66458e+00 2.41000e+03
-1.60105e+00 2.95560e+03
-1.53754e+00 3.51210e+03
-1.47406e+00 3.12620e+03
-1.41061e+00 2.72510e+03
-1.34718e+00 3.68840e+03
-1.28377e+00 4.15560e+03
-1.22039e+00 3.72370e+03
-1.15703e+00 3.32820e+03
-1.09369e+00 4.31130e+03
-1.03038e+00 5.52220e+03
-9.67100e-01 5.59040e+03
-9.03840e-01 5.53390e+03
-8.40604e-01 4.61280e+03
-7.77393e-01 5.68800e+03
-7.14207e-01 4.96050e+03
-6.51045e-01 7.33530e+03
-5.87908e-01 9.62300e+03
-5.24795e-01 1.20461e+04
-4.61707e-01 1.54015e+04
-3.98643e-01 2.00224e+04
-3.35604e-01 2.70856e+04
-2.72589e-01 4.19035e+04
-2.09599e-01 5.88442e+04
-1.46633e-01 8.06318e+04
-8.36920e-02 1.00612e+05
-2.07760e-02 1.11458e+05
4.21160e-02 1.05320e+05
1.04983e-01 8.78361e+04
1.67826e-01 7.05335e+04
2.30644e-01 6.25624e+04
2.93438e-01 6.21109e+04
3.56207e-01 7.27220e+04
4.18952e-01 9.22662e+04
4.81672e-01 1.18600e+05
5.44368e-01 1.46405e+05
6.07039e-01 1.82009e+05
6.69685e-01 2.18656e+05
7.32307e-01 2.58413e+05
7.94905e-01 2.87269e+05
8.57478e-01 3.10030e+05
9.20026e-01 3.23931e+05
9.82550e-01 3.29465e+05
1.04505e+00 3.25672e+05
1.10752e+00 3.11679e+05
1.16997e+00 3.05188e+05
1.23240e+00 2.93703e+05
1.29480e+00 2.90851e+05
1.35718e+00 2.96370e+05
1.41953e+00 3.17935e+05
1.48186e+00 3.32937e+05
1.54416e+00 3.47406e+05
1.60644e+00 3.44994e+05
1.66869e+00 3.43132e+05
1.73092e+00 3.41426e+05
1.79313e+00 3.29821e+05
1.85531e+00 3.14402e+05
1.91746e+00 2.98004e+05
1.97959e+00 2.87808e+05
2.04170e+00 2.71444e+05
2.10378e+00 2.54082e+05
2.16584e+00 2.44066e+05
2.22787e+00 2.32247e+05
2.28988e+00 2.22157e+05
2.35186e+00 2.17195e+05
2.41382e+00 2.21101e+05
2.47576e+00 2.14337e+05
2.53767e+00 2.05563e+05
2.59956e+00 2.01954e+05
2.66142e+00 2.04504e+05
2.72325e+00 1.98378e+05
2.78506e+00 1.85280e+05
2.84685e+00 1.76678e+05
2.90862e+00 1.70031e+05
2.97035e+00 1.65853e+05
3.03207e+00 1.60221e+05
3.09376e+00 1.54132e+05
3.15542e+00 1.51057e+05
3.21706e+00 1.38965e+05
3.27868e+00 1.28105e+05
3.34027e+00 1.22882e+05
3.40184e+00 1.18787e+05
3.46338e+00 1.11396e+05
3.52490e+00 1.07145e+05
3.58639e+00 9.72503e+04
3.64786e+00 9.20646e+04
3.70930e+00 9.74079e+04
3.77072e+00 9.24004e+04
3.83211e+00 8.86032e+04
3.89349e+00 8.49806e+04
3.95483e+00 8.65166e+04
4.01615e+00 8.41142e+04
4.07745e+00 8.10873e+04
4.13872e+00 7.75380e+04
4.19997e+00 7.51844e+04
4.26119e+00 7.48351e+04
4.32239e+00 7.30829e+04
4.38356e+00 7.26798e+04
4.44472e+00 7.63273e+04
4.50584e+00 7.56544e+04
4.56694e+00 7.27814e+04
4.62802e+00 7.01952e+04
4.68907e+00 6.98719e+04
4.75009e+00 6.90795e+04
4.81110e+00 6.84763e+04
4.87207e+00 7.26463e+04
4.93303e+00 7.74043e+04
4.99396e+00 7.41972e+04
5.05486e+00 6.85506e+04
5.11574e+00 6.54572e+04
5.17659e+00 6.67177e+04
5.23742e+00 6.68011e+04
5.29823e+00 6.56547e+04
5.35901e+00 6.67184e+04
5.41977e+00 6.19752e+04
5.48050e+00 5.96510e+04
5.54121e+00 5.91070e+04
5.60189e+00 6.12491e+04
5.66255e+00 5.88171e+04
5.72318e+00 6.08861e+04
5.78379e+00 6.13931e+04
5.84438e+00 5.96377e+04
5.90494e+00 5.74754e+04
5.96548e+00 5.31368e+04
6.02599e+00 5.25086e+04
6.08647e+00 5.36554e+04
6.14694e+00 5.12928e+04
6.20737e+00 5.00633e+04
6.26779e+00 4.96933e+04
6.32818e+00 4.95468e+04
6.38854e+00 4.98180e+04
6.44888e+00 4.89589e+04
6.50920e+00 4.64190e+04
6.56949e+00 4.51957e+04
6.62975e+00 4.43528e+04
6.68999e+00 4.33766e+04
6.75021e+00 3.91600e+04
6.81040e+00 3.75582e+04
6.87057e+00 3.72225e+04
6.93071e+00 3.67196e+04
6.99083e+00 3.89586e+04
7.05093e+00 3.81993e+04
7.11100e+00 3.72213e+04
7.17104e+00 3.87890e+04
7.23106e+00 3.60093e+04
7.29106e+00 3.61654e+04
7.35103e+00 3.44945e+04
7.41098e+00 3.23725e+04
7.47090e+00 3.11552e+04
7.53080e+00 3.27050e+04
7.59067e+00 3.22372e+04
7.65052e+00 3.35636e+04
7.71034e+00 3.13250e+04
7.77014e+00 3.06803e+04
7.82992e+00 3.18238e+04
7.88967e+00 3.03524e+04
7.94939e+00 3.23880e+04
8.00910e+00 3.10603e+04
8.06877e+00 2.82496e+04
8.12843e+00 2.85558e+04
8.18805e+00 2.86432e+04
8.24766e+00 2.67715e+04
8.30724e+00 2.50481e+04
8.36679e+00 2.46119e+04
8.42632e+00 2.73631e+04
8.48583e+00 2.53968e+04
8.54531e+00 2.37726e+04
8.60476e+00 2.00250e+04
8.66419e+00 2.09862e+04
8.72360e+00 2.34257e+04
8.78298e+00 2.20265e+04
8.84234e+00 2.18357e+04
8.90167e+00 2.17894e+04
8.96098e+00 2.12828e+04
9.02027e+00 2.03200e+04
9.07953e+00 2.05170e+04
9.13876e+00 2.24095e+04
9.19797e+00 2.25276e+04
9.25716e+00 2.04613e+04
9.31632e+00 2.17166e+04
9.37546e+00 2.01073e+04
9.43457e+00 2.05247e+04
9.49366e+00 1.96788e+04
9.55272e+00 1.79487e+04
9.61176e+00 2.05834e+04
9.67078e+00 2.08685e+04
9.72977e+00 1.91741e+04
9.78873e+00 1.75302e+04
9.84767e+00 1.81206e+04
9.90659e+00 1.99553e+04
9.96548e+00 2.04558e+04
1.00243e+01 1.93425e+04
1.00832e+01 1.98535e+04
1.01420e+01 1.79111e+04
1.02008e+01 1.57953e+04
1.02596e+01 1.74293e+04
1.03183e+01 2.00628e+04
1.03770e+01 1.95283e+04
1.04357e+01 1.70755e+04
1.04944e+01 1.71227e+04
1.05530e+01 1.86869e+04
1.06117e+01 1.87279e+04
1.06703e+01 1.72469e+04
1.07288e+01 1.87299e+04
1.07874e+01 1.91396e+04
1.08459e+01 1.93246e+04
1.09044e+01 1.94883e+04
1.09629e+01 1.99306e+04
1.10213e+01 1.97704e+04
1.10798e+01 2.03142e+04
1.11382e+01 1.89494e+04
1.11965e+01 1.98702e+04
1.12549e+01 1.92699e+04
1.13132e+01 2.06198e+04
1.13715e+01 1.86365e+04
1.14298e+01 1.87222e+04
1.14880e+01 1.87496e+04
1.15463e+01 1.88818e+04
1.16045e+01 2.06693e+04
1.16627e+01 2.15927e+04
1.17208e+01 2.16907e+04
1.17790e+01 2.05760e+04
1.18371e+01 1.87916e+04
1.18951e+01 2.07640e+04
1.19532e+01 2.28228e+04
1.20112e+01 2.34673e+04
1.20692e+01 2.16681e+04
1.21272e+01 1.95677e+04
1.21852e+01 2.08781e+04
1.22431e+01 2.18645e+04
1.23010e+01 2.26648e+04
1.23589e+01 2.29258e+04
1.24168e+01 2.42616e+04
1.24746e+01 2.54036e+04
1.25324e+01 2.26627e+04
1.25902e+01 2.45905e+04
1.26480e+01 2.45168e+04
1.27057e+01 2.48704e+04
1.27634e+01 2.70120e+04
1.28211e+01 2.63353e+04
1.28788e+01 2.47488e+04
1.29364e+01 2.26164e+04
1.29940e+01 2.29081e+04
1.30516e+01 2.67554e+04
1.31092e+01 2.96221e+04
1.31667e+01 2.70966e+04
1.32242e+01 3.02491e+04
1.32817e+01 3.09546e+04
1.33392e+01 2.93572e+04
1.33967e+01 3.03024e+04
1.34541e+01 3.25154e+04
1.35115e+01 3.34889e+04
1.35688e+01 3.41093e+04
1.36262e+01 3.43554e+04
1.36835e+01 3.48769e+04
1.37408e+01 3.53358e+04
1.37981e+01 3.63189e+04
1.38553e+01 3.90831e+04
1.39125e+01 3.76811e+04
1.39697e+01 3.74181e+04
1.40269e+01 4.12129e+04
1.40841e+01 3.93362e+04
1.41412e+01 4.01531e+04
1.41983e+01 3.73293e+04
1.42554e+01 4.10266e+04
1.43124e+01 4.07038e+04
1.43694e+01 4.23065e+04
1.44264e+01 4.53616e+04
1.44834e+01 4.60778e+04
1.45404e+01 4.72953e+04
1.45973e+01 4.40823e+04
1.46542e+01 4.56466e+04
1.47111e+01 4.84152e+04
1.47679e+01 4.90863e+04
1.48248e+01 4.97545e+04
1.48816e+01 5.08430e+04
1.49384e+01 5.21892e+04
1.49951e+01 5.53138e+04
1.50518e+01 5.74527e+04
1.51086e+01 5.93130e+04
1.51652e+01 5.96510e+04
1.52219e+01 6.13552e+04
1.52785e+01 6.07309e+04
1.53351e+01 5.99529e+04
1.53917e+01 6.23132e+04
1.54483e+01 6.52458e+04
1.55048e+01 6.74816e+04
1.55613e+01 7.07649e+04
1.56178e+01 7.05842e+04
1.56743e+01 7.29657e+04
1.57307e+01 7.57803e+04
1.57871e+01 7.70972e+04
1.58435e+01 7.69214e+04
1.58999e+01 7.85993e+04
1.59562e+01 8.18030e+04
1.60125e+01 8.12363e+04
1.60688e+01 8.18760e+04
1.61251e+01 8.85571e+04
1.61813e+01 8.62383e+04
1.62375e+01 8.52534e+04
1.62937e+01 8.37693e+04
1.63499e+01 8.83572e+04
1.64061e+01 9.61024e+04
1.64622e+01 9.78514e+04
1.65183e+01 1.01663e+05
1.65743e+01 9.99300e+04
1.66304e+01 1.03410e+05
1.66864e+01 1.09262e+05
1.67424e+01 1.13290e+05
1.67984e+01 1.12697e+05
1.68543e+01 1.22846e+05
1.69102e+01 1.28950e+05
1.69661e+01 1.29292e+05
1.70220e+01 1.30016e+05
1.70779e+01 1.41908e+05
1.71337e+01 1.42827e+05
1.71895e+01 1.47652e+05
1.72453e+01 1.51481e+05
1.73010e+01 1.58037e+05
1.73567e+01 1.66345e+05
1.74124e+01 1.68141e+05
1.74681e+01 1.74696e+05
1.75238e+01 1.85777e+05
1.75794e+01 1.89671e+05
1.76350e+01 1.95741e+05
1.76906e+01 2.05984e+05
1.77461e+01 2.05725e+05
1.78017e+01 2.16027e+05
1.78572e+01 2.24177e+05
1.79126e+01 2.27750e+05
1.79681e+01 2.38865e+05
1.80235e+01 2.56079e+05
1.80789e+01 2.68159e+05
1.81343e+01 2.74404e+05
1.81897e+01 2.78882e+05
1.82450e+01 2.87824e+05
1.83003e+01 2.95017e+05
1.83556e+01 3.01432e+05
1.84109e+01 2.95341e+05
1.84661e+01 2.95548e+05
1.85213e+01 2.88031e+05
1.85765e+01 2.78688e+05
1.86317e+01 2.61519e+05
1.86868e+01 2.52066e+05
1.87419e+01 2.34172e+05
1.87970e+01 2.15822e+05
1.88520e+01 1.97233e+05
1.89071e+01 1.87810e+05
1.89621e+01 1.72988e+05
1.90171e+01 1.56530e+05
1.90721e+01 1.44925e+05
1.91270e+01 1.26588e+05
1.91819e+01 1.19835e+05
1.92368e+01 1.09970e+05
1.92917e+01 1.01093e+05
1.93465e+01 9.23170e+04
1.94013e+01 8.51854e+04
1.94561e+01 7.79653e+04
1.95109e+01 7.37310e+04
1.95656e+01 7.09353e+04
1.96204e+01 7.20869e+04
1.96751e+01 7.20912e+04
1.97297e+01 7.29065e+04
1.97844e+01 6.91730e+04
1.98390e+01 6.98609e+04
1.98936e+01 6.58563e+04
1.99482e+01 6.83241e+04
2.00027e+01 6.87644e+04
2.00572e+01 6.80423e+04
2.01117e+01 6.92713e+04
2.01662e+01 6.94782e+04
2.02207e+01 7.24770e+04
2.02751e+01 7.76735e+04
2.03295e+01 7.66203e+04
2.03839e+01 7.70873e+04
2.04382e+01 7.34036e+04
2.04925e+01 7.88072e+04
2.05468e+01 8.47779e+04
2.06011e+01 8.48539e+04
2.06554e+01 8.04132e+04
2.07096e+01 7.65297e+04
2.07638e+01 8.07635e+04
2.08180e+01 8.41630e+04
2.08721e+01 8.63799e+04
2.09263e+01 8.44292e+04
2.09804e+01 8.41563e+04
2.10345e+01 8.30066e+04
2.10885e+01 8.39993e+04
2.11425e+01 8.87990e+04
2.11966e+01 8.83392e+04
2.12505e+01 8.54315e+04
2.13045e+01 8.65800e+04
2.13584e+01 8.72240e+04
2.14123e+01 8.59575e+04
2.14662e+01 8.69485e+04
2.15201e+01 8.94704e+04
2.15739e+01 9.07095e+04
2.16277e+01 8.90365e+04
2.16815e+01 8.43774e+04
2.17353e+01 8.40264e+04
2.17890e+01 8.50381e+04
2.18427e+01 8.43337e+04
2.18964e+01 8.70708e+04
2.19501e+01 8.59091e+04
2.20037e+01 8.64249e+04
2.20573e+01 8.76222e+04
2.21109e+01 8.97551e+04
2.21645e+01 8.89777e+04
2.22180e+01 8.45636e+04
2.22716e+01 8.77326e+04
2.23251e+01 9.40651e+04
2.23785e+01 8.70527e+04
2.24320e+01 8.41603e+04
2.24854e+01 8.24418e+04
2.25388e+01 8.04632e+04
2.25921e+01 8.35666e+04
2.26455e+01 8.45147e+04
2.26988e+01 8.41708e+04
2.27521e+01 8.13217e+04
2.28054e+01 8.24106e+04
2.28586e+01 8.14704e+04
2.29119e+01 7.60956e+04
2.29650e+01 7.53203e+04
2.30182e+01 7.74170e+04
2.30714e+01 7.94104e+04
2.31245e+01 7.63719e+04
2.31776e+01 7.40791e+04
2.32307e+01 7.22419e+04
2.32837e+01 7.13938e+04
2.33367e+01 6.66743e+04
2.33897e+01 6.43993e+04
2.34427e+01 6.77214e+04
2.34957e+01 6.64378e+04
2.35486e+01 6.54863e+04
2.36015e+01 6.39279e+04
2.36544e+01 6.13000e+04
2.37072e+01 5.90296e+04
2.37601e+01 5.67667e+04
2.38129e+01 5.53873e+04
2.38657e+01 5.55076e+04
2.39184e+01 5.56481e+04
2.39712e+01 5.11046e+04
2.40239e+01 4.95699e+04
2.40765e+01 4.91367e+04
2.41292e+01 4.67888e+04
2.41818e+01 4.28189e+04
2.42344e+01 4.42415e+04
2.42870e+01 4.53296e+04
2.43396e+01 4.86551e+04
2.43921e+01 4.68061e+04
2.44446e+01 4.32239e+04
2.44971e+01 4.10178e+04
2.45496e+01 3.95843e+04
2.46020e+01 3.86651e+04
2.46544e+01 3.70330e+04
2.47068e+01 3.63432e+04
2.47592e+01 3.63522e+04
2.48115e+01 3.48368e+04
2.48638e+01 3.44441e+04
2.49161e+01 3.53408e+04
2.49684e+01 3.38495e+04
2.50206e+01 3.39688e+04
2.50728e+01 3.36101e+04
2.51250e+01 3.45284e+04
2.51772e+01 3.34553e+04
2.52294e+01 3.58789e+04
2.52815e+01 3.29301e+04
2.53336e+01 2.98013e+04
2.53856e+01 2.91628e+04
2.54377e+01 2.73761e+04
2.54897e+01 2.64558e+04
2.55417e+01 2.67858e+04
2.55937e+01 2.57628e+04
2.56456e+01 2.44655e+04
2.56975e+01 2.38196e+04
2.57494e+01 2.34880e+04
2.58013e+01 2.42897e+04
2.58532e+01 2.58319e+04
2.59050e+01 2.55490e+04
2.59568e+01 2.05254e+04
2.60085e+01 2.11856e+04
2.60603e+01 2.36694e+04
2.61120e+01 2.39190e+04
2.61637e+01 2.38589e+04
2.62154e+01 2.24531e+04
2.62671e+01 2.04286e+04
2.63187e+01 2.05112e+04
2.63703e+01 2.15596e+04
2.64219e+01 2.04292e+04
2.64734e+01 2.02934e+04
2.65249e+01 1.84155e+04
2.65765e+01 1.90768e+04
2.66279e+01 1.81321e+04
2.66794e+01 1.91707e+04
2.67308e+01 2.19606e+04
2.67822e+01 1.90056e+04
2.68336e+01 1.91400e+04
2.68850e+01 2.10588e+04
2.69363e+01 2.13841e+04
2.69876e+01 2.05635e+04
2.70389e+01 1.80444e+04
2.70901e+01 1.67237e+04
2.71414e+01 1.56572e+04
2.71926e+01 1.57401e+04
2.72438e+01 1.51755e+04
2.72949e+01 1.57363e+04
2.73461e+01 1.50639e+04
2.73972e+01 1.51628e+04
2.74483e+01 1.61250e+04
2.74993e+01 1.64225e+04
2.75504e+01 1.43548e+04
2.76014e+01 1.45181e+04
2.76524e+01 1.52475e+04
2.77033e+01 1.62130e+04
2.77543e+01 1.40993e+04
2.78052e+01 1.22935e+04
2.78561e+01 1.34556e+04
2.79070e+01 1.35986e+04
2.79578e+01 1.36658e+04
2.80086e+01 1.27412e+04
2.80594e+01 1.35676e+04
2.81102e+01 1.42829e+04
2.81609e+01 1.56811e+04
2.82116e+01 1.41551e+04
2.82623e+01 1.30049e+04
2.83130e+01 1.35324e+04
2.83637e+01 1.34174e+04
2.84143e+01 1.41415e+04
2.84649e+01 1.09709e+04
2.85154e+01 1.20972e+04
2.85660e+01 1.14845e+04
2.86165e+01 1.27120e+04
2.86670e+01 1.21368e+04
2.87175e+01 1.11898e+04
2.87679e+01 1.17645e+04
2.88184e+01 1.22843e+04
2.88688e+01 1.03371e+04
2.89191e+01 1.18520e+04
2.89695e+01 1.29027e+04
2.90198e+01 1.20574e+04
2.90701e+01 1.17957e+04
2.91204e+01 1.23836e+04
2.91707e+01 1.12483e+04
2.92209e+01 1.29054e+04
2.92711e+01 1.34991e+04
2.93213e+01 1.14155e+04
2.93714e+01 9.79300e+03
2.94215e+01 1.18461e+04
2.94717e+01 1.40258e+04
2.95217e+01 1.29575e+04
2.95718e+01 1.20240e+04
2.96218e+01 1.20480e+04
2.96718e+01 1.15324e+04
2.97218e+01 9.23230e+03
2.97718e+01 9.53730e+03
2.98217e+01 9.46650e+03
2.98716e+01 8.44120e+03
2.99215e+01 9.35360e+03
2.99714e+01 1.17939e+04
3.00212e+01 1.08263e+04
3.00710e+01 1.09043e+04
3.01208e+01 1.02894e+04
3.01706e+01 1.06780e+04
3.02203e+01 1.04702e+04
3.02700e+01 1.06647e+04
3.03197e+01 1.06243e+04
3.03694e+01 8.86590e+03
3.04190e+01 8.12530e+03
3.04686e+01 8.52600e+03
3.05182e+01 9.43170e+03
3.05678e+01 1.02577e+04
3.06173e+01 1.09874e+04
3.06668e+01 1.10859e+04
3.07163e+01 1.10117e+04
3.07658e+01 1.07513e+04
3.08152e+01 9.61040e+03
3.08647e+01 9.54450e+03
3.09140e+01 9.72210e+03
3.09634e+01 9.95040e+03
3.10128e+01 9.21270e+03
3.10621e+01 8.78100e+03
3.11114e+01 8.42370e+03
3.11607e+01 9.57340e+03
3.12099e+01 1.08811e+04
3.12591e+01 1.04175e+04
3.13083e+01 8.13710e+03
3.13575e+01 7.10270e+03
3.14066e+01 7.26190e+03
3.14558e+01 8.09690e+03
3.15049e+01 1.01956e+04
3.15539e+01 1.01607e+04
3.16030e+01 9.52860e+03
3.16520e+01 9.01760e+03
3.17010e+01 8.20680e+03
3.17500e+01 8.99820e+03
3.17989e+01 9.96310e+03
3.18479e+01 8.27950e+03
3.18968e+01 7.86110e+03
3.19457e+01 7.74450e+03
3.19945e+01 8.40410e+03
3.20433e+01 7.99480e+03
3.20921e+01 8.59280e+03
3.21409e+01 8.73470e+03
3.21897e+01 7.74960e+03
3.22384e+01 7.64190e+03
3.22871e+01 9.02430e+03
3.23358e+01 9.07080e+03
3.23845e+01 8.22500e+03
3.24331e+01 7.91370e+03
3.24817e+01 7.63150e+03
3.25303e+01 9.54490e+03
3.25789e+01 9.35520e+03
3.26274e+01 9.31000e+03
3.26759e+01 9.19500e+03
3.27244e+01 9.77340e+03
3.27728e+01 7.90300e+03
3.28213e+01 7.24520e+03
3.28697e+01 6.79640e+03
3.29181e+01 8.52030e+03
3.29664e+01 7.93870e+03
3.30148e+01 7.34300e+03
3.30631e+01 9.14770e+03
3.31114e+01 8.81820e+03
3.31597e+01 8.94910e+03
3.32079e+01 8.67000e+03
3.32561e+01 8.78970e+03
3.33043e+01 8.79580e+03
3.33525e+01 8.28290e+03
3.34006e+01 7.33710e+03
3.34487e+01 8.32590e+03
3.34968e+01 7.19630e+03
3.35449e+01 7.60620e+03
3.35929e+01 8.80540e+03
3.36410e+01 8.31250e+03
3.36890e+01 8.25440e+03
3.37369e+01 1.00678e+04
3.37849e+01 9.05370e+03
3.38328e+01 7.73360e+03
3.38807e+01 8.03550e+03
3.39286e+01 8.33540e+03
3.39764e+01 9.85220e+03
3.40242e+01 9.94450e+03
3.40720e+01 9.62970e+03
3.41198e+01 9.03220e+03
3.41676e+01 8.38040e+03
3.42153e+01 9.67210e+03
3.42630e+01 8.76640e+03
3.43107e+01 7.55010e+03
3.43583e+01 9.35890e+03
3.44059e+01 8.24550e+03
3.44535e+01 8.08950e+03
3.45011e+01 9.11370e+03
3.45487e+01 9.30110e+03
3.45962e+01 9.05090e+03
3.46437e+01 6.99870e+03
3.46912e+01 7.00160e+03
3.47386e+01 9.90030e+03
3.47861e+01 1.08263e+04
3.48335e+01 1.13909e+04
3.48809e+01 1.12399e+04
3.49282e+01 1.00889e+04
3.49756e+01 1.08213e+04
3.50229e+01 1.12643e+04
3.50701e+01 1.17284e+04
3.51174e+01 1.13026e+04
3.51646e+01 1.06780e+04
3.52118e+01 1.05885e+04
3.52590e+01 1.14915e+04
3.53062e+01 9.79720e+03
3.53533e+01 1.00411e+04
3.54004e+01 1.10410e+04
3.54475e+01 1.17405e+04
3.54946e+01 1.08759e+04
3.55416e+01 1.17814e+04
3.55886e+01 1.06628e+04
3.56356e+01 1.37840e+04
3.56826e+01 1.37275e+04
3.57295e+01 1.36435e+04
3.57765e+01 1.37122e+04
3.58233e+01 1.48153e+04
3.58702e+01 1.50970e+04
3.59171e+01 1.39354e+04
3.59639e+01 1.36502e+04
3.60107e+01 1.41116e+04
3.60574e+01 1.50982e+04
3.61042e+01 1.47498e+04
3.61509e+01 1.19404e+04
3.61976e+01 1.27075e+04
3.62443e+01 1.22143e+04
3.62909e+01 1.20919e+04
3.63375e+01 1.32447e+04
3.63841e+01 1.33870e+04
3.64307e+01 1.17898e+04
3.64772e+01 1.10843e+04
3.65238e+01 1.27789e+04
3.65703e+01 1.36439e+04
3.66167e+01 1.30191e+04
3.66632e+01 1.21853e+04
3.67096e+01 1.04403e+04
3.67560e+01 1.16182e+04
3.68024e+01 1.09894e+04
3.68487e+01 1.14872e+04
3.68951e+01 1.21270e+04
3.69414e+01 1.05145e+04
3.69876e+01 1.00484e+04
3.70339e+01 1.06420e+04
3.70801e+01 1.05287e+04
3.71263e+01 1.09913e+04
3.71725e+01 1.07127e+04
3.72187e+01 1.08224e+04
3.72648e+01 1.03675e+04
3.73109e+01 1.16735e+04
3.73570e+01 1.36079e+04
3.74030e+01 1.27871e+04
3.74491e+01 1.00558e+04
3.74951e+01 1.12275e+04
3.75411e+01 9.79490e+03
3.75870e+01 9.49240e+03
3.76329e+01 1.14225e+04
3.76789e+01 1.44559e+04
3.77247e+01 1.37803e+04
3.77706e+01 1.25924e+04
3.78164e+01 1.17843e+04
3.78623e+01 1.12843e+04
3.79080e+01 1.04438e+04
3.79538e+01 1.29431e+04
3.79995e+01 1.34630e+04
3.80453e+01 1.23787e+04
3.80909e+01 1.31292e+04
3.81366e+01 1.44476e+04
3.81822e+01 1.46653e+04
3.82279e+01 1.55798e+04
3.82734e+01 1.48871e+04
3.83190e+01 1.37877e+04
3.83646e+01 1.18067e+04
3.84101e+01 1.26377e+04
3.84556e+01 1.40078e+04
3.85010e+01 1.18693e+04
3.85465e+01 1.16012e+04
3.85919e+01 1.16937e+04
3.86373e+01 1.18277e+04
3.86827e+01 1.14338e+04
3.87280e+01 1.13751e+04
3.87733e+01 1.11135e+04
3.88186e+01 9.80430e+03
3.88639e+01 1.19534e+04
3.89091e+01 1.18158e+04
3.89544e+01 1.15198e+04
3.89996e+01 9.22780e+03
3.90447e+01 9.84940e+03
3.90899e+01 1.25886e+04
3.91350e+01 1.28052e+04
3.91801e+01 1.16780e+04
3.92252e+01 1.19803e+04
3.92702e+01 1.34895e+04
3.93152e+01 1.34792e+04
3.93603e+01 1.05905e+04
3.94052e+01 1.05750e+04
3.94502e+01 1.00819e+04
3.94951e+01 1.14509e+04
3.95400e+01 1.28000e+04
3.95849e+01 1.33600e+04
3.96297e+01 1.28794e+04
3.96746e+01 1.07474e+04
3.97194e+01 1.14813e+04
3.97642e+01 1.25610e+04
3.98089e+01 1.23439e+04
3.98536e+01 1.25655e+04
3.98984e+01 1.11574e+04
3.99430e+01 1.17152e+04
3.99877e+01 1.28575e+04
4.00323e+01 1.33622e+04
4.00769e+01 1.11811e+04
4.01215e+01 1.14595e+04
4.01661e+01 1.25734e+04
4.02106e+01 1.17691e+04
4.02551e+01 1.12900e+04
4.02996e+01 1.22827e+04
4.03441e+01 1.16160e+04
4.03885e+01 1.20930e+04
4.04329e+01 1.16689e+04
4.04773e+01 1.10217e+04
4.05217e+01 1.13406e+04
4.05660e+01 1.07291e+04
4.06103e+01 1.02001e+04
4.06546e+01 1.12381e+04
4.06989e+01 1.12854e+04
4.07431e+01 1.07471e+04
4.07873e+01 9.34440e+03
4.08315e+01 7.05690e+03
4.08757e+01 8.26190e+03
4.09198e+01 8.82180e+03
4.09640e+01 1.08613e+04
4.10080e+01 1.16969e+04
4.10521e+01 1.04591e+04
4.10962e+01 9.98840e+03
4.11402e+01 8.75100e+03
4.11842e+01 9.74810e+03
4.12281e+01 8.77970e+03
4.12721e+01 1.01618e+04
4.13160e+01 1.22343e+04
4.13599e+01 1.34709e+04
4.14038e+01 1.40145e+04
4.14476e+01 1.44315e+04
4.14915e+01 1.14918e+04
4.15353e+01 1.17662e+04
4.15790e+01 1.18199e+04
4.16228e+01 1.08708e+04
4.16665e+01 1.07225e+04
4.17102e+01 1.18840e+04
4.17539e+01 1.12733e+04
4.17975e+01 1.27860e+04
4.18412e+01 1.24581e+04
4.18848e+01 1.14256e+04
4.19283e+01 1.19216e+04
4.19719e+01 1.31357e+04
4.20154e+01 1.24317e+04
4.20589e+01 1.11993e+04
4.21024e+01 1.18876e+04
4.21459e+01 1.12541e+04
4.21893e+01 1.19307e+04
4.22327e+01 1.36593e+04
4.22761e+01 1.47914e+04
4.23194e+01 1.55691e+04
4.23628e+01 1.29196e+04
4.24061e+01 1.14677e+04
4.24494e+01 1.22686e+04
4.24926e+01 1.22138e+04
4.25359e+01 1.10808e+04
4.25791e+01 1.15013e+04
4.26222e+01 1.14221e+04
4.26654e+01 1.28566e+04
4.27085e+01 1.32140e+04
4.27517e+01 1.35277e+04
4.27947e+01 1.15894e+04
4.28378e+01 1.20042e+04
4.28808e+01 1.18926e+04
4.29239e+01 1.29301e+04
4.29668e+01 1.20445e+04
4.30098e+01 1.22313e+04
4.30527e+01 1.13400e+04
4.30957e+01 1.04435e+04
4.31386e+01 1.09017e+04
4.31814e+01 1.43014e+04
4.32243e+01 1.31471e+04
4.32671e+01 1.18845e+04
4.33099e+01 1.11314e+04
4.33526e+01 9.04060e+03
4.33954e+01 9.21810e+03
4.34381e+01 9.16610e+03
4.34808e+01 1.07456e+04
4.35235e+01 1.07961e+04
4.35661e+01 1.24410e+04
4.36087e+01 1.27932e+04
4.36513e+01 1.16852e+04
4.36939e+01 1.14341e+04
4.37364e+01 9.89870e+03
4.37790e+01 1.15409e+04
4.38215e+01 1.17032e+04
4.38639e+01 1.06784e+04
4.39064e+01 9.48860e+03
4.39488e+01 9.11860e+03
4.39912e+01 9.45350e+03
4.40336e+01 8.07340e+03
4.40759e+01 9.62390e+03
4.41183e+01 9.51860e+03
4.41606e+01 1.03377e+04
4.42028e+01 1.02453e+04
4.42451e+01 8.03430e+03
4.42873e+01 6.89490e+03
4.43295e+01 7.97440e+03
4.43717e+01 6.17650e+03
4.44139e+01 6.64950e+03
4.44560e+01 8.28380e+03
4.44981e+01 9.02220e+03
4.45402e+01 9.19480e+03
4.45822e+01 8.01860e+03
4.46243e+01 6.36610e+03
4.46663e+01 6.43350e+03
4.47083e+01 5.88070e+03
4.47502e+01 7.19960e+03
4.47922e+01 7.39770e+03
4.48341e+01 7.65510e+03
4.48759e+01 6.62380e+03
4.49178e+01 5.93440e+03
4.49596e+01 6.73070e+03
4.50015e+01 5.79180e+03
4.50432e+01 6.39770e+03
4.50850e+01 7.30310e+03
4.51267e+01 7.38200e+03
4.51685e+01 6.13780e+03
4.52101e+01 4.85650e+03
4.52518e+01 4.42770e+03
4.52934e+01 6.03360e+03
4.53351e+01 6.19090e+03
4.53766e+01 5.65480e+03
4.54182e+01 3.55130e+03
4.54598e+01 2.99330e+03
4.55013e+01 4.63290e+03
4.55428e+01 5.67620e+03
4.55842e+01 6.53230e+03
4.56257e+01 4.86430e+03
4.56671e+01 6.19930e+03
4.57085e+01 6.11050e+03
4.57499e+01 6.52210e+03
4.57912e+01 5.74000e+03
4.58325e+01 6.64490e+03
4.58738e+01 6.97910e+03
4.59151e+01 6.01340e+03
4.59563e+01 8.60650e+03
4.59976e+01 7.79660e+03
4.60388e+01 4.62670e+03
4.60799e+01 4.49790e+03
4.61211e+01 4.85660e+03
4.61622e+01 4.70900e+03
4.62033e+01 4.29480e+03
4.62444e+01 6.23610e+03
4.62854e+01 7.10960e+03
4.63264e+01 6.10450e+03
4.63674e+01 5.87860e+03
4.64084e+01 5.67820e+03
4.64494e+01 5.77610e+03
4.64903e+01 5.49600e+03
4.65312e+01 5.83210e+03
4.65721e+01 5.59260e+03
4.66129e+01 6.03000e+03
4.66538e+01 5.32970e+03
4.66946e+01 5.06200e+03
4.67354e+01 4.16210e+03
4.67761e+01 2.86100e+03
4.68168e+01 4.30340e+03
4.68575e+01 5.77300e+03
4.68982e+01 6.19910e+03
4.69389e+01 6.34340e+03
4.69795e+01 6.84610e+03
4.70201e+01 5.58580e+03
4.70607e+01 4.70510e+03
4.71013e+01 4.30650e+03
4.71418e+01 3.79640e+03
4.71823e+01 5.58140e+03
4.72228e+01 7.09280e+03
4.72633e+01 7.07550e+03
4.73037e+01 6.64190e+03
4.73441e+01 3.22590e+03
4.73845e+01 3.15590e+03
4.74249e+01 5.60040e+03
4.74652e+01 5.94920e+03
4.75055e+01 5.94170e+03
4.75458e+01 5.51920e+03
4.75861e+01 5.14810e+03
4.76263e+01 5.41930e+03
4.76665e+01 5.99340e+03
4.77067e+01 7.04780e+03
4.77469e+01 5.87490e+03
4.77870e+01 5.14370e+03
4.78271e+01 5.58690e+03
4.78672e+01 7.81470e+03
4.79073e+01 7.72890e+03
4.79473e+01 5.58430e+03
4.79874e+01 5.32430e+03
4.80274e+01 5.00460e+03
4.80673e+01 6.91300e+03
4.81073e+01 9.28500e+03
4.81472e+01 7.33710e+03
4.81871e+01 5.47230e+03
4.82270e+01 5.41060e+03
4.82668e+01 6.31020e+03
4.83066e+01 5.97740e+03
4.83464e+01 5.07570e+03
4.83862e+01 4.91970e+03
4.84260e+01 5.66370e+03
4.84657e+01 4.83880e+03
4.85054e+01 5.66930e+03
4.85451e+01 5.47560e+03
4.85847e+01 7.16490e+03
4.86243e+01 8.48740e+03
4.86639e+01 6.65920e+03
4.87035e+01 5.02860e+03
4.87431e+01 5.12620e+03
4.87826e+01 5.47390e+03
4.88221e+01 4.56060e+03
4.88616e+01 6.90070e+03
4.89010e+01 8.47950e+03
4.89405e+01 7.25900e+03
4.89799e+01 6.81370e+03
4.90193e+01 6.77860e+03
4.90586e+01 6.50030e+03
4.90979e+01 5.09380e+03
4.91373e+01 6.96640e+03
4.91765e+01 7.66270e+03
4.92158e+01 6.99520e+03
4.92550e+01 4.58580e+03
4.92942e+01 4.49810e+03
4.93334e+01 4.80390e+03
4.93726e+01 6.67810e+03
4.94117e+01 6.61020e+03
4.94508e+01 7.40170e+03
4.94899e+01 6.17690e+03
4.95290e+01 5.20400e+03
4.95680e+01 5.58280e+03
4.96070e+01 5.41420e+03
4.96460e+01 3.86720e+03
4.96850e+01 4.97820e+03
4.97239e+01 7.35100e+03
4.97628e+01 6.80570e+03
4.98017e+01 6.83460e+03
4.98406e+01 6.53220e+03
4.98794e+01 6.65210e+03
4.99183e+01 5.48970e+03
4.99570e+01 5.63210e+03
4.99958e+01 6.28700e+03
5.00346e+01 5.92270e+03
5.00733e+01 5.22200e+03
5.01120e+01 5.21710e+03
5.01506e+01 6.77670e+03
5.01893e+01 5.78120e+03
5.02279e+01 5.39410e+03
5.02665e+01 4.13070e+03
5.03051e+01 5.87620e+03
5.03436e+01 6.44680e+03
5.03821e+01 7.42480e+03
5.04206e+01 7.49680e+03
5.04591e+01 7.03270e+03
5.04976e+01 4.03900e+03
5.05360e+01 4.66930e+03
5.05744e+01 4.18930e+03
5.06128e+01 4.76140e+03
5.06511e+01 3.93720e+03
5.06894e+01 4.87630e+03
5.07277e+01 3.79660e+03
5.07660e+01 2.77680e+03
5.08043e+01 4.31470e+03
5.08425e+01 5.13200e+03
5.08807e+01 6.01410e+03
5.09189e+01 4.95280e+03
5.09570e+01 3.94030e+03
5.09952e+01 4.04460e+03
5.10333e+01 4.87810e+03
5.10713e+01 4.82240e+03
5.11094e+01 5.46580e+03
5.11474e+01 4.24330e+03
5.11854e+01 4.72550e+03
5.12234e+01 5.27190e+03
5.12614e+01 4.79740e+03
5.12993e+01 5.82020e+03
5.13372e+01 5.29460e+03
5.13751e+01 4.80100e+03
5.14130e+01 4.59350e+03
5.14508e+01 4.26770e+03
5.14886e+01 6.17870e+03
5.15264e+01 5.67640e+03
5.15642e+01 5.13390e+03
5.16019e+01 4.55530e+03
5.16396e+01 4.44470e+03
5.16773e+01 4.43570e+03
5.17150e+01 4.35520e+03
5.17526e+01 7.21290e+03
5.17902e+01 7.05890e+03
5.18278e+01 5.66030e+03
5.18654e+01 6.17710e+03
5.19029e+01 6.40500e+03
5.19404e+01 6.94730e+03
5.19779e+01 4.16170e+03
5.20154e+01 3.63480e+03
5.20528e+01 4.73750e+03
5.20902e+01 5.16400e+03
5.21276e+01 5.11570e+03
5.21650e+01 4.31230e+03
5.22024e+01 3.98890e+03
5.22397e+01 3.82040e+03
5.22770e+01 4.92960e+03
5.23142e+01 6.14750e+03
5.23515e+01 6.81940e+03
5.23887e+01 4.68310e+03
5.24259e+01 3.75400e+03
5.24631e+01 4.33620e+03
5.25002e+01 6.45580e+03
5.25374e+01 6.57520e+03
5.25745e+01 4.59500e+03
5.26115e+01 4.01830e+03
5.26486e+01 3.03960e+03
5.26856e+01 3.39130e+03
5.27226e+01 4.19210e+03
5.27596e+01 4.40000e+03
5.27965e+01 5.42630e+03
5.28335e+01 6.29770e+03
5.28704e+01 5.42890e+03
5.29072e+01 5.07970e+03
5.29441e+01 5.76080e+03
5.29809e+01 3.35910e+03
5.30177e+01 3.07090e+03
5.30545e+01 5.07840e+03
5.30913e+01 3.46160e+03
5.31280e+01 4.19220e+03
5.31647e+01 4.28700e+03
5.32014e+01 4.17070e+03
5.32380e+01 3.42770e+03
5.32747e+01 3.90990e+03
5.33113e+01 5.73960e+03
5.33479e+01 6.12880e+03
5.33844e+01 5.44710e+03
5.34210e+01 4.65990e+03
5.34575e+01 3.94070e+03
5.34939e+01 2.88870e+03
5.35304e+01 3.19720e+03
5.35668e+01 4.27530e+03
5.36033e+01 4.77450e+03
5.36396e+01 6.48920e+03
5.36760e+01 5.92900e+03
5.37123e+01 5.80720e+03
5.37487e+01 5.14950e+03
5.37850e+01 5.33270e+03
5.38212e+01 5.45830e+03
5.38575e+01 5.10770e+03
5.38937e+01 5.19530e+03
5.39299e+01 4.39800e+03
5.39660e+01 5.47120e+03
5.40022e+01 4.68160e+03
5.40383e+01 3.78080e+03
5.40744e+01 3.01700e+03
5.41104e+01 5.18740e+03
5.41465e+01 3.09570e+03
5.41825e+01 4.11890e+03
5.42185e+01 3.25400e+03
5.42545e+01 4.34410e+03
5.42904e+01 3.98690e+03
5.43263e+01 5.21740e+03
5.43622e+01 6.83690e+03
5.43981e+01 5.67180e+03
5.44340e+01 4.57470e+03
5.44698e+01 4.06610e+03
5.45056e+01 3.53870e+03
5.45414e+01 3.31080e+03
5.45771e+01 3.83800e+03
5.46128e+01 3.15890e+03
5.46485e+01 3.36100e+03
5.46842e+01 3.82810e+03
5.47199e+01 4.83770e+03
5.47555e+01 3.73350e+03
5.47911e+01 4.05020e+03
5.48267e+01 4.03590e+03
5.48622e+01 5.13090e+03
5.48977e+01 4.39870e+03
5.49332e+01 4.91860e+03
5.49687e+01 6.18930e+03
5.50042e+01 5.40600e+03
5.50396e+01 5.72670e+03
5.50750e+01 7.04250e+03
5.51104e+01 7.05140e+03
5.51458e+01 6.43850e+03
5.51811e+01 6.48540e+03
5.52164e+01 4.37020e+03
5.52517e+01 4.12170e+03
5.52869e+01 5.10850e+03
5.53222e+01 5.10100e+03
5.53574e+01 4.93290e+03
5.53926e+01 6.02820e+03
5.54277e+01 5.58980e+03
5.54629e+01 5.92680e+03
5.54980e+01 5.20190e+03
5.55331e+01 5.27130e+03
5.55681e+01 4.90150e+03
5.56032e+01 6.39230e+03
5.56382e+01 7.00100e+03
5.56732e+01 7.01150e+03
5.57081e+01 6.79910e+03
5.57431e+01 7.37700e+03
5.57780e+01 7.96280e+03
5.58129e+01 8.53100e+03
5.58477e+01 7.22270e+03
5.58826e+01 7.48020e+03
5.59174e+01 6.71780e+03
5.59522e+01 6.09140e+03
5.59869e+01 7.83220e+03
5.60217e+01 8.61620e+03
5.60564e+01 9.93280e+03
5.60911e+01 9.45060e+03
5.61258e+01 7.53160e+03
5.61604e+01 7.65530e+03
5.61950e+01 9.54910e+03
5.62296e+01 1.05188e+04
5.62642e+01 8.95030e+03
5.62988e+01 8.49140e+03
5.63333e+01 1.06684e+04
5.63678e+01 1.07573e+04
5.64022e+01 8.85540e+03
5.64367e+01 9.38850e+03
5.64711e+01 1.04880e+04
5.65055e+01 1.17966e+04
5.65399e+01 9.17300e+03
5.65742e+01 9.79350e+03
5.66086e+01 1.24050e+04
5.66429e+01 1.21958e+04
5.66771e+01 1.18981e+04
5.67114e+01 1.13248e+04
5.67456e+01 1.17658e+04
5.67798e+01 1.09478e+04
5.68140e+01 1.12721e+04
5.68482e+01 1.20727e+04
5.68823e+01 1.15816e+04
5.69164e+01 1.07547e+04
5.69505e+01 1.11796e+04
5.69845e+01 9.46750e+03
5.70186e+01 9.25070e+03
5.70526e+01 1.25213e+04
5.70866e+01 1.33013e+04
5.71205e+01 1.10379e+04
5.71544e+01 9.61310e+03
5.71884e+01 9.15170e+03
5.72222e+01 1.02078e+04
5.72561e+01 9.43650e+03
5.72899e+01 9.70320e+03
5.73237e+01 1.02588e+04
5.73575e+01 9.43980e+03
5.73913e+01 8.81840e+03
5.74250e+01 7.04500e+03
5.74587e+01 6.48570e+03
5.74924e+01 8.83890e+03
5.75261e+01 1.04846e+04
5.75597e+01 1.03371e+04
5.75933e+01 9.42730e+03
5.76269e+01 8.35780e+03
5.76605e+01 8.51810e+03
5.76940e+01 8.38390e+03
5.77276e+01 6.14070e+03
5.77610e+01 7.32310e+03
5.77945e+01 8.97200e+03
5.78280e+01 8.03010e+03
5.78614e+01 4.59540e+03
5.78948e+01 5.48110e+03
5.79281e+01 7.01070e+03
5.79615e+01 7.60710e+03
5.79948e+01 6.37550e+03
5.80281e+01 4.46870e+03
5.80614e+01 6.04150e+03
5.80946e+01 7.33000e+03
5.81278e+01 4.90800e+03
5.81610e+01 5.79170e+03
5.81942e+01 4.43610e+03
5.82273e+01 6.96540e+03
5.82605e+01 7.14330e+03
5.82936e+01 4.20030e+03
5.83266e+01 5.89170e+03
5.83597e+01 6.60960e+03
5.83927e+01 6.87960e+03
5.84257e+01 3.97250e+03
5.84587e+01 3.51410e+03
5.84916e+01 3.32280e+03
5.85246e+01 4.72280e+03
5.85575e+01 4.43730e+03
5.85904e+01 2.66810e+03
5.86232e+01 3.01520e+03
5.86560e+01 3.94670e+03
5.86888e+01 4.58820e+03
5.87216e+01 5.31400e+03
5.87544e+01 4.37070e+03
5.87871e+01 3.49140e+03
5.88198e+01 1.38770e+03
5.88525e+01 1.91470e+03
5.88852e+01 3.48390e+03
5.89178e+01 3.96240e+03
5.89504e+01 2.99770e+03
5.89830e+01 2.89110e+03
5.90155e+01 3.03830e+03
5.90481e+01 2.94490e+03
5.90806e+01 3.79580e+03
5.91131e+01 2.79240e+03
5.91455e+01 2.73830e+03
5.91780e+01 3.68090e+03
5.92104e+01 3.33200e+03
5.92428e+01 2.01030e+03
5.92751e+01 2.06620e+03
5.93075e+01 2.93120e+03
5.93398e+01 2.85610e+03
5.93721e+01 2.54890e+03
5.94043e+01 2.97570e+03
5.94366e+01 3.03790e+03
5.94688e+01 2.15110e+03
5.95010e+01 3.13790e+03
5.95331e+01 2.44000e+03
5.95653e+01 1.90580e+03
5.95974e+01 1.65240e+03
5.96295e+01 2.04100e+03
5.96616e+01 1.51470e+03
5.96936e+01 1.39980e+03
5.97256e+01 3.09640e+03
5.97576e+01 3.05550e+03
5.97896e+01 2.81130e+03
5.98215e+01 2.45150e+03
5.98535e+01 1.83110e+03
5.98853e+01 2.66360e+03
5.99172e+01 2.41290e+03
5.99491e+01 1.15250e+03
5.99809e+01 4.65300e+02
6.00127e+01 1.53000e+02
6.00445e+01 5.91100e+02
6.00762e+01 2.54430e+03
6.01079e+01 2.99920e+03
6.01396e+01 2.42140e+03
6.01713e+01 1.86640e+03
6.02030e+01 2.97630e+03
6.02346e+01 2.77680e+03
6.02662e+01 1.47990e+03
6.02978e+01 1.17420e+03
6.03293e+01 8.21800e+02
6.03608e+01 2.14270e+03
6.03923e+01 1.52500e+03
6.04238e+01 4.27000e+01
6.04553e+01 3.63100e+02
6.04867e+01 2.37590e+03
6.05181e+01 3.08550e+03
6.05495e+01 1.62210e+03
6.05809e+01 1.49840e+03
6.06122e+01 2.58970e+03
6.06435e+01 2.21300e+03
6.06748e+01 2.21290e+03
6.07060e+01 1.60710e+03
6.07373e+01 2.09110e+03
6.07685e+01 2.59280e+03
6.07997e+01 2.26240e+03
6.08308e+01 1.22670e+03
6.08620e+01 2.56960e+03
6.08931e+01 1.84820e+03
6.09242e+01 1.60860e+03
6.09552e+01 1.48530e+03
6.09863e+01 2.07640e+03
6.10173e+01 8.13100e+02
6.10483e+01 8.14700e+02
6.10792e+01 -4.04000e+01
6.11102e+01 7.77600e+02
6.11411e+01 7.11400e+02
6.11720e+01 1.65690e+03
6.12028e+01 2.00090e+03
6.12337e+01 2.08470e+03
6.12645e+01 1.19490e+03
6.12953e+01 5.59200e+02
6.13260e+01 1.27170e+03
6.13568e+01 1.94090e+03
6.13875e+01 2.17750e+03
6.14182e+01 2.79480e+03
6.14489e+01 1.82650e+03
6.14795e+01 1.55180e+03
6.15101e+01 1.70560e+03
6.15407e+01 1.54430e+03
6.15713e+01 1.98570e+03
6.16018e+01 1.93910e+03
6.16324e+01 2.03090e+03
6.16629e+01 1.55500e+03
6.16933e+01 5.27400e+02
6.17238e+01 1.55550e+03
6.17542e+01 1.53350e+03
6.17846e+01 8.23200e+02
6.18150e+01 2.63390e+03
6.18453e+01 3.37250e+03
6.18757e+01 3.50400e+03
6.19060e+01 3.71220e+03
6.19362e+01 1.55420e+03
6.19665e+01 1.74510e+03
6.19967e+01 1.78120e+03
6.20269e+01 2.66650e+03
6.20571e+01 2.36150e+03
6.20873e+01 2.34230e+03
6.21174e+01 1.95130e+03
6.21475e+01 1.32330e+03
6.21776e+01 1.33830e+03
6.22076e+01 1.27300e+03
6.22377e+01 1.66870e+03
6.22677e+01 1.31010e+03
6.22976e+01 1.76670e+03
6.23276e+01 2.22720e+03
6.23575e+01 1.59650e+03
6.23874e+01 1.11480e+03
6.24173e+01 2.03790e+03
6.24472e+01 1.49090e+03
6.24770e+01 1.97300e+03
6.25068e+01 2.57080e+03
6.25366e+01 1.94450e+03
6.25664e+01 3.09260e+03
6.25961e+01 1.42800e+03
6.26258e+01 1.66550e+03
6.26555e+01 1.79530e+03
6.26852e+01 1.94730e+03
6.27148e+01 1.63320e+03
6.27444e+01 7.57100e+02
6.27740e+01 4.66000e+02
6.28036e+01 1.33000e+02
6.28331e+01 1.96160e+03
6.28626e+01 2.62840e+03
6.28921e+01 8.39300e+02
6.29216e+01 1.74400e+02
6.29510e+01 8.52000e+01
6.29805e+01 -2.00500e+02
6.30098e+01 1.08100e+02
6.30392e+01 1.18380e+03
6.30686e+01 1.15530e+03
6.30979e+01 8.69800e+02
6.31272e+01 -8.77000e+01
6.31564e+01 -3.62000e+01
6.31857e+01 8.19100e+02
6.32149e+01 8.50500e+02
6.32441e+01 7.40800e+02
6.32733e+01 1.01800e+02
6.33024e+01 4.12600e+02
6.33316e+01 7.25200e+02
6.33607e+01 8.85000e+02
