# Energy = 870.645 eV
# Shifts applied 
# ../Processed/scan_505_1.txt	 0.0 
# ../Processed/scan_505_2.txt	 -0.5 
# ../Processed/scan_505_3.txt	 -0.5 
# ../Processed/scan_505_4.txt	 -0.7 

-47.921141         0.7
-47.841585       769.3
-47.762054      1103.1
-47.682548       937.3
-47.603066      1743.6
-47.523609      2715.3
-47.444176      2490.4
-47.364768      2619.2
-47.285384      3269.9
-47.206025      3869.4
-47.126690      3671.8
-47.047380      2358.0
-46.968095      3232.0
-46.888834      3836.1
-46.809597      3686.5
-46.730385      3134.3
-46.651198      3349.1
-46.572035      2632.6
-46.492897      3136.9
-46.413783      2904.6
-46.334694      2703.6
-46.255629      2375.4
-46.176589      3020.0
-46.097574      2691.5
-46.018583      3733.6
-45.939616      4146.1
-45.860674      3509.8
-45.781757      2042.9
-45.702864      2477.1
-45.623996      2991.5
-45.545152      3196.2
-45.466333      3387.0
-45.387538      3845.1
-45.308768      3081.4
-45.230022      2693.5
-45.151301      2816.0
-45.072605      2867.3
-44.993933      3425.1
-44.915285      2402.5
-44.836663      2282.4
-44.758064      2488.9
-44.679490      2025.7
-44.600941      2361.1
-44.522416      2931.8
-44.443916      3109.3
-44.365441      2951.7
-44.286989      3028.8
-44.208563      2454.3
-44.130161      2671.7
-44.051783      2306.6
-43.973430      2384.2
-43.895102      2567.5
-43.816798      3002.1
-43.738519      2101.9
-43.660264      1992.0
-43.582034      2310.4
-43.503828      1972.9
-43.425647      2824.0
-43.347490      3035.5
-43.269358      2835.4
-43.191251      2523.3
-43.113168      2753.4
-43.035109      4100.8
-42.957075      4813.5
-42.879066      3585.8
-42.801081      3506.2
-42.723121      3750.6
-42.645185      3286.2
-42.567274      3278.0
-42.489387      2307.2
-42.411525      2574.0
-42.333688      3983.3
-42.255875      4201.3
-42.178086      4286.6
-42.100322      4484.8
-42.022583      3754.2
-41.944868      3376.3
-41.867178      3956.2
-41.789512      3621.9
-41.711871      3052.6
-41.634254      2297.3
-41.556662      2511.2
-41.479094      2621.1
-41.401551      2190.6
-41.324032      3744.4
-41.246538      4537.1
-41.169069      3355.3
-41.091624      3609.0
-41.014204      3458.4
-40.936808      3644.0
-40.859437      3051.8
-40.782090      2241.1
-40.704768      2281.2
-40.627470      2732.3
-40.550197      2854.3
-40.472948      3100.6
-40.395724      2499.1
-40.318525      2680.4
-40.241350      3097.0
-40.164199      3325.3
-40.087073      3659.1
-40.009972      3108.7
-39.932895      3525.3
-39.855843      3162.2
-39.778815      2977.5
-39.701812      2773.6
-39.624834      2415.4
-39.547879      2847.8
-39.470950      3007.4
-39.394045      2110.3
-39.317164      2522.0
-39.240309      2826.4
-39.163477      3112.6
-39.086670      3698.0
-39.009888      3722.1
-38.933130      3153.4
-38.856397      3589.7
-38.779688      3529.2
-38.703004      3711.5
-38.626345      3518.8
-38.549710      2615.3
-38.473099      2909.4
-38.396513      3426.0
-38.319952      4053.7
-38.243415      3690.2
-38.166902      2648.7
-38.090415      2078.5
-38.013951      2006.0
-37.937513      2096.5
-37.861098      2563.3
-37.784709      3459.0
-37.708344      3728.8
-37.632003      2552.0
-37.555687      2754.5
-37.479396      3431.8
-37.403129      3793.2
-37.326886      3860.2
-37.250669      2658.9
-37.174475      3164.1
-37.098306      4136.2
-37.022162      3525.4
-36.946043      3106.4
-36.869947      3297.5
-36.793877      2723.8
-36.717831      2707.0
-36.641809      2967.1
-36.565812      2779.3
-36.489840      2116.5
-36.413892      2889.8
-36.337969      2554.2
-36.262070      2436.7
-36.186196      2382.6
-36.110346      2633.0
-36.034521      3002.5
-35.958720      3317.9
-35.882944      2290.1
-35.807192      2256.8
-35.731465      3322.7
-35.655763      2976.5
-35.580085      2643.3
-35.504431      3108.8
-35.428803      2586.0
-35.353198      3355.6
-35.277618      3696.1
-35.202063      3375.5
-35.126533      2870.4
-35.051026      3150.6
-34.975545      3417.0
-34.900088      3977.6
-34.824655      2700.9
-34.749247      2974.7
-34.673864      2406.4
-34.598505      2307.5
-34.523171      1737.6
-34.447861      2456.3
-34.372575      3192.4
-34.297315      3620.9
-34.222078      3215.6
-34.146867      2844.5
-34.071680      3017.5
-33.996517      2864.3
-33.921379      3193.0
-33.846266      3059.4
-33.771177      2474.9
-33.696112      2735.6
-33.621072      2876.7
-33.546057      3031.7
-33.471066      1924.8
-33.396100      2566.5
-33.321158      3871.9
-33.246241      3510.4
-33.171349      2977.9
-33.096480      2899.6
-33.021637      3373.6
-32.946818      3489.5
-32.872024      2728.3
-32.797254      3421.1
-32.722508      4554.5
-32.647787      5211.5
-32.573091      3872.1
-32.498419      3661.8
-32.423772      3478.8
-32.349149      2852.3
-32.274551      2576.4
-32.199978      3208.6
-32.125429      2898.2
-32.050904      2768.1
-31.976404      4107.9
-31.901929      3858.3
-31.827478      3606.7
-31.753052      3084.7
-31.678650      2829.1
-31.604273      3524.4
-31.529920      4098.2
-31.455592      4228.2
-31.381288      3324.2
-31.307009      4062.9
-31.232754      5339.8
-31.158524      5146.8
-31.084319      4138.1
-31.010138      3622.7
-30.935982      3685.7
-30.861850      3473.1
-30.787743      3853.2
-30.713660      3664.6
-30.639602      3539.7
-30.565568      3275.6
-30.491559      2532.7
-30.417574      1709.8
-30.343614      2387.8
-30.269679      2495.9
-30.195768      2481.9
-30.121881      1952.9
-30.048019      2266.0
-29.974182      1959.2
-29.900369      1933.9
-29.826581      2898.6
-29.752817      3487.0
-29.679078      3729.6
-29.605363      3809.4
-29.531673      3613.7
-29.458008      3526.4
-29.384367      2955.9
-29.310750      3255.0
-29.237158      4092.0
-29.163591      4194.1
-29.090048      3242.9
-29.016530      4050.9
-28.943036      5327.9
-28.869567      4364.8
-28.796122      2437.9
-28.722702      1881.9
-28.649306      2981.6
-28.575935      2398.8
-28.502589      2083.6
-28.429267      2647.3
-28.355970      2738.2
-28.282697      2627.7
-28.209448      2689.8
-28.136224      2756.6
-28.063025      2923.4
-27.989850      3232.5
-27.916700      2432.9
-27.843575      2354.5
-27.770474      2731.4
-27.697397      3078.6
-27.624345      3664.5
-27.551317      3437.5
-27.478315      2539.9
-27.405336      2996.8
-27.332382      3196.9
-27.259453      3162.5
-27.186548      3409.7
-27.113668      2799.9
-27.040812      3488.9
-26.967981      3148.0
-26.895175      3264.4
-26.822392      2414.5
-26.749635      2513.1
-26.676902      3650.6
-26.604193      4194.7
-26.531510      4258.4
-26.458850      3844.2
-26.386215      2903.6
-26.313605      2277.0
-26.241019      2102.6
-26.168458      2383.2
-26.095922      2797.0
-26.023409      3506.7
-25.950922      4479.9
-25.878459      3736.2
-25.806020      2930.2
-25.733606      4134.5
-25.661217      3506.1
-25.588852      2671.0
-25.516512      2392.1
-25.444196      2979.2
-25.371905      3381.0
-25.299638      3577.0
-25.227396      3579.2
-25.155178      2886.7
-25.082985      3193.3
-25.010817      3697.3
-24.938673      3130.0
-24.866553      2559.6
-24.794458      2070.9
-24.722388      3020.8
-24.650342      2688.6
-24.578321      3167.8
-24.506324      2055.9
-24.434352      1927.0
-24.362404      2506.0
-24.290481      2598.9
-24.218583      2550.8
-24.146709      2023.5
-24.074859      2487.1
-24.003034      3641.8
-23.931234      2584.4
-23.859458      1293.5
-23.787706      1453.7
-23.715980      2087.3
-23.644277      2425.8
-23.572600      2096.2
-23.500947      1446.0
-23.429318      1718.2
-23.357714      1738.0
-23.286134      1785.1
-23.214579      2341.7
-23.143049      3424.1
-23.071543      3323.5
-23.000062      2263.5
-22.928605      2487.2
-22.857172      3150.4
-22.785765      3042.1
-22.714381      2420.3
-22.643023      2401.6
-22.571689      2576.7
-22.500379      2118.6
-22.429094      2405.4
-22.357834      3344.3
-22.286598      3762.2
-22.215386      3540.2
-22.144199      2545.4
-22.073037      2925.7
-22.001899      3531.6
-21.930786      3052.7
-21.859697      2880.9
-21.788633      3342.5
-21.717593      2852.5
-21.646578      2923.3
-21.575588      2572.6
-21.504622      2122.6
-21.433680      1520.0
-21.362763      2209.3
-21.291871      2469.5
-21.221003      2215.2
-21.150160      2067.5
-21.079341      2376.4
-21.008547      1628.0
-20.937777      1776.0
-20.867032      2488.1
-20.796311      2662.9
-20.725615      2433.1
-20.654944      1606.0
-20.584297      1560.6
-20.513674      2530.7
-20.443077      3622.9
-20.372503      3533.6
-20.301954      2718.8
-20.231430      2088.0
-20.160930      2065.9
-20.090455      2214.3
-20.020005      2088.0
-19.949578      1820.0
-19.879177      1666.4
-19.808800      2272.6
-19.738447      2857.0
-19.668119      1710.5
-19.597816      1289.4
-19.527537      1293.1
-19.457283      1378.8
-19.387053      2261.3
-19.316848      2705.8
-19.246667      2012.2
-19.176511      2411.6
-19.106379      2056.7
-19.036272      1997.5
-18.966190      2511.4
-18.896132      3145.9
-18.826098      3004.4
-18.756090      3268.4
-18.686105      2728.6
-18.616145      3271.2
-18.546210      1794.2
-18.476299      1410.1
-18.406413      2105.2
-18.336552      2480.4
-18.266714      2227.5
-18.196902      2361.0
-18.127114      3223.2
-18.057350      1958.8
-17.987611      2723.0
-17.917897      3527.6
-17.848207      3096.9
-17.778542      3070.2
-17.708901      3084.8
-17.639285      3104.1
-17.569693      3347.7
-17.500126      3215.4
-17.430583      2405.5
-17.361065      2943.1
-17.291572      2208.6
-17.222103      2106.3
-17.152658      2048.9
-17.083238      2210.1
-17.013843      3625.5
-16.944472      3795.2
-16.875126      3613.2
-16.805804      3118.3
-16.736507      2886.9
-16.667234      3851.7
-16.597986      2354.0
-16.528763      2498.4
-16.459564      2938.0
-16.390389      3129.8
-16.321239      2296.0
-16.252114      2711.9
-16.183013      2528.0
-16.113937      2268.0
-16.044885      3386.4
-15.975858      3603.8
-15.906855      2814.3
-15.837877      2730.8
-15.768923      2730.9
-15.699994      2981.4
-15.631089      3388.7
-15.562209      3959.7
-15.493354      3621.0
-15.424523      2647.6
-15.355717      3150.9
-15.286935      4530.2
-15.218178      3651.5
-15.149445      2581.0
-15.080737      3793.8
-15.012053      3587.1
-14.943394      2654.7
-14.874759      2985.2
-14.806149      3499.2
-14.737564      3232.1
-14.669003      3487.6
-14.600466      3917.0
-14.531954      3068.4
-14.463467      2723.0
-14.395004      3610.3
-14.326566      4190.5
-14.258152      2978.9
-14.189763      2482.9
-14.121399      2845.2
-14.053058      3363.5
-13.984743      3693.2
-13.916452      3959.7
-13.848185      2651.9
-13.779943      2252.4
-13.711726      2693.1
-13.643533      3349.5
-13.575365      4328.3
-13.507221      4243.6
-13.439102      3503.7
-13.371007      3678.3
-13.302937      3739.9
-13.234892      4822.3
-13.166871      4732.6
-13.098874      4904.8
-13.030902      4063.0
-12.962955      4089.1
-12.895032      3831.9
-12.827133      4198.9
-12.759260      3185.1
-12.691410      3566.6
-12.623586      4075.9
-12.555785      4007.1
-12.488010      3937.7
-12.420259      3411.9
-12.352532      3418.3
-12.284830      5407.4
-12.217153      4678.2
-12.149500      4786.4
-12.081871      5557.6
-12.014267      5047.6
-11.946688      5220.3
-11.879133      5336.5
-11.811603      4518.0
-11.744097      5008.8
-11.676616      4900.0
-11.609160      4991.7
-11.541728      4366.5
-11.474320      3443.3
-11.406937      4139.6
-11.339579      4677.4
-11.272245      4619.7
-11.204935      4463.7
-11.137651      3536.6
-11.070390      3800.4
-11.003155      4715.7
-10.935943      5269.8
-10.868757      4353.8
-10.801595      3783.0
-10.734457      4438.3
-10.667344      4399.0
-10.600256      4089.2
-10.533192      3901.3
-10.466152      4472.1
-10.399137      4724.7
-10.332147      4878.6
-10.265181      4824.1
-10.198240      4980.8
-10.131323      4549.4
-10.064431      4334.7
-9.997564       5082.3
-9.930721       4364.5
-9.863902       4362.7
-9.797108       3626.2
-9.730339       4000.8
-9.663594       5242.6
-9.596873       4502.7
-9.530178       4002.0
-9.463506       4005.6
-9.396860       4897.9
-9.330237       4379.4
-9.263640       5269.6
-9.197067       5154.2
-9.130518       4820.9
-9.063994       4922.2
-8.997494       4906.9
-8.931020       4925.5
-8.864569       4761.1
-8.798143       4481.3
-8.731742       5168.8
-8.665365       4696.6
-8.599013       4861.0
-8.532685       4734.9
-8.466382       5415.6
-8.400103       4421.0
-8.333849       3641.8
-8.267620       3805.0
-8.201415       4022.8
-8.135234       4179.5
-8.069078       5446.8
-8.002947       5395.7
-7.936840       4750.8
-7.870758       4172.4
-7.804700       4988.4
-7.738667       4503.0
-7.672658       4000.1
-7.606674       4385.0
-7.540715       5840.2
-7.474780       5622.0
-7.408869       5592.7
-7.342983       5823.5
-7.277122       4269.4
-7.211285       4509.1
-7.145472       4135.4
-7.079685       5458.6
-7.013921       5366.3
-6.948183       5642.3
-6.882469       4703.6
-6.816779       4372.1
-6.751114       3980.3
-6.685473       5494.9
-6.619857       5694.0
-6.554266       5458.6
-6.488699       5947.4
-6.423157       6306.7
-6.357639       5838.9
-6.292145       4947.7
-6.226677       4382.3
-6.161232       3769.7
-6.095813       4403.9
-6.030418       4195.1
-5.965047       3402.3
-5.899701       3875.6
-5.834379       3954.2
-5.769082       3673.0
-5.703810       4929.5
-5.638562       6117.5
-5.573339       5933.2
-5.508140       5938.8
-5.442966       5450.6
-5.377816       3629.5
-5.312691       4674.6
-5.247590       6189.2
-5.182514       5946.9
-5.117463       5717.7
-5.052436       4738.2
-4.987433       5287.3
-4.922455       5761.2
-4.857502       7059.2
-4.792573       7183.3
-4.727669       6279.0
-4.662789       6675.3
-4.597934       8618.2
-4.533103       8093.3
-4.468297       6315.1
-4.403515       6724.3
-4.338758       6924.0
-4.274026       6850.7
-4.209318       7213.8
-4.144634       6377.6
-4.079975       6745.8
-4.015341       7328.2
-3.950731       6118.7
-3.886146       5430.9
-3.821585       6611.3
-3.757049       7688.6
-3.692537       6934.3
-3.628050       6876.3
-3.563588       7473.2
-3.499150       7098.1
-3.434736       7207.3
-3.370347       6830.7
-3.305983       6123.2
-3.241643       5570.5
-3.177328       5950.3
-3.113037       6500.9
-3.048771       7502.7
-2.984529       6511.7
-2.920312       7479.5
-2.856119       8140.6
-2.791951       9069.8
-2.727808       9032.2
-2.663689       7583.8
-2.599594       7271.0
-2.535524       8285.2
-2.471479       8204.2
-2.407458       7381.6
-2.343462       8038.2
-2.279490       8739.7
-2.215543       8878.9
-2.151620      11377.5
-2.087722      13165.6
-2.023849      11700.2
-1.960000       9291.5
-1.896175       9782.1
-1.832375      10806.2
-1.768600      10686.2
-1.704849      10560.5
-1.641122      10850.3
-1.577421      11316.4
-1.513743      11185.2
-1.450091      12266.3
-1.386463      12387.2
-1.322859      12010.5
-1.259280      11908.4
-1.195725      13983.0
-1.132195      15531.5
-1.068690      14329.7
-1.005209      14578.2
-0.941753      15595.0
-0.878321      16767.9
-0.814914      16285.2
-0.751531      19010.7
-0.688173      21089.1
-0.624839      22314.0
-0.561530      26686.0
-0.498245      32480.7
-0.434985      42968.1
-0.371750      58129.8
-0.308539      82187.8
-0.245352     117671.3
-0.182190     162339.6
-0.119053     207056.3
-0.055940     237619.1
 0.007148     244679.9
 0.070212     224671.0
 0.133251     198408.8
 0.196265     184864.2
 0.259256     181450.0
 0.322221     185161.8
 0.385162     194512.9
 0.448079     210033.3
 0.510970     236299.8
 0.573838     276235.7
 0.636681     324553.1
 0.699499     385798.9
 0.762293     456803.6
 0.825062     545081.4
 0.887807     651594.8
 0.950527     734385.3
 1.013222     797975.3
 1.075893     859734.2
 1.138540     908751.7
 1.201162     918143.3
 1.263759     910480.0
 1.326332     909717.0
 1.388880     906139.1
 1.451404     881630.3
 1.513904     875234.6
 1.576378     862971.0
 1.638828     833292.5
 1.701254     805479.0
 1.763655     778196.1
 1.826032     749574.7
 1.888384     721516.0
 1.950711     696702.7
 2.013014     662270.9
 2.075292     639897.5
 2.137546     612463.1
 2.199776     588259.3
 2.261980     574393.2
 2.324161     552922.2
 2.386316     523474.8
 2.448447     509081.1
 2.510554     504967.5
 2.572636     489556.3
 2.634694     468323.8
 2.696727     459627.6
 2.758735     454863.0
 2.820719     442489.9
 2.882678     421995.6
 2.944613     408359.0
 3.006523     407556.2
 3.068409     389129.9
 3.130270     382386.4
 3.192107     375907.4
 3.253919     372452.9
 3.315707     371489.3
 3.377470     351666.9
 3.439208     343452.1
 3.500922     346610.9
 3.562611     334526.6
 3.624276     319346.6
 3.685917     308231.6
 3.747532     302536.2
 3.809124     310263.8
 3.870690     307661.6
 3.932232     294987.0
 3.993750     280240.2
 4.055243     276310.6
 4.116712     276680.0
 4.178156     268462.5
 4.239575     265266.5
 4.300970     265186.1
 4.362340     257838.6
 4.423686     250798.5
 4.485007     254847.7
 4.546304     253252.1
 4.607576     249121.3
 4.668824     237400.0
 4.730047     228865.5
 4.791246     228044.7
 4.852420     228517.6
 4.913569     229163.3
 4.974694     226866.1
 5.035794     220630.1
 5.096870     219085.1
 5.157922     213765.6
 5.218948     206147.9
 5.279951     201908.5
 5.340928     199853.8
 5.401882     195339.9
 5.462810     193733.5
 5.523714     191528.6
 5.584594     187824.2
 5.645449     180557.0
 5.706279     176332.7
 5.767085     174897.0
 5.827866     172670.9
 5.888623     166542.6
 5.949356     159852.8
 6.010063     151687.4
 6.070747     147448.4
 6.131405     144068.9
 6.192039     139730.8
 6.252649     138212.8
 6.313234     136172.6
 6.373794     133928.3
 6.434330     126394.4
 6.494842     120679.5
 6.555329     116145.2
 6.615791     115237.1
 6.676229     113872.5
 6.736642     110436.6
 6.797031     107412.2
 6.857395     100290.3
 6.917734     106138.8
 6.978050     106986.1
 7.038340     105134.9
 7.098606     100768.8
 7.158848      98814.1
 7.219064      97049.1
 7.279257      93236.9
 7.339425      91058.8
 7.399568      90618.7
 7.459687      87674.7
 7.519781      86486.5
 7.579851      83446.6
 7.639896      81341.0
 7.699916      82640.8
 7.759912      83784.6
 7.819884      85205.1
 7.879831      86508.4
 7.939753      78106.9
 7.999651      75638.0
 8.059524      78543.1
 8.119373      74030.3
 8.179198      67542.8
 8.238997      69628.0
 8.298772      72782.3
 8.358523      71704.8
 8.418249      75256.6
 8.477951      76736.2
 8.537628      70734.0
 8.597280      66615.8
 8.656908      65370.2
 8.716511      65441.8
 8.776090      64122.0
 8.835645      61535.7
 8.895174      60805.6
 8.954680      58792.6
 9.014160      57580.7
 9.073616      56304.3
 9.133048      54889.0
 9.192455      55845.8
 9.251838      54875.7
 9.311196      57709.5
 9.370529      56742.5
 9.429838      56307.5
 9.489122      54654.7
 9.548382      53440.3
 9.607617      52508.5
 9.666828      53894.3
 9.726014      52495.8
 9.785176      51568.7
 9.844313      49457.1
 9.903426      48321.6
 9.962514      49057.7
 10.021577     48712.0
 10.080616     46089.8
 10.139630     44769.4
 10.198620     47967.9
 10.257585     50598.3
 10.316526     48718.4
 10.375442     47939.8
 10.434334     43623.7
 10.493201     41020.8
 10.552044     42850.4
 10.610862     45662.0
 10.669655     45854.7
 10.728424     43220.1
 10.787169     41098.1
 10.845889     42051.4
 10.904584     43691.3
 10.963255     41684.8
 11.021901     42577.7
 11.080523     43032.1
 11.139120     41290.9
 11.197693     43708.7
 11.256241     43779.2
 11.314765     41698.3
 11.373264     39523.0
 11.431738     37307.3
 11.490188     38313.4
 11.548613     39429.2
 11.607014     40003.4
 11.665391     40006.4
 11.723742     37992.1
 11.782070     37093.2
 11.840372     37619.6
 11.898650     38528.3
 11.956904     39600.4
 12.015133     39797.4
 12.073338     40517.7
 12.131518     40715.5
 12.189673     40013.6
 12.247804     36839.1
 12.305910     35781.6
 12.363992     38347.1
 12.422049     37711.3
 12.480082     37177.6
 12.538090     39441.0
 12.596074     39477.7
 12.654033     38979.6
 12.711968     36612.8
 12.769878     37205.3
 12.827763     40229.4
 12.885624     38864.9
 12.943461     37006.1
 13.001272     36666.4
 13.059060     36309.0
 13.116823     37462.9
 13.174561     38815.2
 13.232275     40011.4
 13.289964     40230.2
 13.347628     37200.1
 13.405268     36895.8
 13.462884     39490.2
 13.520475     39454.9
 13.578041     40950.8
 13.635583     41077.4
 13.693101     39201.9
 13.750594     40816.5
 13.808062     41825.0
 13.865506     39713.1
 13.922925     40915.2
 13.980319     42352.3
 14.037690     42189.2
 14.095035     42091.2
 14.152356     41857.9
 14.209653     43780.4
 14.266925     46733.3
 14.324172     47750.8
 14.381395     45753.2
 14.438593     44868.2
 14.495767     45792.0
 14.552916     47689.2
 14.610041     49023.7
 14.667141     49678.7
 14.724217     49282.2
 14.781268     50714.1
 14.838294     51197.8
 14.895296     49891.7
 14.952274     50537.7
 15.009227     53225.4
 15.066155     53664.3
 15.123059     54896.6
 15.179938     57288.7
 15.236793     59276.6
 15.293623     59821.9
 15.350429     63664.9
 15.407210     65620.4
 15.463967     68357.8
 15.520699     71559.1
 15.577406     70710.2
 15.634089     72658.0
 15.690748     72975.2
 15.747382     77098.5
 15.803991     77784.3
 15.860576     76732.5
 15.917136     80625.8
 15.973672     87642.4
 16.030183     88031.3
 16.086670     85268.0
 16.143132     89243.0
 16.199569     94066.4
 16.255982     98225.9
 16.312371    102686.3
 16.368735    104150.1
 16.425074    108485.3
 16.481389    115468.8
 16.537679    118507.8
 16.593945    119982.7
 16.650186    122691.1
 16.706403    120675.4
 16.762595    121060.8
 16.818763    127211.3
 16.874906    131662.3
 16.931024    131147.6
 16.987118    142746.1
 17.043188    145352.7
 17.099232    150497.0
 17.155253    161950.0
 17.211249    168350.6
 17.267220    171694.5
 17.323167    183830.9
 17.379089    196346.3
 17.434986    203877.0
 17.490860    206093.2
 17.546708    216213.2
 17.602532    227989.2
 17.658332    243600.3
 17.714107    255011.2
 17.769857    267738.3
 17.825583    279338.9
 17.881284    291862.7
 17.936961    306793.9
 17.992613    320926.0
 18.048241    332389.4
 18.103844    337175.3
 18.159423    347474.1
 18.214977    369359.7
 18.270506    387025.2
 18.326011    402123.9
 18.381492    406076.3
 18.436948    421781.5
 18.492379    432944.2
 18.547786    428525.2
 18.603168    424618.0
 18.658526    417172.5
 18.713859    410008.6
 18.769168    406042.7
 18.824452    390247.4
 18.879711    363164.2
 18.934946    337903.5
 18.990157    311913.5
 19.045343    290231.3
 19.100504    264632.1
 19.155641    250001.6
 19.210753    235002.1
 19.265841    219228.3
 19.320904    205977.2
 19.375943    193412.9
 19.430957    176642.8
 19.485947    164192.1
 19.540912    152615.7
 19.595852    144683.6
 19.650768    140148.0
 19.705660    127728.2
 19.760527    119148.5
 19.815369    114131.7
 19.870187    110201.1
 19.924980    107811.6
 19.979749    104670.8
 20.034493     98274.5
 20.089213     94623.7
 20.143908     97684.2
 20.198579     97725.9
 20.253225     95823.2
 20.307846     99639.7
 20.362443    101476.8
 20.417016    104226.2
 20.471563    104287.1
 20.526087    100587.4
 20.580586    102710.4
 20.635060    102666.4
 20.689510    105056.5
 20.743935    112890.0
 20.798335    109885.7
 20.852711    110001.7
 20.907063    113916.0
 20.961390    119909.1
 21.015692    121220.6
 21.069970    124741.3
 21.124224    126912.5
 21.178453    129346.4
 21.232657    131521.5
 21.286837    134428.6
 21.340992    134943.5
 21.395123    135141.7
 21.449229    134145.8
 21.503310    135295.0
 21.557367    139278.8
 21.611400    139105.2
 21.665408    140461.3
 21.719391    141567.0
 21.773350    145205.8
 21.827284    142437.0
 21.881194    141741.7
 21.935079    143198.6
 21.988940    143082.2
 22.042776    139610.6
 22.096588    141189.7
 22.150375    143839.4
 22.204138    142301.0
 22.257876    140969.7
 22.311589    134615.9
 22.365278    133835.8
 22.418942    131342.6
 22.472582    127471.8
 22.526198    126171.6
 22.579788    125486.1
 22.633355    125231.7
 22.686896    122408.4
 22.740413    118217.6
 22.793906    116189.8
 22.847374    120166.1
 22.900818    119770.0
 22.954237    117048.2
 23.007631    109334.1
 23.061001    110190.2
 23.114346    109112.6
 23.167667    105738.4
 23.220963    107048.4
 23.274235    106787.1
 23.327482    110082.5
 23.380705    103660.8
 23.433903    100879.2
 23.487077     95461.4
 23.540226     87284.0
 23.593350     86778.4
 23.646450     88096.5
 23.699525     87725.5
 23.752576     86580.9
 23.805603     85087.2
 23.858604     80787.2
 23.911582     78103.1
 23.964534     76762.0
 24.017462     76087.7
 24.070366     76569.3
 24.123245     75960.6
 24.176100     77885.1
 24.228930     78399.3
 24.281735     75123.7
 24.334516     71150.1
 24.387272     64608.8
 24.440004     62353.7
 24.492711     64011.1
 24.545394     65653.3
 24.598052     63884.9
 24.650686     60558.2
 24.703295     58270.7
 24.755880     58931.0
 24.808440     60501.3
 24.860975     60168.5
 24.913486     61284.4
 24.965972     60534.1
 25.018434     56950.5
 25.070872     56066.3
 25.123284     55896.2
 25.175673     53436.2
 25.228036     51671.9
 25.280376     51178.0
 25.332690     50992.8
 25.384980     52863.9
 25.437246     50945.9
 25.489487     49696.4
 25.541703     50604.7
 25.593895     47662.4
 25.646063     44476.9
 25.698205     44936.6
 25.750324     47292.9
 25.802417     47153.2
 25.854487     44655.7
 25.906531     44243.4
 25.958551     43126.9
 26.010547     43731.7
 26.062518     43860.6
 26.114464     46459.1
 26.166386     46951.5
 26.218284     41480.1
 26.270157     41430.6
 26.322005     39214.1
 26.373829     37710.7
 26.425628     37205.3
 26.477403     38264.1
 26.529153     38217.1
 26.580879     37580.6
 26.632580     37361.6
 26.684256     38872.2
 26.735908     37887.6
 26.787536     35826.1
 26.839139     35327.4
 26.890717     34028.0
 26.942271     34959.6
 26.993800     35658.7
 27.045305     33389.5
 27.096785     33331.7
 27.148241     32042.9
 27.199672     31619.5
 27.251078     31000.8
 27.302460     29733.6
 27.353818     30695.7
 27.405151     29396.0
 27.456459     29520.6
 27.507743     30174.9
 27.559003     29129.2
 27.610237     28528.5
 27.661448     28066.1
 27.712633     28615.6
 27.763795     28918.8
 27.814931     28539.0
 27.866043     29571.1
 27.917131     28235.6
 27.968194     27836.0
 28.019232     28345.2
 28.070246     27025.2
 28.121236     27444.8
 28.172200     28023.9
 28.223141     27294.9
 28.274057     26658.5
 28.324948     24622.2
 28.375814     22858.6
 28.426657     22790.7
 28.477474     22794.2
 28.528267     23575.9
 28.579036     24857.1
 28.629780     26589.5
 28.680499     23954.3
 28.731194     20989.8
 28.781864     21578.9
 28.832510     24782.8
 28.883131     22802.9
 28.933728     21112.6
 28.984300     20013.6
 29.034848     20446.1
 29.085371     22114.0
 29.135870     23533.3
 29.186344     24357.7
 29.236793     23968.5
 29.287218     21871.5
 29.337618     20930.9
 29.387994     23099.1
 29.438346     23504.6
 29.488672     20780.8
 29.538975     21568.0
 29.589252     21421.2
 29.639505     20567.0
 29.689734     20792.0
 29.739938     20540.2
 29.790118     18955.8
 29.840273     19531.5
 29.890403     19576.6
 29.940509     18832.2
 29.990590     20362.9
 30.040647     20574.5
 30.090679     19222.5
 30.140687     18515.7
 30.190670     18112.3
 30.240629     17161.2
 30.290563     18770.6
 30.340473     19918.0
 30.390358     18965.1
 30.440218     17473.0
 30.490054     18110.0
 30.539866     18741.2
 30.589652     17643.6
 30.639415     16982.6
 30.689153     17859.4
 30.738866     17948.2
 30.788554     16525.4
 30.838219     15614.9
 30.887858     16529.0
 30.937473     16917.9
 30.987064     16665.7
 31.036630     16514.3
 31.086171     17404.2
 31.135688     17884.3
 31.185181     18211.3
 31.234648     18208.7
 31.284092     18616.0
 31.333510     18301.6
 31.382905     19861.6
 31.432274     18047.2
 31.481619     15933.9
 31.530940     16518.1
 31.580236     17035.9
 31.629507     17017.0
 31.678754     18404.4
 31.727977     18256.4
 31.777175     17255.3
 31.826348     15947.3
 31.875497     16325.8
 31.924621     18166.3
 31.973721     19014.4
 32.022796     16865.6
 32.071847     16306.8
 32.120873     17168.8
 32.169874     17748.3
 32.218851     19257.0
 32.267804     18499.6
 32.316732     17879.9
 32.365635     16754.9
 32.414514     16247.2
 32.463368     15728.3
 32.512198     15988.0
 32.561003     17148.9
 32.609784     16633.8
 32.658540     15397.8
 32.707271     15166.3
 32.755978     17581.0
 32.804661     16959.4
 32.853319     14672.5
 32.901952     14632.9
 32.950561     14543.7
 32.999146     16071.4
 33.047705     17679.8
 33.096241     17840.8
 33.144751     17571.2
 33.193237     18454.7
 33.241699     17899.1
 33.290136     16979.1
 33.338549     16958.6
 33.386937     18111.2
 33.435300     17600.3
 33.483639     16661.6
 33.531954     16221.8
 33.580243     18077.2
 33.628509     17109.5
 33.676749     18588.7
 33.724966     18576.7
 33.773157     16891.2
 33.821324     17361.0
 33.869467     17113.1
 33.917585     17374.3
 33.965679     18325.3
 34.013748     19460.5
 34.061792     19402.5
 34.109812     19429.1
 34.157807     19413.7
 34.205778     17460.1
 34.253724     16850.7
 34.301646     15706.4
 34.349543     16061.5
 34.397416     16250.3
 34.445264     19938.2
 34.493088     21851.9
 34.540887     21900.6
 34.588661     21527.0
 34.636411     21390.5
 34.684136     21396.7
 34.731837     22042.8
 34.779514     20284.1
 34.827165     19672.3
 34.874792     17440.9
 34.922395     17085.6
 34.969973     19526.1
 35.017527     20443.3
 35.065056     21945.0
 35.112561     22622.3
 35.160040     23057.3
 35.207496     24041.4
 35.254927     22160.6
 35.302333     22089.7
 35.349715     24305.0
 35.397072     24416.2
 35.444405     25074.8
 35.491713     25006.1
 35.538997     26305.6
 35.586256     26954.0
 35.633491     27423.5
 35.680701     26818.4
 35.727886     27939.9
 35.775047     30241.1
 35.822183     30606.7
 35.869295     29213.5
 35.916383     29393.4
 35.963445     29486.8
 36.010484     31111.6
 36.057497     35544.0
 36.104486     33091.5
 36.151451     29163.8
 36.198391     27113.2
 36.245307     28267.0
 36.292198     29452.0
 36.339064     31346.4
 36.385906     31556.2
 36.432723     29822.7
 36.479516     29381.8
 36.526284     32615.3
 36.573028     30778.3
 36.619747     28634.4
 36.666442     28275.9
 36.713112     28608.8
 36.759758     29665.6
 36.806379     28811.1
 36.852975     29279.4
 36.899547     27452.0
 36.946095     25464.5
 36.992617     24242.5
 37.039116     25026.8
 37.085590     26071.4
 37.132039     27426.3
 37.178464     26886.2
 37.224864     23179.5
 37.271239     21678.3
 37.317590     23016.6
 37.363917     21403.7
 37.410219     21155.5
 37.456496     22291.5
 37.502749     23131.6
 37.548978     22193.6
 37.595181     23154.1
 37.641361     24663.9
 37.687516     25370.0
 37.733646     25673.0
 37.779751     24351.9
 37.825833     22691.6
 37.871889     21357.5
 37.917921     20919.9
 37.963929     21950.4
 38.009912     23791.7
 38.055870     22243.9
 38.101804     24037.6
 38.147713     24925.8
 38.193598     21030.3
 38.239458     19851.3
 38.285294     20330.8
 38.331105     21786.9
 38.376892     22845.1
 38.422654     22528.4
 38.468391     23115.5
 38.514104     23772.3
 38.559793     22537.1
 38.605457     24508.7
 38.651096     25640.8
 38.696711     25054.0
 38.742301     21685.2
 38.787867     21034.7
 38.833408     22593.4
 38.878925     21940.5
 38.924417     22126.3
 38.969885     24171.2
 39.015328     23614.1
 39.060746     22579.9
 39.106140     21476.2
 39.151510     21302.7
 39.196855     21711.6
 39.242175     23835.4
 39.287471     23839.1
 39.332742     20927.4
 39.377989     20304.2
 39.423211     22377.8
 39.468408     23748.4
 39.513582     23630.8
 39.558730     23060.1
 39.603854     20905.7
 39.648954     20507.4
 39.694029     21359.4
 39.739079     21793.2
 39.784105     23563.7
 39.829106     20628.5
 39.874083     19436.6
 39.919035     21219.6
 39.963963     21600.3
 40.008866     21277.7
 40.053745     21314.6
 40.098599     20955.7
 40.143428     20563.8
 40.188233     20214.5
 40.233013     23024.0
 40.277769     23122.6
 40.322501     20210.1
 40.367208     19341.7
 40.411890     18492.0
 40.456548     19694.8
 40.501181     19486.7
 40.545789     19024.5
 40.590373     17680.9
 40.634933     17896.9
 40.679468     18515.9
 40.723979     18806.8
 40.768464     20021.6
 40.812926     20966.2
 40.857363     18947.0
 40.901775     16755.4
 40.946163     16590.6
 40.990526     17005.4
 41.034865     17901.1
 41.079179     17113.8
 41.123469     17910.8
 41.167734     18160.8
 41.211974     17570.4
 41.256190     16455.1
 41.300382     15883.5
 41.344548     16760.9
 41.388691     17625.8
 41.432809     16743.7
 41.476902     16786.6
 41.520971     17435.0
 41.565015     16142.5
 41.609035     16306.9
 41.653030     17213.6
 41.697000     18086.8
 41.740946     18465.4
 41.784868     19073.3
 41.828765     17788.1
 41.872637     17499.7
 41.916485     18373.0
 41.960308     20281.5
 42.004107     20421.5
 42.047881     20041.6
 42.091631     19911.1
 42.135356     19466.3
 42.179057     19152.9
 42.222733     18554.7
 42.266384     19545.4
 42.310011     18151.1
 42.353614     17263.2
 42.397192     17399.7
 42.440745     18902.2
 42.484274     19402.9
 42.527778     18736.5
 42.571258     20385.4
 42.614713     22065.5
 42.658144     22153.1
 42.701550     19736.6
 42.744932     18936.8
 42.788289     17585.3
 42.831621     17728.4
 42.874929     19566.2
 42.918212     21262.7
 42.961471     20959.3
 43.004706     21171.5
 43.047915     19235.0
 43.091101     17411.4
 43.134261     17575.2
 43.177398     18751.2
 43.220509     17194.2
 43.263596     17391.1
 43.306659     17471.1
 43.349697     18211.4
 43.392710     19259.4
 43.435699     19520.4
 43.478664     18400.2
 43.521603     17816.4
 43.564519     17469.3
 43.607409     19864.8
 43.650276     19945.0
 43.693117     19805.1
 43.735934     19488.1
 43.778727     20540.9
 43.821495     19948.1
 43.864239     19118.5
 43.906958     17565.1
 43.949652     17703.6
 43.992322     16747.1
 44.034967     18092.2
 44.077588     19462.2
 44.120184     17443.2
 44.162756     15837.3
 44.205303     16538.6
 44.247826     18175.1
 44.290324     18328.6
 44.332797     18289.1
 44.375246     16414.0
 44.417671     14445.9
 44.460071     15660.2
 44.502446     17497.3
 44.544797     18317.6
 44.587123     17438.8
 44.629425     17683.2
 44.671702     16628.1
 44.713955     14043.2
 44.756183     15545.1
 44.798387     15102.5
 44.840566     15875.3
 44.882720     15790.9
 44.924850     15184.1
 44.966956     16462.0
 45.009037     16181.7
 45.051093     14002.8
 45.093125     12568.8
 45.135132     12841.0
 45.177115     15902.5
 45.219073     14148.0
 45.261007     12791.3
 45.302916     13462.5
 45.344800     13763.6
 45.386660     13016.7
 45.428496     13177.2
 45.470307     13301.1
 45.512093     12768.6
 45.553855     11905.9
 45.595592     12274.5
 45.637305     12870.5
 45.678993     14156.6
 45.720657     14150.0
 45.762296     13712.1
 45.803911     12757.4
 45.845501     12951.8
 45.887066     11040.8
 45.928607     10571.2
 45.970124     12412.0
 46.011616     13040.7
 46.053083     11915.7
 46.094526     10718.6
 46.135944     11105.7
 46.177338     11957.6
 46.218707     11489.9
 46.260052     11680.7
 46.301372     12132.7
 46.342667     12644.0
 46.383938     12864.2
 46.425185     13465.1
 46.466407     12483.3
 46.507604     10888.7
 46.548777     11722.9
 46.589925     13036.8
 46.631049     12510.0
 46.672148     12516.6
 46.713223     12527.9
 46.754273     11606.7
 46.795299     12462.4
 46.836300     14286.6
 46.877277     12114.8
 46.918229     11467.5
 46.959156     12575.1
 47.000059     12557.2
 47.040937     11374.3
 47.081791      9326.9
 47.122620     12148.4
 47.163425     12341.3
 47.204205     11851.6
 47.244961     11174.9
 47.285692     11283.6
 47.326399     12195.8
 47.367081     11384.3
 47.407738     10727.9
 47.448371     11593.5
 47.488980     11781.7
 47.529563     12069.5
 47.570123     11451.7
 47.610658     10645.6
 47.651168     10319.5
 47.691654     11665.8
 47.732115     11658.3
 47.772551     10807.2
 47.812963      9680.5
 47.853351     10142.8
 47.893714     10516.7
 47.934052     12320.0
 47.974366     12413.6
 48.014656     12701.7
 48.054921     14117.9
 48.095161     14668.2
 48.135377     14755.7
 48.175568     13358.6
 48.215734     14304.6
 48.255877     15226.1
 48.295994     14588.6
 48.336087     12766.4
 48.376156     13039.6
 48.416200     12825.9
 48.456219     12269.1
 48.496214     13103.3
 48.536184     13012.7
 48.576130     13433.2
 48.616051     14463.5
 48.655948     13165.6
 48.695820     13173.9
 48.735668     13974.2
 48.775491     12110.0
 48.815290     11156.4
 48.855064     11523.9
 48.894813     10452.9
 48.934538     10677.6
 48.974238     11414.8
 49.013914     12890.5
 49.053566     13700.7
 49.093192     12955.4
 49.132794     12327.2
 49.172372     12814.9
 49.211925     13187.8
 49.251454     11696.2
 49.290958     12108.2
 49.330437     12436.8
 49.369892     13895.9
 49.409323     13873.5
 49.448729     11621.7
 49.488110     10254.2
 49.527467     11990.8
 49.566799     13786.5
 49.606107     14051.6
 49.645390     13363.3
 49.684649     11977.0
 49.723883     10537.8
 49.763092     11244.9
 49.802277     10353.0
 49.841438     11208.7
 49.880574     11151.5
 49.919685     11166.0
 49.958772     11575.8
 49.997834     11456.2
 50.036872     11224.1
 50.075885     12436.0
 50.114874     12572.0
 50.153838     12022.4
 50.192778     11240.6
 50.231693     12227.1
 50.270583     11593.6
 50.309449     13045.4
 50.348291     13057.7
 50.387108     12547.8
 50.425900     13639.1
 50.464668     12863.6
 50.503411     12711.1
 50.542130     11668.6
 50.580824     10998.6
 50.619494      9536.4
 50.658139      8821.7
 50.696759     10200.9
 50.735355     10993.7
 50.773927     11982.1
 50.812474     11820.6
 50.850996     11434.1
 50.889494     10237.2
 50.927967      9689.3
 50.966416      9857.9
 51.004840     10568.8
 51.043240     11321.2
 51.081615     12613.5
 51.119966     12461.0
 51.158292     10538.9
 51.196594     11827.2
 51.234871     11304.4
 51.273123     11952.9
 51.311351     11196.4
 51.349554     11170.8
 51.387733     10869.3
 51.425887     10476.9
 51.464017     11416.0
 51.502122     12551.4
 51.540203     11987.0
 51.578259     10512.5
 51.616291     11810.9
 51.654298     11858.2
 51.692280     11030.9
 51.730238     11328.6
 51.768172     11296.6
 51.806080     11263.4
 51.843965     11056.8
 51.881825      9973.8
 51.919660     10156.4
 51.957470     11007.9
 51.995257     11696.0
 52.033018     11851.2
 52.070755     12760.9
 52.108468     14225.6
 52.146156     11727.1
 52.183819     10206.3
 52.221458     10280.3
 52.259073     12043.8
 52.296662     14214.9
 52.334228     13287.7
 52.371768     11193.4
 52.409285     10422.4
 52.446776     11837.3
 52.484243     12715.8
 52.521686     13248.2
 52.559104     10882.0
 52.596498     10555.0
 52.633867     11583.8
 52.671211     10653.4
 52.708531     10588.3
 52.745826     11698.4
 52.783097     11972.3
 52.820343     10698.8
 52.857565      9557.0
 52.894762      9110.0
 52.931935      8720.3
 52.969083      8470.4
 53.006206     10613.3
 53.043305     11505.3
 53.080380      9949.8
 53.117430     10810.7
 53.154455     10598.6
 53.191456      9816.1
 53.228432     10009.7
 53.265384      9968.0
 53.302311     10990.3
 53.339214     10652.7
 53.376092     11369.6
 53.412946     12599.7
 53.449775     11980.6
 53.486579     10790.0
 53.523359     11811.5
 53.560115     11771.8
 53.596846     10728.4
 53.633552     10779.6
 53.670234     11093.4
 53.706891     10584.8
 53.743524     11200.1
 53.780132     11082.0
 53.816716     10692.5
 53.853275     10352.0
 53.889809     12165.1
 53.926319     10857.7
 53.962805      9873.4
 53.999266     10145.9
 54.035702      9186.4
 54.072114     10903.1
 54.108501     11831.7
 54.144864     10417.5
 54.181202     10603.1
 54.217516      9193.3
 54.253805      7818.7
 54.290070      7729.0
 54.326310      8830.9
 54.362525      9334.3
 54.398716      8993.2
 54.434883     11120.1
 54.471024     11421.6
 54.507142      9924.2
 54.543235      9541.5
 54.579303     10292.4
 54.615347      9388.0
 54.651366      8115.2
 54.687360     11216.0
 54.723331     10322.0
 54.759276      9086.3
 54.795197      8874.2
 54.831094      8902.7
 54.866966      9053.8
 54.902813     10362.8
 54.938636     10360.8
 54.974434     10902.1
 55.010208     11428.8
 55.045957     11874.2
 55.081682     12028.3
 55.117382     11238.0
 55.153058     10573.9
 55.188709      9404.5
 55.224335     10186.2
 55.259937     10277.7
 55.295515      9092.2
 55.331068      9635.5
 55.366596     10742.8
 55.402100     10710.4
 55.437579     12295.4
 55.473034     10706.3
 55.508464      9109.6
 55.543870      9270.7
 55.579251     11546.5
 55.614607     11241.9
 55.649939     12142.2
 55.685247     12465.9
 55.720530     11162.3
 55.755788     10458.1
 55.791022     11378.5
 55.826231      9491.7
 55.861416      9494.0
 55.896576      9925.0
 55.931712     10845.9
 55.966823     10488.7
 56.001910     11741.5
 56.036972     13168.7
 56.072009     10324.2
 56.107022     10356.7
 56.142011     10465.7
 56.176975      9565.0
 56.211914     12603.2
 56.246829     12890.9
 56.281719     12156.6
 56.316585     11143.2
 56.351426     11075.4
 56.386243     13366.8
 56.421035     12912.8
 56.455803     13225.2
 56.490546     14695.3
 56.525264     15933.5
 56.559958     15052.7
 56.594628     14411.4
 56.629272     13004.0
 56.663893     14668.2
 56.698489     14658.5
 56.733060     14304.1
 56.767607     12853.7
 56.802129     13123.2
 56.836626     14593.4
 56.871099     16953.8
 56.905548     16206.6
 56.939972     14133.0
 56.974371     15039.6
 57.008746     17354.7
 57.043097     17402.0
 57.077423     16079.3
 57.111724     15880.8
 57.146001     17563.5
 57.180253     19299.4
 57.214481     19967.8
 57.248684     20307.8
 57.282862     19351.0
 57.317016     17788.1
 57.351146     18101.4
 57.385251     17621.9
 57.419331     17493.0
 57.453387     16690.1
 57.487418     16742.5
 57.521425     16520.4
 57.555407     15995.0
 57.589365     15917.5
 57.623298     16467.0
 57.657207     15164.2
 57.691091     15337.1
 57.724951     15795.8
 57.758786     15374.7
 57.792596     14847.9
 57.826382     14909.5
 57.860143     15773.2
 57.893880     15098.3
 57.927593     12094.2
 57.961280     11616.0
 57.994944     14539.1
 58.028582     14905.2
 58.062196     14431.9
 58.095786     13194.2
 58.129351     13003.4
 58.162892     12654.6
 58.196408     13249.8
 58.229899     13812.3
 58.263366     14263.1
 58.296808     13508.8
 58.330226     13041.8
 58.363619     14657.1
 58.396988     14070.5
 58.430332     11274.0
 58.463652     11303.3
 58.496947      9964.3
 58.530218     11495.5
 58.563464     12334.9
 58.596685     12240.5
 58.629882     10736.0
 58.663054     10670.2
 58.696202     11241.2
 58.729326     11455.6
 58.762424     10963.0
 58.795499      9511.6
 58.828548      8660.9
 58.861573      9837.2
 58.894574      8797.4
 58.927550      8030.6
 58.960502      7225.7
 58.993429      7620.5
 59.026331      7360.0
 59.059209      6738.0
 59.092062      7170.9
 59.124891      8647.3
 59.157695      9215.0
 59.190475      9370.3
 59.223230      8780.9
 59.255961      8682.8
 59.288667      8430.3
 59.321349      7225.9
 59.354006      9089.3
 59.386638      8082.0
 59.419246      8995.4
 59.451830      8385.9
 59.484388      8160.7
 59.516923      8769.7
 59.549433      8581.0
 59.581918      9074.9
 59.614378      9299.9
 59.646815      8671.4
 59.679226      7313.2
 59.711613      6169.4
 59.743976      8165.0
 59.776314      8157.9
 59.808627      8850.3
 59.840916      9244.0
 59.873181      7739.3
 59.905420      6967.8
 59.937636      7196.7
 59.969826      7082.4
 60.001993      7273.9
 60.034134      6548.0
 60.066251      6141.9
 60.098344      7090.3
 60.130412      7531.8
 60.162456      7241.4
 60.194474      6540.1
 60.226469      6556.5
 60.258439      7370.1
 60.290384      7963.1
 60.322305      5999.9
 60.354201      6550.1
 60.386073      7658.2
 60.417920      8221.3
 60.449743      6570.2
 60.481541      7550.8
 60.513314      7504.9
 60.545063      7082.9
 60.576788      6865.5
 60.608488      7375.4
 60.640163      7281.8
 60.671814      5960.0
 60.703440      8122.7
 60.735042      8299.8
 60.766619      6683.6
 60.798172      7290.3
 60.829700      8555.6
 60.861204      8597.3
 60.892683      7779.1
 60.924137      7974.1
 60.955567      7190.8
 60.986972      7371.2
 61.018353      6912.4
 61.049710      6012.7
 61.081041      6966.2
 61.112349      8241.0
 61.143631      7073.9
 61.174890      7725.9
 61.206123      7959.0
 61.237332      8456.6
 61.268517      8876.8
 61.299677      7564.7
 61.330812      5225.5
 61.361923      6468.3
 61.393010      6590.2
 61.424072      6025.4
 61.455109      7551.6
 61.486122      8840.0
 61.517110      8142.1
 61.548074      6924.3
 61.579013      5034.4
 61.609927      5688.8
 61.640817      6504.1
 61.671683      7364.1
 61.702524      6986.7
 61.733340      7285.1
 61.764132      8747.8
 61.794899      8191.5
 61.825642      8060.9
 61.856361      8888.5
 61.887054      8029.1
 61.917723      6855.2
 61.948368      6703.4
 61.978988      7305.5
 62.009584      6996.0
 62.040155      8154.3
 62.070701      8232.2
 62.101223      6984.2
 62.131721      5902.9
 62.162193      6248.5
 62.192642      6709.0
 62.223066      5429.0
 62.253465      5208.0
 62.283839      6583.6
 62.314190      7079.8
 62.344515      7179.2
 62.374816      6583.6
 62.405093      6184.4
 62.435345      6985.7
 62.465572      6330.6
 62.495775      5937.9
 62.525953      6683.6
 62.556107      8345.9
 62.586237      7339.6
 62.616341      5498.7
 62.646421      5504.9
 62.676477      5107.2
 62.706508      6218.1
 62.736515      6701.5
 62.766497      6609.7
 62.796454      8383.7
 62.826387      7981.5
 62.856296      7159.8
 62.886180      6027.2
 62.916039      6606.5
 62.945874      6055.6
 62.975684      7734.9
 63.005470      5659.5
 63.035231      5533.1
 63.064967      6508.4
 63.094679      5216.2
 63.124367      5594.2
 63.154030      6112.3
 63.183668      7085.4
 63.213282      7720.2
 63.242872      7244.4
 63.272437      5843.5
 63.301977      6681.6
 63.331493      6363.1
 63.360984      6027.4
 63.390450      6012.8
 63.419893      5675.1
 63.449310      5804.8
 63.478703      6012.1
 63.508072      6208.0
 63.537416      7043.7
 63.566735      6584.6
 63.596030      6330.8
 63.625300      4376.7
 63.654546      3398.0
 63.683767      3607.6
 63.712964      3305.0
 63.742136      3027.2
 63.771284      2587.1
 63.800407      1968.4
 63.829505      1750.0