# La4Ni3O8 Ni L2 edge RIXS
# T = 120 K
# RIXS resolution ~ 0.4 eV
# Horizontal scattering geometry, theta = 15 degrees, 2theta = 95 degrees
# SEXTANTS beamline, SOLEIL synchrotron
# Energy loss 	 Intensity
-4.54127e+01 5.91000e+02
-4.53331e+01 1.53740e+03
-4.52536e+01 2.67610e+03
-4.51741e+01 3.20510e+03
-4.50946e+01 3.96810e+03
-4.50151e+01 5.38570e+03
-4.49357e+01 6.45770e+03
-4.48563e+01 7.55370e+03
-4.47769e+01 8.37020e+03
-4.46976e+01 9.54130e+03
-4.46182e+01 1.01734e+04
-4.45389e+01 1.04013e+04
-4.44596e+01 1.02341e+04
-4.43804e+01 1.10552e+04
-4.43011e+01 1.07968e+04
-4.42219e+01 1.04886e+04
-4.41427e+01 1.14038e+04
-4.40636e+01 1.18766e+04
-4.39844e+01 1.07748e+04
-4.39053e+01 1.07426e+04
-4.38262e+01 1.10241e+04
-4.37472e+01 1.08710e+04
-4.36681e+01 1.06549e+04
-4.35891e+01 1.02946e+04
-4.35101e+01 1.00432e+04
-4.34311e+01 1.17803e+04
-4.33522e+01 1.15805e+04
-4.32733e+01 1.01328e+04
-4.31944e+01 9.61430e+03
-4.31155e+01 1.06223e+04
-4.30367e+01 1.07713e+04
-4.29579e+01 1.13144e+04
-4.28791e+01 1.14571e+04
-4.28003e+01 1.18368e+04
-4.27216e+01 1.04464e+04
-4.26428e+01 1.05592e+04
-4.25641e+01 9.77290e+03
-4.24855e+01 1.12732e+04
-4.24068e+01 1.02558e+04
-4.23282e+01 9.49440e+03
-4.22496e+01 9.96520e+03
-4.21710e+01 1.03515e+04
-4.20925e+01 1.03010e+04
-4.20139e+01 1.06763e+04
-4.19354e+01 1.05065e+04
-4.18570e+01 1.06628e+04
-4.17785e+01 1.09473e+04
-4.17001e+01 1.05904e+04
-4.16217e+01 1.03415e+04
-4.15433e+01 9.93310e+03
-4.14650e+01 1.01560e+04
-4.13866e+01 9.72830e+03
-4.13083e+01 1.01566e+04
-4.12301e+01 1.03853e+04
-4.11518e+01 9.54440e+03
-4.10736e+01 9.29550e+03
-4.09954e+01 9.31010e+03
-4.09172e+01 8.95220e+03
-4.08390e+01 9.78680e+03
-4.07609e+01 9.73960e+03
-4.06828e+01 9.53660e+03
-4.06047e+01 1.00136e+04
-4.05266e+01 1.02396e+04
-4.04486e+01 1.13590e+04
-4.03706e+01 1.13807e+04
-4.02926e+01 9.55200e+03
-4.02147e+01 1.02047e+04
-4.01367e+01 1.01869e+04
-4.00588e+01 1.09204e+04
-3.99809e+01 1.09961e+04
-3.99031e+01 9.47260e+03
-3.98252e+01 9.91730e+03
-3.97474e+01 1.15828e+04
-3.96696e+01 1.02851e+04
-3.95919e+01 1.02984e+04
-3.95141e+01 1.05044e+04
-3.94364e+01 1.07433e+04
-3.93587e+01 1.06959e+04
-3.92810e+01 1.08495e+04
-3.92034e+01 1.03687e+04
-3.91258e+01 9.31330e+03
-3.90482e+01 8.97920e+03
-3.89706e+01 1.00217e+04
-3.88931e+01 1.02245e+04
-3.88156e+01 1.04777e+04
-3.87381e+01 1.05922e+04
-3.86606e+01 1.05612e+04
-3.85832e+01 1.04024e+04
-3.85057e+01 1.02236e+04
-3.84283e+01 9.09940e+03
-3.83510e+01 9.73750e+03
-3.82736e+01 9.45750e+03
-3.81963e+01 9.90350e+03
-3.81190e+01 1.09258e+04
-3.80417e+01 1.09853e+04
-3.79645e+01 9.59650e+03
-3.78873e+01 9.92700e+03
-3.78101e+01 9.70210e+03
-3.77329e+01 9.91090e+03
-3.76557e+01 9.79490e+03
-3.75786e+01 1.03658e+04
-3.75015e+01 1.01209e+04
-3.74244e+01 1.08598e+04
-3.73474e+01 1.03974e+04
-3.72703e+01 1.05004e+04
-3.71933e+01 9.69870e+03
-3.71164e+01 1.09078e+04
-3.70394e+01 1.06983e+04
-3.69625e+01 1.10378e+04
-3.68856e+01 9.80700e+03
-3.68087e+01 1.00155e+04
-3.67318e+01 1.02078e+04
-3.66550e+01 9.96640e+03
-3.65782e+01 9.49350e+03
-3.65014e+01 1.07232e+04
-3.64247e+01 9.91730e+03
-3.63479e+01 9.68800e+03
-3.62712e+01 9.44250e+03
-3.61945e+01 1.02253e+04
-3.61179e+01 1.04426e+04
-3.60412e+01 1.04784e+04
-3.59646e+01 1.09291e+04
-3.58880e+01 1.00923e+04
-3.58115e+01 1.07390e+04
-3.57349e+01 1.03084e+04
-3.56584e+01 1.03526e+04
-3.55819e+01 1.01971e+04
-3.55055e+01 1.00981e+04
-3.54290e+01 1.00089e+04
-3.53526e+01 1.05474e+04
-3.52762e+01 1.01791e+04
-3.51999e+01 9.68060e+03
-3.51235e+01 9.73680e+03
-3.50472e+01 9.59710e+03
-3.49709e+01 1.04241e+04
-3.48947e+01 1.02021e+04
-3.48184e+01 1.10647e+04
-3.47422e+01 1.07807e+04
-3.46660e+01 1.04215e+04
-3.45898e+01 1.09798e+04
-3.45137e+01 1.06405e+04
-3.44376e+01 1.00713e+04
-3.43615e+01 1.00982e+04
-3.42854e+01 9.19350e+03
-3.42094e+01 9.05500e+03
-3.41333e+01 1.01066e+04
-3.40573e+01 1.06836e+04
-3.39814e+01 9.43550e+03
-3.39054e+01 8.52670e+03
-3.38295e+01 8.89900e+03
-3.37536e+01 9.88650e+03
-3.36777e+01 1.04970e+04
-3.36019e+01 9.95520e+03
-3.35261e+01 1.02379e+04
-3.34503e+01 9.88790e+03
-3.33745e+01 9.94320e+03
-3.32987e+01 9.87870e+03
-3.32230e+01 1.03718e+04
-3.31473e+01 1.08339e+04
-3.30716e+01 1.02393e+04
-3.29960e+01 9.47660e+03
-3.29203e+01 9.77580e+03
-3.28447e+01 9.87770e+03
-3.27692e+01 9.79260e+03
-3.26936e+01 1.01011e+04
-3.26181e+01 1.05476e+04
-3.25426e+01 1.02694e+04
-3.24671e+01 9.63320e+03
-3.23916e+01 9.67130e+03
-3.23162e+01 9.27340e+03
-3.22408e+01 9.77190e+03
-3.21654e+01 9.94300e+03
-3.20900e+01 9.75970e+03
-3.20147e+01 8.95420e+03
-3.19394e+01 9.26750e+03
-3.18641e+01 9.18990e+03
-3.17888e+01 9.32870e+03
-3.17136e+01 9.86040e+03
-3.16384e+01 1.02095e+04
-3.15632e+01 9.92970e+03
-3.14881e+01 9.40370e+03
-3.14129e+01 9.81190e+03
-3.13378e+01 1.01750e+04
-3.12627e+01 1.01638e+04
-3.11876e+01 1.01148e+04
-3.11126e+01 9.80370e+03
-3.10376e+01 1.00351e+04
-3.09626e+01 1.02604e+04
-3.08876e+01 9.63260e+03
-3.08127e+01 1.00913e+04
-3.07378e+01 9.97210e+03
-3.06629e+01 9.34130e+03
-3.05880e+01 1.00223e+04
-3.05132e+01 9.79580e+03
-3.04384e+01 9.82820e+03
-3.03636e+01 9.19640e+03
-3.02888e+01 9.09000e+03
-3.02140e+01 9.11110e+03
-3.01393e+01 9.78030e+03
-3.00646e+01 1.06097e+04
-2.99900e+01 9.92750e+03
-2.99153e+01 9.14450e+03
-2.98407e+01 9.74000e+03
-2.97661e+01 9.17890e+03
-2.96915e+01 9.50510e+03
-2.96170e+01 9.77110e+03
-2.95424e+01 8.97600e+03
-2.94679e+01 9.88500e+03
-2.93935e+01 9.77610e+03
-2.93190e+01 9.45310e+03
-2.92446e+01 9.31850e+03
-2.91702e+01 9.11010e+03
-2.90958e+01 9.80030e+03
-2.90215e+01 1.03744e+04
-2.89471e+01 1.03786e+04
-2.88728e+01 9.87830e+03
-2.87985e+01 1.00105e+04
-2.87243e+01 9.48500e+03
-2.86501e+01 9.46290e+03
-2.85759e+01 9.79790e+03
-2.85017e+01 9.36730e+03
-2.84275e+01 9.73860e+03
-2.83534e+01 9.64910e+03
-2.82793e+01 9.95090e+03
-2.82052e+01 9.93770e+03
-2.81311e+01 9.44740e+03
-2.80571e+01 9.12850e+03
-2.79831e+01 8.73730e+03
-2.79091e+01 8.66700e+03
-2.78351e+01 8.80320e+03
-2.77612e+01 8.62590e+03
-2.76873e+01 8.58970e+03
-2.76134e+01 8.89170e+03
-2.75396e+01 8.89540e+03
-2.74657e+01 8.43320e+03
-2.73919e+01 8.76140e+03
-2.73181e+01 9.35850e+03
-2.72444e+01 1.01378e+04
-2.71706e+01 9.78180e+03
-2.70969e+01 1.03952e+04
-2.70232e+01 9.98910e+03
-2.69495e+01 9.58510e+03
-2.68759e+01 9.51840e+03
-2.68023e+01 9.49670e+03
-2.67287e+01 9.06460e+03
-2.66551e+01 9.81060e+03
-2.65816e+01 9.17210e+03
-2.65081e+01 8.88850e+03
-2.64346e+01 9.96490e+03
-2.63611e+01 1.06087e+04
-2.62877e+01 9.95080e+03
-2.62142e+01 8.97420e+03
-2.61408e+01 9.89150e+03
-2.60675e+01 9.42830e+03
-2.59941e+01 8.75070e+03
-2.59208e+01 8.75880e+03
-2.58475e+01 8.60380e+03
-2.57742e+01 8.84100e+03
-2.57010e+01 9.05870e+03
-2.56278e+01 9.22400e+03
-2.55546e+01 9.24110e+03
-2.54814e+01 9.55320e+03
-2.54082e+01 9.67550e+03
-2.53351e+01 8.93940e+03
-2.52620e+01 9.39760e+03
-2.51889e+01 9.56940e+03
-2.51159e+01 9.04090e+03
-2.50429e+01 9.95420e+03
-2.49698e+01 9.35730e+03
-2.48969e+01 9.44070e+03
-2.48239e+01 9.86470e+03
-2.47510e+01 8.47080e+03
-2.46781e+01 8.97430e+03
-2.46052e+01 9.51950e+03
-2.45323e+01 8.41330e+03
-2.44595e+01 8.87870e+03
-2.43867e+01 8.41370e+03
-2.43139e+01 8.37720e+03
-2.42412e+01 8.30340e+03
-2.41684e+01 9.54580e+03
-2.40957e+01 9.95590e+03
-2.40230e+01 9.01880e+03
-2.39504e+01 9.79070e+03
-2.38777e+01 9.68090e+03
-2.38051e+01 9.20640e+03
-2.37326e+01 9.18790e+03
-2.36600e+01 9.62690e+03
-2.35875e+01 9.02390e+03
-2.35149e+01 9.01160e+03
-2.34425e+01 9.14840e+03
-2.33700e+01 9.54640e+03
-2.32976e+01 8.51250e+03
-2.32251e+01 8.86950e+03
-2.31528e+01 8.75720e+03
-2.30804e+01 8.33380e+03
-2.30080e+01 8.43260e+03
-2.29357e+01 8.96430e+03
-2.28634e+01 8.72040e+03
-2.27912e+01 9.34540e+03
-2.27189e+01 9.73900e+03
-2.26467e+01 9.53500e+03
-2.25745e+01 8.64040e+03
-2.25023e+01 8.95610e+03
-2.24302e+01 9.13240e+03
-2.23581e+01 9.22780e+03
-2.22860e+01 8.71230e+03
-2.22139e+01 9.52690e+03
-2.21419e+01 9.29680e+03
-2.20699e+01 9.26060e+03
-2.19979e+01 9.92070e+03
-2.19259e+01 8.20600e+03
-2.18539e+01 8.21850e+03
-2.17820e+01 7.97490e+03
-2.17101e+01 8.22210e+03
-2.16382e+01 9.27130e+03
-2.15664e+01 8.68440e+03
-2.14946e+01 9.08680e+03
-2.14228e+01 9.15600e+03
-2.13510e+01 9.09280e+03
-2.12792e+01 9.33650e+03
-2.12075e+01 8.64670e+03
-2.11358e+01 9.16840e+03
-2.10641e+01 9.42630e+03
-2.09925e+01 8.73120e+03
-2.09209e+01 8.69170e+03
-2.08492e+01 7.93330e+03
-2.07777e+01 8.28480e+03
-2.07061e+01 8.09280e+03
-2.06346e+01 8.62500e+03
-2.05631e+01 9.24490e+03
-2.04916e+01 8.35980e+03
-2.04201e+01 8.74800e+03
-2.03487e+01 9.00470e+03
-2.02773e+01 9.43120e+03
-2.02059e+01 8.86110e+03
-2.01346e+01 8.65820e+03
-2.00632e+01 9.35870e+03
-1.99919e+01 9.58000e+03
-1.99206e+01 8.87300e+03
-1.98494e+01 8.67760e+03
-1.97781e+01 9.30770e+03
-1.97069e+01 9.29950e+03
-1.96357e+01 9.12700e+03
-1.95646e+01 7.87820e+03
-1.94934e+01 9.57320e+03
-1.94223e+01 1.01145e+04
-1.93512e+01 9.43930e+03
-1.92802e+01 9.16560e+03
-1.92091e+01 8.94880e+03
-1.91381e+01 8.52970e+03
-1.90671e+01 9.38240e+03
-1.89962e+01 9.93090e+03
-1.89252e+01 8.52410e+03
-1.88543e+01 8.97360e+03
-1.87834e+01 9.07220e+03
-1.87125e+01 8.12730e+03
-1.86417e+01 8.47220e+03
-1.85709e+01 9.43320e+03
-1.85001e+01 9.23340e+03
-1.84293e+01 7.93000e+03
-1.83586e+01 8.92700e+03
-1.82878e+01 9.16000e+03
-1.82171e+01 8.43930e+03
-1.81465e+01 8.47480e+03
-1.80758e+01 8.60880e+03
-1.80052e+01 8.48180e+03
-1.79346e+01 9.15270e+03
-1.78640e+01 9.39620e+03
-1.77935e+01 8.93530e+03
-1.77230e+01 8.59540e+03
-1.76525e+01 9.60560e+03
-1.75820e+01 9.31650e+03
-1.75115e+01 9.15260e+03
-1.74411e+01 8.99060e+03
-1.73707e+01 7.67140e+03
-1.73003e+01 7.40760e+03
-1.72300e+01 8.35730e+03
-1.71597e+01 8.11360e+03
-1.70893e+01 8.13980e+03
-1.70191e+01 8.63030e+03
-1.69488e+01 9.28590e+03
-1.68786e+01 8.61290e+03
-1.68084e+01 9.38700e+03
-1.67382e+01 8.97850e+03
-1.66680e+01 8.14120e+03
-1.65979e+01 7.85190e+03
-1.65278e+01 8.44730e+03
-1.64577e+01 7.98140e+03
-1.63877e+01 8.74650e+03
-1.63176e+01 9.24300e+03
-1.62476e+01 8.64730e+03
-1.61776e+01 8.57760e+03
-1.61077e+01 9.48330e+03
-1.60377e+01 9.63850e+03
-1.59678e+01 8.31510e+03
-1.58979e+01 8.36810e+03
-1.58281e+01 9.09120e+03
-1.57582e+01 9.88020e+03
-1.56884e+01 7.53010e+03
-1.56186e+01 9.24440e+03
-1.55489e+01 9.58220e+03
-1.54791e+01 8.92120e+03
-1.54094e+01 8.69570e+03
-1.53397e+01 9.44160e+03
-1.52701e+01 8.93390e+03
-1.52004e+01 9.26890e+03
-1.51308e+01 9.82310e+03
-1.50612e+01 9.31670e+03
-1.49917e+01 9.33940e+03
-1.49221e+01 8.21990e+03
-1.48526e+01 9.26010e+03
-1.47831e+01 8.50760e+03
-1.47136e+01 7.64180e+03
-1.46442e+01 8.13570e+03
-1.45748e+01 8.52250e+03
-1.45054e+01 8.64680e+03
-1.44360e+01 9.00730e+03
-1.43667e+01 9.47890e+03
-1.42973e+01 8.94150e+03
-1.42280e+01 8.23010e+03
-1.41588e+01 9.03360e+03
-1.40895e+01 8.59660e+03
-1.40203e+01 8.83650e+03
-1.39511e+01 8.78240e+03
-1.38819e+01 9.33680e+03
-1.38128e+01 8.97100e+03
-1.37436e+01 7.64500e+03
-1.36745e+01 8.39790e+03
-1.36055e+01 8.13790e+03
-1.35364e+01 9.44750e+03
-1.34674e+01 9.24720e+03
-1.33984e+01 9.43940e+03
-1.33294e+01 8.26710e+03
-1.32605e+01 8.18540e+03
-1.31915e+01 8.33020e+03
-1.31226e+01 8.36300e+03
-1.30537e+01 8.14880e+03
-1.29849e+01 9.00740e+03
-1.29161e+01 8.35480e+03
-1.28473e+01 7.86220e+03
-1.27785e+01 8.38250e+03
-1.27097e+01 8.53050e+03
-1.26410e+01 8.04330e+03
-1.25723e+01 8.55480e+03
-1.25036e+01 9.53570e+03
-1.24349e+01 9.07210e+03
-1.23663e+01 8.20300e+03
-1.22977e+01 8.76720e+03
-1.22291e+01 8.82380e+03
-1.21605e+01 9.55410e+03
-1.20920e+01 9.14810e+03
-1.20235e+01 8.91380e+03
-1.19550e+01 8.67080e+03
-1.18865e+01 8.54280e+03
-1.18181e+01 8.64940e+03
-1.17497e+01 7.73720e+03
-1.16813e+01 7.52560e+03
-1.16129e+01 8.34290e+03
-1.15446e+01 8.74470e+03
-1.14763e+01 8.78980e+03
-1.14080e+01 9.04510e+03
-1.13397e+01 9.27490e+03
-1.12715e+01 8.40140e+03
-1.12033e+01 8.13770e+03
-1.11351e+01 8.71820e+03
-1.10669e+01 8.21950e+03
-1.09988e+01 8.07030e+03
-1.09306e+01 8.85420e+03
-1.08625e+01 8.97630e+03
-1.07945e+01 8.66040e+03
-1.07264e+01 9.92880e+03
-1.06584e+01 9.65690e+03
-1.05904e+01 8.71020e+03
-1.05224e+01 8.50540e+03
-1.04545e+01 8.28680e+03
-1.03866e+01 8.16180e+03
-1.03187e+01 8.28030e+03
-1.02508e+01 9.46480e+03
-1.01829e+01 9.98530e+03
-1.01151e+01 9.30220e+03
-1.00473e+01 9.15530e+03
-9.97954e+00 9.01110e+03
-9.91179e+00 9.38700e+03
-9.84407e+00 8.45470e+03
-9.77636e+00 8.92900e+03
-9.70869e+00 9.29320e+03
-9.64103e+00 9.41370e+03
-9.57340e+00 8.80160e+03
-9.50580e+00 1.00385e+04
-9.43822e+00 9.55750e+03
-9.37067e+00 9.72060e+03
-9.30314e+00 9.31360e+03
-9.23563e+00 9.60790e+03
-9.16815e+00 9.12110e+03
-9.10069e+00 9.12750e+03
-9.03326e+00 1.01414e+04
-8.96585e+00 8.51730e+03
-8.89847e+00 8.67550e+03
-8.83111e+00 9.54780e+03
-8.76378e+00 8.69290e+03
-8.69647e+00 8.88150e+03
-8.62918e+00 8.77080e+03
-8.56192e+00 7.94060e+03
-8.49469e+00 8.27450e+03
-8.42748e+00 9.17140e+03
-8.36029e+00 8.97400e+03
-8.29313e+00 8.35460e+03
-8.22599e+00 8.77090e+03
-8.15888e+00 9.34960e+03
-8.09179e+00 9.19880e+03
-8.02473e+00 8.73590e+03
-7.95768e+00 8.28030e+03
-7.89067e+00 9.21140e+03
-7.82368e+00 9.79070e+03
-7.75671e+00 9.53190e+03
-7.68977e+00 8.75290e+03
-7.62286e+00 8.52210e+03
-7.55596e+00 8.96250e+03
-7.48910e+00 9.24240e+03
-7.42225e+00 8.44650e+03
-7.35543e+00 8.20150e+03
-7.28864e+00 8.14390e+03
-7.22187e+00 7.47850e+03
-7.15513e+00 8.18810e+03
-7.08841e+00 8.61720e+03
-7.02171e+00 9.01830e+03
-6.95504e+00 8.33360e+03
-6.88839e+00 8.36470e+03
-6.82177e+00 9.18800e+03
-6.75517e+00 9.33550e+03
-6.68860e+00 9.19660e+03
-6.62205e+00 8.52900e+03
-6.55553e+00 8.46010e+03
-6.48903e+00 8.46620e+03
-6.42255e+00 9.54760e+03
-6.35610e+00 9.28570e+03
-6.28968e+00 8.85360e+03
-6.22328e+00 9.09940e+03
-6.15690e+00 9.89340e+03
-6.09055e+00 9.88400e+03
-6.02422e+00 9.53540e+03
-5.95791e+00 9.27320e+03
-5.89164e+00 9.98800e+03
-5.82538e+00 8.38480e+03
-5.75915e+00 8.78500e+03
-5.69295e+00 9.33660e+03
-5.62677e+00 8.18010e+03
-5.56061e+00 8.58260e+03
-5.49448e+00 9.69250e+03
-5.42837e+00 9.35620e+03
-5.36229e+00 8.79070e+03
-5.29623e+00 8.90540e+03
-5.23020e+00 9.73010e+03
-5.16419e+00 9.75830e+03
-5.09821e+00 8.52920e+03
-5.03225e+00 8.99540e+03
-4.96631e+00 1.06023e+04
-4.90040e+00 1.00014e+04
-4.83452e+00 9.42330e+03
-4.76865e+00 8.87260e+03
-4.70282e+00 9.87420e+03
-4.63701e+00 9.66550e+03
-4.57122e+00 9.56200e+03
-4.50545e+00 9.74050e+03
-4.43972e+00 9.72040e+03
-4.37400e+00 8.73960e+03
-4.30831e+00 8.69700e+03
-4.24265e+00 8.26040e+03
-4.17701e+00 8.46210e+03
-4.11139e+00 9.57700e+03
-4.04580e+00 8.90550e+03
-3.98023e+00 8.95460e+03
-3.91469e+00 8.31060e+03
-3.84917e+00 8.90260e+03
-3.78368e+00 8.09300e+03
-3.71821e+00 8.07960e+03
-3.65277e+00 8.18350e+03
-3.58735e+00 8.46440e+03
-3.52195e+00 8.85970e+03
-3.45658e+00 9.62070e+03
-3.39123e+00 9.12480e+03
-3.32591e+00 8.09940e+03
-3.26062e+00 8.32730e+03
-3.19534e+00 9.07630e+03
-3.13009e+00 9.55560e+03
-3.06487e+00 8.72430e+03
-2.99967e+00 8.34450e+03
-2.93450e+00 8.61170e+03
-2.86935e+00 8.60870e+03
-2.80422e+00 7.25270e+03
-2.73912e+00 7.48930e+03
-2.67405e+00 7.93890e+03
-2.60900e+00 8.78770e+03
-2.54397e+00 8.63650e+03
-2.47897e+00 8.97670e+03
-2.41399e+00 8.95630e+03
-2.34904e+00 8.32730e+03
-2.28411e+00 7.97600e+03
-2.21920e+00 8.58930e+03
-2.15432e+00 8.79480e+03
-2.08947e+00 9.10330e+03
-2.02464e+00 9.65830e+03
-1.95983e+00 8.74520e+03
-1.89505e+00 8.35790e+03
-1.83029e+00 8.61130e+03
-1.76556e+00 9.44320e+03
-1.70085e+00 9.17830e+03
-1.63617e+00 9.11940e+03
-1.57151e+00 8.44740e+03
-1.50687e+00 8.95060e+03
-1.44226e+00 9.90590e+03
-1.37768e+00 1.02947e+04
-1.31312e+00 9.24960e+03
-1.24858e+00 9.36310e+03
-1.18407e+00 8.98530e+03
-1.11958e+00 9.14320e+03
-1.05512e+00 1.04139e+04
-9.90683e-01 1.05060e+04
-9.26269e-01 9.40380e+03
-8.61880e-01 1.02128e+04
-7.97516e-01 1.02720e+04
-7.33176e-01 9.80540e+03
-6.68861e-01 1.09570e+04
-6.04570e-01 1.16997e+04
-5.40304e-01 1.45010e+04
-4.76062e-01 1.63273e+04
-4.11845e-01 1.90089e+04
-3.47652e-01 2.46531e+04
-2.83484e-01 3.51421e+04
-2.19341e-01 5.04635e+04
-1.55222e-01 6.60759e+04
-9.11270e-02 8.61968e+04
-2.70570e-02 1.03155e+05
3.69880e-02 1.09004e+05
1.01009e-01 8.93796e+04
1.65005e-01 6.15636e+04
2.28977e-01 4.07479e+04
2.92924e-01 2.94941e+04
3.56847e-01 2.33519e+04
4.20745e-01 2.14740e+04
4.84618e-01 2.28511e+04
5.48467e-01 2.77258e+04
6.12292e-01 3.03511e+04
6.76092e-01 3.44620e+04
7.39867e-01 3.91645e+04
8.03618e-01 4.30547e+04
8.67344e-01 4.76143e+04
9.31046e-01 5.19893e+04
9.94723e-01 5.49869e+04
1.05838e+00 5.50101e+04
1.12200e+00 5.64622e+04
1.18561e+00 5.34979e+04
1.24919e+00 5.01061e+04
1.31274e+00 5.09633e+04
1.37627e+00 5.18479e+04
1.43978e+00 5.02314e+04
1.50326e+00 5.15492e+04
1.56671e+00 5.32446e+04
1.63015e+00 5.67707e+04
1.69355e+00 5.83261e+04
1.75694e+00 6.54217e+04
1.82029e+00 6.41582e+04
1.88363e+00 6.47790e+04
1.94694e+00 6.25340e+04
2.01022e+00 6.31898e+04
2.07348e+00 6.43132e+04
2.13672e+00 6.56846e+04
2.19993e+00 6.40083e+04
2.26311e+00 5.85276e+04
2.32628e+00 5.73337e+04
2.38941e+00 5.69754e+04
2.45253e+00 5.49048e+04
2.51561e+00 5.49579e+04
2.57868e+00 5.87453e+04
2.64172e+00 5.96619e+04
2.70473e+00 6.09068e+04
2.76772e+00 5.98367e+04
2.83069e+00 6.21472e+04
2.89363e+00 6.42775e+04
2.95655e+00 6.83165e+04
3.01944e+00 6.53488e+04
3.08230e+00 6.39745e+04
3.14515e+00 6.54410e+04
3.20797e+00 6.50202e+04
3.27076e+00 6.77750e+04
3.33353e+00 6.91433e+04
3.39627e+00 7.56635e+04
3.45899e+00 7.71148e+04
3.52169e+00 7.95354e+04
3.58436e+00 8.66421e+04
3.64701e+00 8.77557e+04
3.70963e+00 8.57896e+04
3.77223e+00 8.88678e+04
3.83480e+00 9.49322e+04
3.89735e+00 9.58360e+04
3.95987e+00 9.81948e+04
4.02237e+00 1.03447e+05
4.08484e+00 1.03209e+05
4.14729e+00 1.07736e+05
4.20972e+00 1.13684e+05
4.27212e+00 1.13972e+05
4.33450e+00 1.14803e+05
4.39685e+00 1.17026e+05
4.45918e+00 1.15454e+05
4.52148e+00 1.15921e+05
4.58376e+00 1.11810e+05
4.64601e+00 1.12275e+05
4.70824e+00 1.06823e+05
4.77045e+00 1.05883e+05
4.83263e+00 1.06270e+05
4.89478e+00 1.07213e+05
4.95691e+00 1.02615e+05
5.01902e+00 9.58625e+04
5.08110e+00 9.17539e+04
5.14316e+00 9.21194e+04
5.20519e+00 9.17445e+04
5.26720e+00 8.94086e+04
5.32919e+00 8.95443e+04
5.39114e+00 9.27353e+04
5.45308e+00 8.64207e+04
5.51499e+00 8.20573e+04
5.57688e+00 7.75020e+04
5.63874e+00 7.42980e+04
5.70057e+00 7.88156e+04
5.76239e+00 7.83747e+04
5.82417e+00 7.10148e+04
5.88594e+00 7.10169e+04
5.94768e+00 6.89834e+04
6.00939e+00 6.81089e+04
6.07108e+00 6.56816e+04
6.13274e+00 6.21690e+04
6.19438e+00 6.15412e+04
6.25600e+00 6.00355e+04
6.31759e+00 6.05338e+04
6.37916e+00 5.48343e+04
6.44070e+00 5.27275e+04
6.50222e+00 5.18091e+04
6.56371e+00 5.35518e+04
6.62518e+00 5.13278e+04
6.68662e+00 4.86091e+04
6.74804e+00 4.61391e+04
6.80944e+00 4.65839e+04
6.87081e+00 4.50631e+04
6.93215e+00 4.37569e+04
6.99347e+00 4.32311e+04
7.05477e+00 4.26653e+04
7.11604e+00 4.40268e+04
7.17729e+00 4.23833e+04
7.23851e+00 3.77706e+04
7.29971e+00 3.88046e+04
7.36089e+00 3.80839e+04
7.42204e+00 3.81087e+04
7.48316e+00 3.92309e+04
7.54426e+00 3.76233e+04
7.60534e+00 3.57713e+04
7.66639e+00 3.53426e+04
7.72741e+00 3.54598e+04
7.78842e+00 3.74215e+04
7.84940e+00 3.61775e+04
7.91035e+00 3.19704e+04
7.97128e+00 3.32785e+04
8.03218e+00 3.29284e+04
8.09306e+00 3.42071e+04
8.15392e+00 3.49395e+04
8.21475e+00 3.36877e+04
8.27555e+00 3.33927e+04
8.33633e+00 3.22625e+04
8.39709e+00 3.23008e+04
8.45782e+00 3.20043e+04
8.51853e+00 2.95828e+04
8.57921e+00 2.71456e+04
8.63987e+00 2.62962e+04
8.70051e+00 2.73054e+04
8.76112e+00 2.58691e+04
8.82170e+00 2.59931e+04
8.88226e+00 2.58084e+04
8.94280e+00 2.75617e+04
9.00331e+00 2.68360e+04
9.06380e+00 2.61830e+04
9.12426e+00 2.47228e+04
9.18470e+00 2.63281e+04
9.24511e+00 2.78024e+04
9.30550e+00 2.75821e+04
9.36586e+00 2.46918e+04
9.42620e+00 2.35857e+04
9.48652e+00 2.41724e+04
9.54681e+00 2.39307e+04
9.60707e+00 2.38246e+04
9.66732e+00 2.36899e+04
9.72753e+00 2.35459e+04
9.78772e+00 2.15681e+04
9.84789e+00 2.19682e+04
9.90803e+00 2.07171e+04
9.96815e+00 2.22602e+04
1.00282e+01 2.25866e+04
1.00883e+01 2.15854e+04
1.01484e+01 2.10077e+04
1.02084e+01 2.11862e+04
1.02684e+01 2.13055e+04
1.03284e+01 2.08092e+04
1.03883e+01 2.16981e+04
1.04482e+01 2.08847e+04
1.05081e+01 2.01995e+04
1.05680e+01 1.73924e+04
1.06278e+01 1.80701e+04
1.06877e+01 1.72814e+04
1.07475e+01 1.80889e+04
1.08072e+01 1.98160e+04
1.08670e+01 1.86366e+04
1.09267e+01 1.81542e+04
1.09864e+01 1.92907e+04
1.10461e+01 1.87810e+04
1.11057e+01 1.92922e+04
1.11654e+01 2.04619e+04
1.12250e+01 2.03091e+04
1.12846e+01 1.83481e+04
1.13441e+01 1.77156e+04
1.14036e+01 1.82785e+04
1.14631e+01 1.91557e+04
1.15226e+01 1.83989e+04
1.15821e+01 1.96525e+04
1.16415e+01 1.92517e+04
1.17009e+01 1.94210e+04
1.17603e+01 1.82935e+04
1.18197e+01 1.68126e+04
1.18790e+01 1.73760e+04
1.19383e+01 1.60783e+04
1.19976e+01 1.52123e+04
1.20568e+01 1.61099e+04
1.21161e+01 1.82627e+04
1.21753e+01 1.71205e+04
1.22345e+01 1.82205e+04
1.22936e+01 1.70628e+04
1.23528e+01 1.75260e+04
1.24119e+01 1.66945e+04
1.24710e+01 1.75531e+04
1.25300e+01 2.00364e+04
1.25891e+01 1.91107e+04
1.26481e+01 1.71569e+04
1.27071e+01 1.70504e+04
1.27661e+01 1.77609e+04
1.28250e+01 1.73784e+04
1.28839e+01 1.70001e+04
1.29428e+01 1.69773e+04
1.30017e+01 1.87409e+04
1.30605e+01 1.75829e+04
1.31193e+01 1.86367e+04
1.31781e+01 1.88959e+04
1.32369e+01 1.92083e+04
1.32956e+01 1.65466e+04
1.33544e+01 1.74198e+04
1.34131e+01 1.94588e+04
1.34717e+01 2.08521e+04
1.35304e+01 1.85963e+04
1.35890e+01 1.73828e+04
1.36476e+01 1.89222e+04
1.37062e+01 2.09751e+04
1.37647e+01 1.97937e+04
1.38232e+01 1.86445e+04
1.38817e+01 1.86782e+04
1.39402e+01 1.83382e+04
1.39987e+01 1.81844e+04
1.40571e+01 2.08133e+04
1.41155e+01 2.11989e+04
1.41739e+01 2.08270e+04
1.42322e+01 2.12067e+04
1.42905e+01 2.09584e+04
1.43488e+01 1.95881e+04
1.44071e+01 1.94038e+04
1.44654e+01 2.18031e+04
1.45236e+01 2.24940e+04
1.45818e+01 2.24199e+04
1.46400e+01 2.10739e+04
1.46981e+01 2.00699e+04
1.47563e+01 2.14318e+04
1.48144e+01 2.13850e+04
1.48725e+01 2.22564e+04
1.49305e+01 2.34009e+04
1.49885e+01 2.31129e+04
1.50466e+01 2.21981e+04
1.51045e+01 2.32905e+04
1.51625e+01 2.30742e+04
1.52204e+01 2.41128e+04
1.52783e+01 2.40281e+04
1.53362e+01 2.32061e+04
1.53941e+01 2.34277e+04
1.54519e+01 2.31149e+04
1.55097e+01 2.53435e+04
1.55675e+01 2.41591e+04
1.56253e+01 2.53252e+04
1.56830e+01 2.67846e+04
1.57407e+01 2.65342e+04
1.57984e+01 2.80720e+04
1.58561e+01 2.74223e+04
1.59137e+01 2.80695e+04
1.59714e+01 2.58051e+04
1.60289e+01 2.57141e+04
1.60865e+01 2.57222e+04
1.61441e+01 2.74774e+04
1.62016e+01 2.87576e+04
1.62591e+01 3.03079e+04
1.63165e+01 3.24652e+04
1.63740e+01 3.33558e+04
1.64314e+01 3.01019e+04
1.64888e+01 3.04774e+04
1.65462e+01 3.14570e+04
1.66035e+01 3.12243e+04
1.66608e+01 3.13920e+04
1.67181e+01 3.07231e+04
1.67754e+01 3.15960e+04
1.68326e+01 3.23972e+04
1.68899e+01 3.34147e+04
1.69471e+01 3.41525e+04
1.70042e+01 3.62617e+04
1.70614e+01 3.82737e+04
1.71185e+01 3.75586e+04
1.71756e+01 3.43541e+04
1.72327e+01 3.80513e+04
1.72897e+01 3.97305e+04
1.73468e+01 4.09103e+04
1.74038e+01 3.93453e+04
1.74607e+01 4.01631e+04
1.75177e+01 4.33651e+04
1.75746e+01 4.40008e+04
1.76315e+01 4.80035e+04
1.76884e+01 4.91236e+04
1.77453e+01 5.02131e+04
1.78021e+01 4.80330e+04
1.78589e+01 4.76973e+04
1.79157e+01 4.98020e+04
1.79724e+01 5.08092e+04
1.80292e+01 5.46500e+04
1.80859e+01 5.71775e+04
1.81426e+01 5.48372e+04
1.81992e+01 5.48525e+04
1.82558e+01 5.42825e+04
1.83125e+01 5.90361e+04
1.83690e+01 6.33717e+04
1.84256e+01 6.06113e+04
1.84821e+01 6.51397e+04
1.85387e+01 7.05583e+04
1.85951e+01 7.06193e+04
1.86516e+01 7.12698e+04
1.87080e+01 7.33605e+04
1.87644e+01 7.40619e+04
1.88208e+01 7.29128e+04
1.88772e+01 7.01916e+04
1.89335e+01 7.12914e+04
1.89899e+01 7.55781e+04
1.90461e+01 7.86058e+04
1.91024e+01 7.88733e+04
1.91587e+01 7.88831e+04
1.92149e+01 8.22506e+04
1.92711e+01 8.55118e+04
1.93272e+01 8.68061e+04
1.93834e+01 9.03863e+04
1.94395e+01 9.54476e+04
1.94956e+01 1.00716e+05
1.95517e+01 1.04303e+05
1.96077e+01 1.00239e+05
1.96637e+01 1.05090e+05
1.97197e+01 1.09709e+05
1.97757e+01 1.17600e+05
1.98316e+01 1.19750e+05
1.98876e+01 1.19738e+05
1.99435e+01 1.24043e+05
1.99993e+01 1.24188e+05
2.00552e+01 1.30224e+05
2.01110e+01 1.41275e+05
2.01668e+01 1.43502e+05
2.02226e+01 1.50920e+05
2.02783e+01 1.58631e+05
2.03341e+01 1.68697e+05
2.03898e+01 1.74298e+05
2.04454e+01 1.84181e+05
2.05011e+01 1.89222e+05
2.05567e+01 1.99038e+05
2.06123e+01 2.11949e+05
2.06679e+01 2.22472e+05
2.07234e+01 2.23421e+05
2.07790e+01 2.31156e+05
2.08345e+01 2.51032e+05
2.08900e+01 2.67390e+05
2.09454e+01 2.70765e+05
2.10008e+01 2.64596e+05
2.10563e+01 2.73164e+05
2.11116e+01 2.79089e+05
2.11670e+01 2.73423e+05
2.12223e+01 2.66918e+05
2.12776e+01 2.73355e+05
2.13329e+01 2.70017e+05
2.13882e+01 2.58676e+05
2.14434e+01 2.47511e+05
2.14986e+01 2.26092e+05
2.15538e+01 2.08725e+05
2.16090e+01 2.00817e+05
2.16641e+01 1.88396e+05
2.17192e+01 1.75788e+05
2.17743e+01 1.64141e+05
2.18294e+01 1.47248e+05
2.18844e+01 1.32468e+05
2.19394e+01 1.23170e+05
2.19944e+01 1.08272e+05
2.20494e+01 1.03924e+05
2.21043e+01 9.51758e+04
2.21592e+01 8.40668e+04
2.22141e+01 8.05315e+04
2.22690e+01 7.84887e+04
2.23238e+01 7.53013e+04
2.23787e+01 7.11965e+04
2.24334e+01 6.43696e+04
2.24882e+01 6.61571e+04
2.25430e+01 7.05722e+04
2.25977e+01 6.96230e+04
2.26524e+01 6.90251e+04
2.27070e+01 7.75818e+04
2.27617e+01 7.66167e+04
2.28163e+01 7.42437e+04
2.28709e+01 7.09378e+04
2.29255e+01 7.26521e+04
2.29800e+01 7.72483e+04
2.30346e+01 7.90430e+04
2.30891e+01 7.90835e+04
2.31435e+01 8.09212e+04
2.31980e+01 7.81320e+04
2.32524e+01 8.49657e+04
2.33068e+01 9.03508e+04
2.33612e+01 9.06269e+04
2.34155e+01 8.89210e+04
2.34699e+01 8.66465e+04
2.35242e+01 9.20427e+04
2.35784e+01 9.24986e+04
2.36327e+01 9.18651e+04
2.36869e+01 9.16388e+04
2.37411e+01 8.99779e+04
2.37953e+01 9.20969e+04
2.38495e+01 9.26672e+04
2.39036e+01 8.99082e+04
2.39577e+01 9.12340e+04
2.40118e+01 8.82636e+04
2.40658e+01 8.89457e+04
2.41199e+01 9.06129e+04
2.41739e+01 9.63150e+04
2.42279e+01 9.49192e+04
2.42818e+01 9.07160e+04
2.43358e+01 9.00975e+04
2.43897e+01 9.04619e+04
2.44435e+01 8.85874e+04
2.44974e+01 9.23519e+04
2.45512e+01 9.15557e+04
2.46051e+01 9.19105e+04
2.46588e+01 9.42299e+04
2.47126e+01 9.38394e+04
2.47663e+01 9.42297e+04
2.48201e+01 9.16682e+04
2.48737e+01 9.10875e+04
2.49274e+01 9.00831e+04
2.49810e+01 8.78422e+04
2.50347e+01 8.88922e+04
2.50883e+01 9.00316e+04
2.51418e+01 9.10386e+04
2.51954e+01 8.94411e+04
2.52489e+01 8.72210e+04
2.53024e+01 8.63047e+04
2.53558e+01 8.39161e+04
2.54093e+01 8.74263e+04
2.54627e+01 8.40924e+04
2.55161e+01 8.42168e+04
2.55695e+01 8.40652e+04
2.56228e+01 8.57435e+04
2.56761e+01 8.39783e+04
2.57294e+01 8.30184e+04
2.57827e+01 8.08538e+04
2.58359e+01 7.81969e+04
2.58892e+01 7.77554e+04
2.59424e+01 7.88036e+04
2.59955e+01 7.13600e+04
2.60487e+01 7.09966e+04
2.61018e+01 7.53409e+04
2.61549e+01 7.60434e+04
2.62080e+01 7.37420e+04
2.62610e+01 7.28369e+04
2.63141e+01 6.89674e+04
2.63671e+01 6.78299e+04
2.64200e+01 6.70626e+04
2.64730e+01 7.27790e+04
2.65259e+01 6.48580e+04
2.65788e+01 5.84443e+04
2.66317e+01 5.72401e+04
2.66846e+01 6.19054e+04
2.67374e+01 5.88563e+04
2.67902e+01 5.69406e+04
2.68430e+01 5.93824e+04
2.68957e+01 5.50956e+04
2.69485e+01 5.27441e+04
2.70012e+01 5.00837e+04
2.70539e+01 4.92512e+04
2.71065e+01 4.93551e+04
2.71592e+01 4.91068e+04
2.72118e+01 4.89016e+04
2.72643e+01 4.87916e+04
2.73169e+01 4.71805e+04
2.73694e+01 4.51172e+04
2.74220e+01 4.44014e+04
2.74744e+01 4.59376e+04
2.75269e+01 4.74237e+04
2.75793e+01 4.45617e+04
2.76318e+01 4.16724e+04
2.76841e+01 4.34167e+04
2.77365e+01 4.10175e+04
2.77888e+01 3.93307e+04
2.78412e+01 4.04145e+04
2.78934e+01 3.86202e+04
2.79457e+01 3.93558e+04
2.79980e+01 3.77951e+04
2.80502e+01 3.85373e+04
2.81024e+01 3.64260e+04
2.81545e+01 3.53703e+04
2.82067e+01 3.61469e+04
2.82588e+01 3.48731e+04
2.83109e+01 3.30706e+04
2.83630e+01 3.37116e+04
2.84150e+01 3.26990e+04
2.84670e+01 3.16462e+04
2.85190e+01 3.03068e+04
2.85710e+01 3.13049e+04
2.86229e+01 3.12896e+04
2.86749e+01 3.05812e+04
2.87268e+01 3.05657e+04
2.87786e+01 2.96449e+04
2.88305e+01 3.01197e+04
2.88823e+01 3.18556e+04
2.89341e+01 2.98816e+04
2.89859e+01 2.81122e+04
2.90376e+01 2.91953e+04
2.90893e+01 2.94160e+04
2.91410e+01 2.79344e+04
2.91927e+01 2.84250e+04
2.92444e+01 2.74926e+04
2.92960e+01 2.53591e+04
2.93476e+01 2.40819e+04
2.93992e+01 2.35830e+04
2.94507e+01 2.52402e+04
2.95023e+01 2.49874e+04
2.95538e+01 2.35237e+04
2.96053e+01 2.57340e+04
2.96567e+01 2.58623e+04
2.97081e+01 2.65853e+04
2.97595e+01 2.58632e+04
2.98109e+01 2.53681e+04
2.98623e+01 2.49587e+04
2.99136e+01 2.35854e+04
2.99649e+01 2.30281e+04
3.00162e+01 2.18779e+04
3.00675e+01 2.37907e+04
3.01187e+01 2.13937e+04
3.01699e+01 2.28712e+04
3.02211e+01 2.31736e+04
3.02723e+01 2.33142e+04
3.03234e+01 2.44739e+04
3.03745e+01 2.36249e+04
3.04256e+01 2.17733e+04
3.04767e+01 2.15942e+04
3.05277e+01 2.19924e+04
3.05787e+01 1.97140e+04
3.06297e+01 1.91802e+04
3.06807e+01 1.95201e+04
3.07316e+01 2.13175e+04
3.07825e+01 2.17680e+04
3.08334e+01 2.26248e+04
3.08843e+01 2.09390e+04
3.09351e+01 1.92104e+04
3.09859e+01 1.90247e+04
3.10367e+01 1.98516e+04
3.10875e+01 1.87234e+04
3.11382e+01 2.00549e+04
3.11890e+01 1.91749e+04
3.12397e+01 1.75404e+04
3.12903e+01 1.91108e+04
3.13410e+01 1.90013e+04
3.13916e+01 1.82901e+04
3.14422e+01 2.05730e+04
3.14928e+01 2.00200e+04
3.15433e+01 2.01375e+04
3.15938e+01 2.07504e+04
3.16443e+01 2.14927e+04
3.16948e+01 1.99813e+04
3.17453e+01 1.86445e+04
3.17957e+01 1.95086e+04
3.18461e+01 1.92404e+04
3.18965e+01 1.94560e+04
3.19468e+01 1.91098e+04
3.19971e+01 1.98777e+04
3.20474e+01 1.87028e+04
3.20977e+01 1.73186e+04
3.21480e+01 1.65899e+04
3.21982e+01 1.78283e+04
3.22484e+01 1.83153e+04
3.22986e+01 1.80455e+04
3.23487e+01 1.81561e+04
3.23989e+01 1.59465e+04
3.24490e+01 1.57130e+04
3.24991e+01 1.66174e+04
3.25491e+01 1.72461e+04
3.25991e+01 1.73930e+04
3.26492e+01 1.56961e+04
3.26991e+01 1.75177e+04
3.27491e+01 1.69734e+04
3.27990e+01 1.63166e+04
3.28489e+01 1.73315e+04
3.28988e+01 1.81373e+04
3.29487e+01 1.66732e+04
3.29985e+01 1.53212e+04
3.30483e+01 1.49415e+04
3.30981e+01 1.45049e+04
3.31479e+01 1.51075e+04
3.31976e+01 1.59848e+04
3.32473e+01 1.73079e+04
3.32970e+01 1.64405e+04
3.33467e+01 1.49327e+04
3.33963e+01 1.40513e+04
3.34459e+01 1.55213e+04
3.34955e+01 1.38090e+04
3.35451e+01 1.57035e+04
3.35946e+01 1.72220e+04
3.36442e+01 1.56270e+04
3.36936e+01 1.57661e+04
3.37431e+01 1.68255e+04
3.37926e+01 1.76859e+04
3.38420e+01 1.72980e+04
3.38914e+01 1.58149e+04
3.39407e+01 1.40884e+04
3.39901e+01 1.67710e+04
3.40394e+01 1.69632e+04
3.40887e+01 1.68796e+04
3.41380e+01 1.55059e+04
3.41872e+01 1.68716e+04
3.42364e+01 1.63318e+04
3.42856e+01 1.50090e+04
3.43348e+01 1.57270e+04
3.43840e+01 1.62958e+04
3.44331e+01 1.57175e+04
3.44822e+01 1.60636e+04
3.45313e+01 1.62719e+04
3.45803e+01 1.71422e+04
3.46293e+01 1.72804e+04
3.46783e+01 1.52465e+04
3.47273e+01 1.72580e+04
3.47763e+01 1.71982e+04
3.48252e+01 1.57996e+04
3.48741e+01 1.57410e+04
3.49230e+01 1.39445e+04
3.49718e+01 1.34941e+04
3.50207e+01 1.43683e+04
3.50695e+01 1.61478e+04
3.51183e+01 1.71489e+04
3.51670e+01 1.73382e+04
3.52157e+01 1.56221e+04
3.52644e+01 1.63820e+04
3.53131e+01 1.81021e+04
3.53618e+01 1.73696e+04
3.54104e+01 1.74031e+04
3.54590e+01 1.67909e+04
3.55076e+01 1.65214e+04
3.55562e+01 1.62841e+04
3.56047e+01 1.65932e+04
3.56532e+01 1.69221e+04
3.57017e+01 1.51364e+04
3.57502e+01 1.56047e+04
3.57986e+01 1.89236e+04
3.58470e+01 1.71035e+04
3.58954e+01 1.67581e+04
3.59438e+01 1.74562e+04
3.59921e+01 1.59147e+04
3.60404e+01 1.55374e+04
3.60887e+01 1.58468e+04
3.61370e+01 1.58198e+04
3.61852e+01 1.46966e+04
3.62334e+01 1.39831e+04
3.62816e+01 1.61703e+04
3.63298e+01 1.69791e+04
3.63779e+01 1.51869e+04
3.64261e+01 1.59023e+04
3.64741e+01 1.62551e+04
3.65222e+01 1.76114e+04
3.65703e+01 1.83672e+04
3.66183e+01 1.84130e+04
3.66663e+01 1.66743e+04
3.67142e+01 1.57178e+04
3.67622e+01 1.64304e+04
3.68101e+01 1.60336e+04
3.68580e+01 1.51853e+04
3.69059e+01 1.52957e+04
3.69537e+01 1.53124e+04
3.70016e+01 1.78209e+04
3.70494e+01 1.72163e+04
3.70971e+01 1.68943e+04
3.71449e+01 1.77213e+04
3.71926e+01 1.79239e+04
3.72403e+01 1.73008e+04
3.72880e+01 1.64454e+04
3.73356e+01 1.73417e+04
3.73833e+01 2.02932e+04
3.74309e+01 1.99921e+04
3.74784e+01 1.80275e+04
3.75260e+01 1.72158e+04
3.75735e+01 1.88515e+04
3.76210e+01 1.92897e+04
3.76685e+01 1.75814e+04
3.77160e+01 1.95355e+04
3.77634e+01 2.16288e+04
3.78108e+01 2.19562e+04
3.78582e+01 2.17534e+04
3.79055e+01 2.28214e+04
3.79529e+01 2.14762e+04
3.80002e+01 2.06771e+04
3.80475e+01 2.15017e+04
3.80947e+01 2.25805e+04
3.81420e+01 2.17072e+04
3.81892e+01 2.16950e+04
3.82364e+01 2.08792e+04
3.82835e+01 2.39157e+04
3.83306e+01 2.37487e+04
3.83778e+01 2.25853e+04
3.84248e+01 2.11020e+04
3.84719e+01 2.20017e+04
3.85189e+01 2.30733e+04
3.85660e+01 2.30308e+04
3.86130e+01 2.26763e+04
3.86599e+01 2.33797e+04
3.87069e+01 2.23890e+04
3.87538e+01 2.30193e+04
3.88007e+01 2.49506e+04
3.88475e+01 2.67780e+04
3.88944e+01 2.62395e+04
3.89412e+01 2.60550e+04
3.89880e+01 2.42174e+04
3.90348e+01 2.35177e+04
3.90815e+01 2.52209e+04
3.91282e+01 2.56901e+04
3.91749e+01 2.48655e+04
3.92216e+01 2.15175e+04
3.92682e+01 2.26100e+04
3.93148e+01 2.32104e+04
3.93614e+01 2.38224e+04
3.94080e+01 2.28463e+04
3.94546e+01 2.17476e+04
3.95011e+01 2.22512e+04
3.95476e+01 2.02981e+04
3.95941e+01 2.10241e+04
3.96405e+01 2.34048e+04
3.96869e+01 2.28016e+04
3.97333e+01 2.14841e+04
3.97797e+01 2.23925e+04
3.98261e+01 2.12168e+04
3.98724e+01 2.10524e+04
3.99187e+01 2.19297e+04
3.99650e+01 2.17413e+04
4.00112e+01 2.04156e+04
4.00574e+01 1.95592e+04
4.01036e+01 1.96052e+04
4.01498e+01 2.23974e+04
4.01960e+01 2.34084e+04
4.02421e+01 2.33154e+04
4.02882e+01 2.30594e+04
4.03343e+01 2.00157e+04
4.03804e+01 2.08315e+04
4.04264e+01 2.20654e+04
4.04724e+01 2.23830e+04
4.05184e+01 2.16594e+04
4.05643e+01 2.19045e+04
4.06103e+01 2.27335e+04
4.06562e+01 2.33841e+04
4.07021e+01 2.43338e+04
4.07479e+01 2.26383e+04
4.07938e+01 1.92928e+04
4.08396e+01 2.24368e+04
4.08854e+01 2.28643e+04
4.09311e+01 2.30750e+04
4.09769e+01 2.27936e+04
4.10226e+01 2.48009e+04
4.10683e+01 2.42133e+04
4.11139e+01 2.43943e+04
4.11596e+01 2.41046e+04
4.12052e+01 2.36158e+04
4.12508e+01 2.24786e+04
4.12963e+01 2.14037e+04
4.13419e+01 2.32594e+04
4.13874e+01 2.22923e+04
4.14329e+01 2.13493e+04
4.14784e+01 2.22559e+04
4.15238e+01 2.32915e+04
4.15692e+01 2.32007e+04
4.16146e+01 2.00510e+04
4.16600e+01 2.13286e+04
4.17053e+01 2.26776e+04
4.17506e+01 2.15929e+04
4.17959e+01 2.10454e+04
4.18412e+01 1.99170e+04
4.18865e+01 2.14868e+04
4.19317e+01 2.10101e+04
4.19769e+01 2.16904e+04
4.20220e+01 2.18227e+04
4.20672e+01 2.08058e+04
4.21123e+01 2.04559e+04
4.21574e+01 1.87773e+04
4.22025e+01 1.88082e+04
4.22475e+01 1.99494e+04
4.22926e+01 2.08625e+04
4.23376e+01 2.31667e+04
4.23826e+01 2.23756e+04
4.24275e+01 2.02731e+04
4.24724e+01 2.11271e+04
4.25173e+01 2.17175e+04
4.25622e+01 2.26802e+04
4.26071e+01 1.87259e+04
4.26519e+01 1.80306e+04
4.26967e+01 1.87649e+04
4.27415e+01 2.07560e+04
4.27862e+01 1.90936e+04
4.28310e+01 1.81265e+04
4.28757e+01 1.80917e+04
4.29204e+01 1.67960e+04
4.29650e+01 1.80406e+04
4.30096e+01 1.85607e+04
4.30543e+01 1.83908e+04
4.30988e+01 2.05718e+04
4.31434e+01 1.91383e+04
4.31879e+01 1.95018e+04
4.32324e+01 2.01270e+04
4.32769e+01 1.74998e+04
4.33214e+01 1.87582e+04
4.33658e+01 1.99771e+04
4.34102e+01 1.84228e+04
4.34546e+01 1.74939e+04
4.34990e+01 1.74709e+04
4.35433e+01 1.66227e+04
4.35876e+01 1.76297e+04
4.36319e+01 1.85591e+04
4.36762e+01 1.86756e+04
4.37204e+01 1.92723e+04
4.37647e+01 1.68218e+04
4.38088e+01 1.74474e+04
4.38530e+01 1.73023e+04
4.38972e+01 1.65438e+04
4.39413e+01 1.72135e+04
4.39854e+01 1.90418e+04
4.40294e+01 1.95269e+04
4.40735e+01 1.90360e+04
4.41175e+01 2.03859e+04
4.41615e+01 2.01678e+04
4.42055e+01 1.99283e+04
4.42494e+01 1.84530e+04
4.42933e+01 2.02884e+04
4.43372e+01 1.99153e+04
4.43811e+01 2.13833e+04
4.44250e+01 2.22869e+04
4.44688e+01 2.07859e+04
4.45126e+01 2.08582e+04
4.45563e+01 2.05216e+04
4.46001e+01 2.00643e+04
4.46438e+01 1.95805e+04
4.46875e+01 1.84173e+04
4.47312e+01 1.92255e+04
4.47749e+01 1.93213e+04
4.48185e+01 2.07218e+04
4.48621e+01 2.09514e+04
4.49057e+01 2.02733e+04
4.49492e+01 2.06487e+04
4.49927e+01 2.01725e+04
4.50362e+01 1.99402e+04
4.50797e+01 1.99505e+04
4.51232e+01 1.73516e+04
4.51666e+01 2.01577e+04
4.52100e+01 2.01076e+04
4.52534e+01 2.06764e+04
4.52968e+01 2.00806e+04
4.53401e+01 2.11958e+04
4.53834e+01 2.17676e+04
4.54267e+01 2.12935e+04
4.54699e+01 1.99527e+04
4.55132e+01 1.97248e+04
4.55564e+01 1.84661e+04
4.55996e+01 1.87357e+04
4.56427e+01 1.80747e+04
4.56859e+01 1.87398e+04
4.57290e+01 1.95976e+04
4.57721e+01 2.06497e+04
4.58151e+01 2.05179e+04
4.58582e+01 1.88262e+04
4.59012e+01 1.96929e+04
4.59442e+01 1.99297e+04
4.59871e+01 1.88739e+04
4.60301e+01 1.75656e+04
4.60730e+01 1.64070e+04
4.61159e+01 1.67418e+04
4.61587e+01 1.84951e+04
4.62016e+01 1.84477e+04
4.62444e+01 1.99063e+04
4.62872e+01 1.91529e+04
4.63300e+01 1.76370e+04
4.63727e+01 1.81602e+04
4.64154e+01 1.66541e+04
4.64581e+01 1.61784e+04
4.65008e+01 1.75448e+04
4.65434e+01 1.89352e+04
4.65861e+01 1.86637e+04
4.66287e+01 1.71017e+04
4.66712e+01 1.59999e+04
4.67138e+01 1.63134e+04
4.67563e+01 1.76636e+04
4.67988e+01 1.99809e+04
4.68413e+01 1.85174e+04
4.68837e+01 1.60312e+04
4.69261e+01 1.66744e+04
4.69685e+01 1.67825e+04
4.70109e+01 1.56726e+04
4.70533e+01 1.55050e+04
4.70956e+01 1.53843e+04
4.71379e+01 1.53643e+04
4.71802e+01 1.55502e+04
4.72224e+01 1.37294e+04
4.72647e+01 1.38310e+04
4.73069e+01 1.43641e+04
4.73490e+01 1.67962e+04
4.73912e+01 1.60587e+04
4.74333e+01 1.42773e+04
4.74754e+01 1.40058e+04
4.75175e+01 1.57134e+04
4.75596e+01 1.55620e+04
4.76016e+01 1.62440e+04
4.76436e+01 1.45008e+04
4.76856e+01 1.38667e+04
4.77275e+01 1.39882e+04
4.77695e+01 1.36380e+04
4.78114e+01 1.29368e+04
4.78533e+01 1.27559e+04
4.78951e+01 1.29911e+04
4.79370e+01 1.36184e+04
4.79788e+01 1.24669e+04
4.80206e+01 1.40016e+04
4.80623e+01 1.32432e+04
4.81041e+01 1.39738e+04
4.81458e+01 1.40959e+04
4.81875e+01 1.41395e+04
4.82291e+01 1.35147e+04
4.82708e+01 1.47475e+04
4.83124e+01 1.40817e+04
4.83540e+01 1.30274e+04
4.83955e+01 1.31288e+04
4.84371e+01 1.26061e+04
4.84786e+01 1.20488e+04
4.85201e+01 1.29492e+04
4.85615e+01 1.35808e+04
4.86030e+01 1.32033e+04
4.86444e+01 1.22790e+04
4.86858e+01 1.34446e+04
4.87272e+01 1.15982e+04
4.87685e+01 1.22542e+04
4.88098e+01 1.01936e+04
4.88511e+01 1.14639e+04
4.88924e+01 1.08427e+04
4.89337e+01 1.05395e+04
4.89749e+01 1.06059e+04
4.90161e+01 1.33314e+04
4.90572e+01 1.42033e+04
4.90984e+01 1.26428e+04
4.91395e+01 1.39956e+04
4.91806e+01 1.27702e+04
4.92217e+01 1.23884e+04
4.92627e+01 1.20080e+04
4.93038e+01 1.21717e+04
4.93448e+01 1.21353e+04
4.93857e+01 1.45187e+04
4.94267e+01 1.49565e+04
4.94676e+01 1.36747e+04
4.95085e+01 1.41891e+04
4.95494e+01 1.29665e+04
4.95903e+01 1.19693e+04
4.96311e+01 1.15453e+04
4.96719e+01 1.24328e+04
4.97127e+01 1.33130e+04
4.97534e+01 1.20923e+04
4.97942e+01 1.11575e+04
4.98349e+01 1.28250e+04
4.98755e+01 1.31425e+04
4.99162e+01 1.25629e+04
4.99568e+01 1.13098e+04
4.99974e+01 1.23319e+04
5.00380e+01 1.23865e+04
5.00786e+01 1.21984e+04
5.01191e+01 1.15925e+04
5.01596e+01 1.22793e+04
5.02001e+01 1.28886e+04
5.02406e+01 1.36660e+04
5.02810e+01 1.45125e+04
5.03214e+01 1.33120e+04
5.03618e+01 1.21344e+04
5.04022e+01 1.24337e+04
5.04425e+01 1.21427e+04
5.04828e+01 1.21043e+04
5.05231e+01 1.17273e+04
5.05634e+01 1.39286e+04
5.06036e+01 1.48342e+04
5.06438e+01 1.33562e+04
5.06840e+01 1.38568e+04
5.07242e+01 1.48300e+04
5.07643e+01 1.56333e+04
5.08045e+01 1.47459e+04
5.08446e+01 1.24758e+04
5.08846e+01 1.24603e+04
5.09247e+01 1.21714e+04
5.09647e+01 1.19197e+04
5.10047e+01 1.13348e+04
5.10447e+01 1.19199e+04
5.10846e+01 1.19922e+04
5.11245e+01 1.26375e+04
5.11644e+01 1.24432e+04
5.12043e+01 1.34270e+04
5.12441e+01 1.38597e+04
5.12840e+01 1.33768e+04
5.13238e+01 1.12494e+04
5.13635e+01 1.24448e+04
5.14033e+01 1.14684e+04
5.14430e+01 1.18816e+04
5.14827e+01 1.15902e+04
5.15224e+01 1.31800e+04
5.15620e+01 1.17339e+04
5.16017e+01 1.21865e+04
5.16413e+01 1.33120e+04
5.16808e+01 1.25196e+04
5.17204e+01 1.21048e+04
5.17599e+01 1.19132e+04
5.17994e+01 1.20486e+04
5.18389e+01 1.28222e+04
5.18784e+01 1.26539e+04
5.19178e+01 1.39673e+04
5.19572e+01 1.26026e+04
5.19966e+01 1.06827e+04
5.20359e+01 1.19016e+04
5.20753e+01 1.23412e+04
5.21146e+01 1.22814e+04
5.21539e+01 1.26903e+04
5.21931e+01 1.24812e+04
5.22323e+01 1.16552e+04
5.22716e+01 1.11819e+04
5.23107e+01 9.68430e+03
5.23499e+01 1.08108e+04
5.23890e+01 1.25600e+04
5.24282e+01 1.30051e+04
5.24672e+01 1.16782e+04
5.25063e+01 1.14402e+04
5.25453e+01 1.12487e+04
5.25844e+01 1.19896e+04
5.26233e+01 1.22443e+04
5.26623e+01 1.25101e+04
5.27012e+01 1.19122e+04
5.27402e+01 1.13170e+04
5.27790e+01 1.10588e+04
5.28179e+01 1.30472e+04
5.28568e+01 1.24788e+04
5.28956e+01 1.22474e+04
5.29344e+01 1.18557e+04
5.29731e+01 1.25617e+04
5.30119e+01 1.23601e+04
5.30506e+01 1.35929e+04
5.30893e+01 1.15776e+04
5.31280e+01 1.19435e+04
5.31666e+01 1.19047e+04
5.32052e+01 1.26157e+04
5.32438e+01 1.16702e+04
5.32824e+01 1.16762e+04
5.33209e+01 1.19219e+04
5.33595e+01 1.28019e+04
5.33980e+01 1.17534e+04
5.34364e+01 1.11119e+04
5.34749e+01 1.22809e+04
5.35133e+01 1.39746e+04
5.35517e+01 1.22792e+04
5.35901e+01 1.19124e+04
5.36284e+01 1.28345e+04
5.36668e+01 1.23668e+04
5.37051e+01 1.12252e+04
5.37433e+01 1.02937e+04
5.37816e+01 1.20510e+04
5.38198e+01 1.22499e+04
5.38580e+01 1.20199e+04
5.38962e+01 1.28585e+04
5.39344e+01 1.22261e+04
5.39725e+01 1.18566e+04
5.40106e+01 1.21510e+04
5.40487e+01 1.27436e+04
5.40867e+01 1.15527e+04
5.41248e+01 1.21051e+04
5.41628e+01 1.26957e+04
5.42007e+01 1.33663e+04
5.42387e+01 1.20768e+04
5.42766e+01 1.14647e+04
5.43145e+01 1.02223e+04
5.43524e+01 1.22864e+04
5.43903e+01 1.29612e+04
5.44281e+01 1.09507e+04
5.44659e+01 1.11231e+04
5.45037e+01 1.41315e+04
5.45415e+01 1.32132e+04
5.45792e+01 1.23077e+04
5.46169e+01 1.22796e+04
5.46546e+01 1.17575e+04
5.46923e+01 1.05200e+04
5.47299e+01 1.18669e+04
5.47675e+01 1.29078e+04
5.48051e+01 1.25273e+04
5.48427e+01 1.05135e+04
5.48802e+01 1.27292e+04
5.49178e+01 1.24538e+04
5.49552e+01 1.16580e+04
5.49927e+01 1.12813e+04
5.50302e+01 1.17267e+04
5.50676e+01 1.11726e+04
5.51050e+01 1.11707e+04
5.51423e+01 1.00304e+04
5.51797e+01 1.03813e+04
5.52170e+01 1.03415e+04
5.52543e+01 1.02990e+04
5.52916e+01 1.04763e+04
5.53288e+01 1.09992e+04
5.53660e+01 1.25440e+04
5.54032e+01 1.04057e+04
5.54404e+01 9.73770e+03
5.54776e+01 1.05633e+04
5.55147e+01 1.15281e+04
5.55518e+01 1.17901e+04
5.55888e+01 1.20815e+04
5.56259e+01 1.19055e+04
5.56629e+01 1.11203e+04
5.56999e+01 1.05069e+04
5.57369e+01 1.10427e+04
5.57739e+01 1.25566e+04
5.58108e+01 1.05021e+04
5.58477e+01 1.00422e+04
5.58846e+01 1.07930e+04
5.59214e+01 1.01614e+04
5.59582e+01 1.12589e+04
5.59950e+01 1.06645e+04
5.60318e+01 1.00175e+04
5.60686e+01 1.12616e+04
5.61053e+01 1.01477e+04
5.61420e+01 9.66670e+03
5.61787e+01 1.16211e+04
5.62154e+01 1.13463e+04
5.62520e+01 1.01473e+04
5.62886e+01 1.07226e+04
5.63252e+01 1.12610e+04
5.63617e+01 1.12125e+04
5.63983e+01 1.11443e+04
5.64348e+01 1.09936e+04
5.64713e+01 1.13384e+04
5.65077e+01 1.16767e+04
5.65442e+01 1.10489e+04
5.65806e+01 1.13751e+04
5.66170e+01 1.14605e+04
5.66533e+01 1.25808e+04
5.66897e+01 1.25972e+04
5.67260e+01 9.75180e+03
5.67623e+01 9.37030e+03
5.67985e+01 1.07015e+04
5.68348e+01 1.06462e+04
5.68710e+01 1.06584e+04
5.69072e+01 9.76490e+03
5.69433e+01 9.00810e+03
5.69795e+01 9.70550e+03
5.70156e+01 1.00472e+04
5.70517e+01 1.05516e+04
5.70878e+01 1.15493e+04
5.71238e+01 1.10289e+04
5.71598e+01 1.07933e+04
5.71958e+01 1.10244e+04
5.72318e+01 1.15632e+04
5.72677e+01 1.05742e+04
5.73037e+01 1.05340e+04
5.73396e+01 1.02460e+04
5.73754e+01 1.07771e+04
5.74113e+01 1.07228e+04
5.74471e+01 1.16535e+04
5.74829e+01 1.15165e+04
5.75187e+01 1.12174e+04
5.75544e+01 1.11757e+04
5.75901e+01 1.06945e+04
5.76258e+01 9.74240e+03
5.76615e+01 1.04012e+04
5.76972e+01 1.02163e+04
5.77328e+01 1.06006e+04
5.77684e+01 1.10355e+04
5.78040e+01 1.07262e+04
5.78395e+01 1.02639e+04
5.78751e+01 1.28514e+04
5.79106e+01 1.10075e+04
5.79460e+01 1.02186e+04
5.79815e+01 1.05992e+04
5.80169e+01 1.12275e+04
5.80523e+01 1.09252e+04
5.80877e+01 9.55120e+03
5.81231e+01 1.15810e+04
5.81584e+01 1.18510e+04
5.81937e+01 1.03079e+04
5.82290e+01 1.13843e+04
5.82643e+01 1.16455e+04
5.82995e+01 1.19658e+04
5.83347e+01 1.33332e+04
5.83699e+01 1.18236e+04
5.84050e+01 1.15482e+04
5.84402e+01 1.14645e+04
5.84753e+01 1.34345e+04
5.85104e+01 1.38679e+04
5.85454e+01 1.34180e+04
5.85805e+01 1.46995e+04
5.86155e+01 1.25430e+04
5.86505e+01 1.21780e+04
5.86854e+01 1.27009e+04
5.87204e+01 1.34166e+04
5.87553e+01 1.39359e+04
5.87902e+01 1.36461e+04
5.88251e+01 1.38268e+04
5.88599e+01 1.27576e+04
5.88947e+01 1.44668e+04
5.89295e+01 1.47956e+04
5.89643e+01 1.44128e+04
5.89990e+01 1.37905e+04
5.90337e+01 1.41572e+04
5.90684e+01 1.46334e+04
5.91031e+01 1.55993e+04
5.91377e+01 1.55309e+04
5.91724e+01 1.57401e+04
5.92070e+01 1.60934e+04
5.92415e+01 1.70664e+04
5.92761e+01 1.49993e+04
5.93106e+01 1.49130e+04
5.93451e+01 1.50263e+04
5.93796e+01 1.60389e+04
5.94140e+01 1.76709e+04
5.94484e+01 1.71062e+04
5.94828e+01 1.66895e+04
5.95172e+01 1.64701e+04
5.95516e+01 1.61013e+04
5.95859e+01 1.65895e+04
5.96202e+01 1.68779e+04
5.96545e+01 1.82786e+04
5.96887e+01 1.69163e+04
5.97229e+01 1.58566e+04
5.97572e+01 1.62853e+04
5.97913e+01 1.84763e+04
5.98255e+01 1.62297e+04
5.98596e+01 1.63533e+04
5.98937e+01 1.49700e+04
5.99278e+01 1.55494e+04
5.99619e+01 1.55355e+04
5.99959e+01 1.72916e+04
6.00299e+01 1.47445e+04
6.00639e+01 1.74503e+04
6.00978e+01 1.81977e+04
6.01318e+01 1.67913e+04
6.01657e+01 1.48043e+04
6.01996e+01 1.37064e+04
6.02334e+01 1.62132e+04
6.02673e+01 1.77121e+04
6.03011e+01 1.51168e+04
6.03348e+01 1.29771e+04
6.03686e+01 1.38824e+04
6.04023e+01 1.41609e+04
6.04361e+01 1.22415e+04
6.04697e+01 1.32920e+04
6.05034e+01 1.38331e+04
6.05370e+01 1.31157e+04
6.05707e+01 1.17812e+04
6.06043e+01 1.43147e+04
6.06378e+01 1.35002e+04
6.06714e+01 1.19200e+04
6.07049e+01 1.20279e+04
6.07384e+01 1.35896e+04
6.07718e+01 1.40620e+04
6.08053e+01 1.31351e+04
6.08387e+01 1.23305e+04
6.08721e+01 1.09401e+04
6.09055e+01 1.24358e+04
6.09388e+01 1.19032e+04
6.09721e+01 1.09296e+04
6.10054e+01 1.10357e+04
6.10387e+01 9.95000e+03
6.10719e+01 1.06547e+04
6.11052e+01 1.35496e+04
6.11383e+01 1.24691e+04
6.11715e+01 1.07459e+04
6.12047e+01 9.65520e+03
6.12378e+01 1.14729e+04
6.12709e+01 1.08462e+04
6.13040e+01 8.96940e+03
6.13370e+01 9.11310e+03
6.13700e+01 9.80540e+03
6.14030e+01 1.20415e+04
6.14360e+01 1.08383e+04
6.14690e+01 9.62770e+03
6.15019e+01 8.84080e+03
6.15348e+01 8.59650e+03
6.15677e+01 9.62770e+03
6.16005e+01 8.16800e+03
6.16334e+01 9.03470e+03
6.16662e+01 1.01687e+04
6.16989e+01 1.02889e+04
6.17317e+01 1.04986e+04
6.17644e+01 1.02652e+04
6.17971e+01 9.44750e+03
6.18298e+01 7.92710e+03
6.18625e+01 9.19940e+03
6.18951e+01 9.05320e+03
6.19277e+01 8.81360e+03
6.19603e+01 1.03678e+04
6.19929e+01 1.05198e+04
6.20254e+01 9.38330e+03
6.20579e+01 8.93410e+03
6.20904e+01 9.38620e+03
6.21228e+01 8.84340e+03
6.21553e+01 8.99440e+03
6.21877e+01 9.50620e+03
6.22201e+01 7.92810e+03
6.22524e+01 8.32870e+03
6.22848e+01 8.04950e+03
6.23171e+01 8.57020e+03
6.23494e+01 8.25700e+03
6.23816e+01 8.08460e+03
6.24139e+01 8.61900e+03
6.24461e+01 7.73220e+03
6.24783e+01 7.85000e+03
6.25105e+01 8.85630e+03
6.25426e+01 8.98850e+03
6.25747e+01 8.72960e+03
6.26068e+01 7.99440e+03
6.26389e+01 8.72170e+03
6.26709e+01 8.61500e+03
6.27029e+01 7.23040e+03
6.27349e+01 8.11100e+03
6.27669e+01 8.82420e+03
6.27989e+01 9.00230e+03
6.28308e+01 8.19700e+03
6.28627e+01 7.33160e+03
6.28945e+01 7.79150e+03
6.29264e+01 7.73590e+03
6.29582e+01 8.23420e+03
6.29900e+01 8.98450e+03
6.30218e+01 8.71260e+03
6.30535e+01 8.05300e+03
6.30853e+01 8.06910e+03
6.31170e+01 8.54510e+03
6.31486e+01 7.88840e+03
6.31803e+01 8.88300e+03
6.32119e+01 8.69500e+03
6.32435e+01 9.76760e+03
6.32751e+01 8.26590e+03
6.33066e+01 8.13580e+03
6.33382e+01 8.34380e+03
6.33697e+01 7.88070e+03
6.34012e+01 7.38530e+03
6.34326e+01 7.28950e+03
6.34640e+01 6.56620e+03
6.34954e+01 6.58100e+03
6.35268e+01 7.15450e+03
6.35582e+01 7.60140e+03
6.35895e+01 7.28500e+03
6.36208e+01 8.08120e+03
6.36521e+01 7.54060e+03
6.36834e+01 8.38940e+03
6.37146e+01 8.12860e+03
6.37458e+01 8.12490e+03
6.37770e+01 9.02840e+03
6.38081e+01 7.92660e+03
6.38393e+01 6.09410e+03
6.38704e+01 6.56140e+03
6.39015e+01 6.90680e+03
6.39325e+01 8.65150e+03
6.39636e+01 8.34130e+03
6.39946e+01 7.92450e+03
6.40256e+01 7.36790e+03
6.40565e+01 8.23620e+03
6.40875e+01 6.73530e+03
6.41184e+01 6.74520e+03
6.41493e+01 7.42940e+03
6.41801e+01 8.35980e+03
6.42110e+01 8.72700e+03
6.42418e+01 8.94330e+03
6.42726e+01 8.78100e+03
6.43034e+01 8.25700e+03
6.43341e+01 6.79250e+03
6.43648e+01 8.18390e+03
6.43955e+01 6.74130e+03
6.44262e+01 6.16670e+03
6.44568e+01 7.06400e+03
6.44875e+01 8.67240e+03
6.45181e+01 8.81700e+03
6.45486e+01 8.47700e+03
6.45792e+01 7.67140e+03
6.46097e+01 7.64270e+03
6.46402e+01 7.24150e+03
6.46707e+01 6.80280e+03
6.47011e+01 6.85370e+03
6.47315e+01 7.09690e+03
6.47619e+01 7.48080e+03
6.47923e+01 6.95950e+03
6.48227e+01 7.89720e+03
6.48530e+01 9.45740e+03
6.48833e+01 9.44420e+03
6.49136e+01 8.86290e+03
6.49438e+01 7.91200e+03
6.49740e+01 8.32610e+03
6.50042e+01 7.19220e+03
6.50344e+01 7.60520e+03
6.50646e+01 7.71730e+03
6.50947e+01 6.96250e+03
6.51248e+01 5.71280e+03
6.51549e+01 7.12240e+03
6.51849e+01 7.95640e+03
6.52150e+01 7.88650e+03
6.52450e+01 7.40890e+03
6.52750e+01 7.42830e+03
6.53049e+01 7.79110e+03
6.53349e+01 6.91220e+03
6.53648e+01 6.58540e+03
6.53946e+01 7.24050e+03
6.54245e+01 6.44020e+03
6.54543e+01 5.90770e+03
6.54842e+01 6.18300e+03
6.55139e+01 7.24520e+03
6.55437e+01 6.87230e+03
6.55734e+01 7.17810e+03
6.56031e+01 6.75840e+03
6.56328e+01 6.32160e+03
6.56625e+01 7.17260e+03
6.56921e+01 7.73520e+03
6.57217e+01 8.21860e+03
6.57513e+01 6.98620e+03
6.57809e+01 6.69940e+03
6.58104e+01 6.53530e+03
6.58400e+01 7.10420e+03
6.58695e+01 6.79410e+03
6.58989e+01 6.31680e+03
6.59284e+01 6.38890e+03
6.59578e+01 6.38560e+03
6.59872e+01 5.75560e+03
6.60165e+01 6.00630e+03
6.60459e+01 6.85870e+03
6.60752e+01 5.76420e+03
6.61045e+01 6.75390e+03
6.61338e+01 5.07960e+03
6.61630e+01 4.19690e+03
6.61922e+01 3.99670e+03
6.62214e+01 3.94250e+03
6.62506e+01 3.55000e+03
6.62798e+01 3.03070e+03
6.63089e+01 2.46010e+03
6.63380e+01 1.53320e+03
