# La4Ni3O8 Ni L2 edge RIXS
# T = 25 K
# RIXS resolution ~ 0.4 eV
# Horizontal scattering geometry, theta = 15 degrees, 2theta = 95 degrees
# SEXTANTS beamline, SOLEIL synchrotron
# Energy loss 	 Intensity
-1.00000e+01 -2.09996e+02
-9.93802e+00 -3.47795e+02
-9.87603e+00 -6.55174e+02
-9.81405e+00 -5.22857e+02
-9.75207e+00 -8.68788e+01
-9.69008e+00 -1.37880e+02
-9.62810e+00 -1.25007e+01
-9.56612e+00 9.48296e+01
-9.50413e+00 1.14775e+02
-9.44215e+00 1.73943e+02
-9.38017e+00 2.35530e+02
-9.31818e+00 -4.88744e+01
-9.25620e+00 5.04237e+01
-9.19421e+00 -1.60501e+01
-9.13223e+00 2.10660e+02
-9.07025e+00 6.15367e+01
-9.00826e+00 2.19903e+02
-8.94628e+00 2.13510e+01
-8.88430e+00 -1.19846e+02
-8.82231e+00 1.81840e+02
-8.76033e+00 3.62765e+02
-8.69835e+00 1.01786e+02
-8.63636e+00 -2.36134e+02
-8.57438e+00 1.63562e+01
-8.51240e+00 7.45216e+02
-8.45041e+00 6.97962e+02
-8.38843e+00 2.11924e+02
-8.32645e+00 5.85193e+02
-8.26446e+00 2.75462e+02
-8.20248e+00 9.32315e+01
-8.14050e+00 -5.17693e+02
-8.07851e+00 -3.69711e+02
-8.01653e+00 -1.83408e+02
-7.95455e+00 2.99326e+01
-7.89256e+00 -3.63741e+01
-7.83058e+00 -2.73220e+02
-7.76860e+00 -6.04323e+01
-7.70661e+00 1.47609e+02
-7.64463e+00 -2.28139e+02
-7.58264e+00 -2.08122e+02
-7.52066e+00 1.61469e+00
-7.45868e+00 1.18040e+02
-7.39669e+00 2.06962e+02
-7.33471e+00 -1.26463e+02
-7.27273e+00 -3.64869e+02
-7.21074e+00 3.05794e+02
-7.14876e+00 7.13895e+01
-7.08678e+00 -2.58739e+02
-7.02479e+00 3.23840e+01
-6.96281e+00 -1.23176e+02
-6.90083e+00 -2.84048e+02
-6.83884e+00 -3.75473e+02
-6.77686e+00 -4.79876e+02
-6.71488e+00 -5.21623e+02
-6.65289e+00 -2.84023e+02
-6.59091e+00 -2.79850e+00
-6.52893e+00 -1.81217e+02
-6.46694e+00 -2.33090e+02
-6.40496e+00 -5.62682e+02
-6.34298e+00 -3.28101e+02
-6.28099e+00 -5.45311e+02
-6.21901e+00 -6.44574e+02
-6.15702e+00 3.48709e+02
-6.09504e+00 9.71792e+02
-6.03306e+00 6.60978e+02
-5.97107e+00 1.50729e+00
-5.90909e+00 -2.89059e+02
-5.84711e+00 -8.35558e+02
-5.78512e+00 -3.61064e+02
-5.72314e+00 5.59006e+02
-5.66116e+00 2.02198e+02
-5.59917e+00 -1.57948e+02
-5.53719e+00 -5.02668e+02
-5.47521e+00 3.55557e+02
-5.41322e+00 3.07635e+02
-5.35124e+00 4.26943e+01
-5.28926e+00 4.47697e+02
-5.22727e+00 1.11778e+03
-5.16529e+00 7.00305e+02
-5.10331e+00 4.47037e+02
-5.04132e+00 2.02136e+02
-4.97934e+00 1.41197e+02
-4.91736e+00 3.44622e+02
-4.85537e+00 2.96016e+02
-4.79339e+00 -9.35813e+01
-4.73140e+00 -3.97478e+02
-4.66942e+00 -2.64883e+02
-4.60744e+00 -2.12854e+02
-4.54545e+00 6.46044e+02
-4.48347e+00 5.57191e+02
-4.42149e+00 -5.04594e+02
-4.35950e+00 -2.69878e+02
-4.29752e+00 -2.31584e+01
-4.23554e+00 -4.95783e+02
-4.17355e+00 2.17595e+01
-4.11157e+00 4.99916e+02
-4.04959e+00 5.31073e+02
-3.98760e+00 7.36918e+02
-3.92562e+00 3.95274e+02
-3.86364e+00 -7.02580e+01
-3.80165e+00 1.76143e+02
-3.73967e+00 2.38037e+02
-3.67769e+00 4.06652e+02
-3.61570e+00 -1.27647e+02
-3.55372e+00 -6.60583e+01
-3.49174e+00 6.89229e+01
-3.42975e+00 1.16442e+02
-3.36777e+00 5.30951e+02
-3.30579e+00 6.50120e+02
-3.24380e+00 1.18286e+02
-3.18182e+00 1.98239e+02
-3.11983e+00 -7.88925e+01
-3.05785e+00 -2.82251e+02
-2.99587e+00 -1.72619e+02
-2.93388e+00 -1.46924e+02
-2.87190e+00 3.78011e+02
-2.80992e+00 7.48309e+02
-2.74793e+00 6.76089e+02
-2.68595e+00 1.50466e+02
-2.62397e+00 6.54218e+02
-2.56198e+00 1.74536e+02
-2.50000e+00 8.86783e+02
-2.43802e+00 9.97797e+02
-2.37603e+00 2.57590e+02
-2.31405e+00 2.13414e+02
-2.25207e+00 6.60929e+02
-2.19008e+00 3.99268e+02
-2.12810e+00 4.15110e+02
-2.06612e+00 7.69476e+02
-2.00413e+00 8.45588e+02
-1.94215e+00 5.17270e+02
-1.88017e+00 2.97707e+02
-1.81818e+00 5.01593e+02
-1.75620e+00 8.49283e+02
-1.69421e+00 1.01843e+03
-1.63223e+00 1.06478e+03
-1.57025e+00 7.23201e+02
-1.50826e+00 9.60352e+02
-1.44628e+00 8.19914e+02
-1.38430e+00 3.19446e+02
-1.32231e+00 3.03859e+02
-1.26033e+00 4.11249e+02
-1.19835e+00 9.54962e+02
-1.13636e+00 1.95233e+03
-1.07438e+00 1.99479e+03
-1.01240e+00 1.58168e+03
-9.50413e-01 1.54636e+03
-8.88430e-01 1.64342e+03
-8.26446e-01 1.95083e+03
-7.64463e-01 2.05959e+03
-7.02479e-01 2.11944e+03
-6.40496e-01 2.16291e+03
-5.78512e-01 2.16523e+03
-5.16529e-01 2.62994e+03
-4.54545e-01 3.80890e+03
-3.92562e-01 3.95629e+03
-3.30579e-01 6.05323e+03
-2.68595e-01 9.82101e+03
-2.06612e-01 1.65259e+04
-1.44628e-01 2.39325e+04
-8.26446e-02 3.10561e+04
-2.06612e-02 3.81707e+04
4.13223e-02 4.24098e+04
1.03306e-01 4.07548e+04
1.65289e-01 3.84814e+04
2.27273e-01 3.75493e+04
2.89256e-01 3.42212e+04
3.51240e-01 4.06856e+04
4.13223e-01 5.57874e+04
4.75207e-01 7.20996e+04
5.37190e-01 9.51495e+04
5.99174e-01 1.23094e+05
6.61157e-01 1.45650e+05
7.23140e-01 1.61864e+05
7.85124e-01 1.78238e+05
8.47107e-01 1.93413e+05
9.09091e-01 2.03613e+05
9.71074e-01 2.04340e+05
1.03306e+00 1.95651e+05
1.09504e+00 1.91120e+05
1.15702e+00 1.85471e+05
1.21901e+00 1.83352e+05
1.28099e+00 1.81404e+05
1.34298e+00 1.87005e+05
1.40496e+00 1.94246e+05
1.46694e+00 2.02343e+05
1.52893e+00 2.09608e+05
1.59091e+00 2.21584e+05
1.65289e+00 2.30556e+05
1.71488e+00 2.28289e+05
1.77686e+00 2.27164e+05
1.83884e+00 2.21008e+05
1.90083e+00 2.09034e+05
1.96281e+00 1.95577e+05
2.02479e+00 1.83747e+05
2.08678e+00 1.72954e+05
2.14876e+00 1.62476e+05
2.21074e+00 1.63027e+05
2.27273e+00 1.56873e+05
2.33471e+00 1.50349e+05
2.39669e+00 1.44134e+05
2.45868e+00 1.41574e+05
2.52066e+00 1.35236e+05
2.58264e+00 1.31668e+05
2.64463e+00 1.28041e+05
2.70661e+00 1.28623e+05
2.76860e+00 1.22552e+05
2.83058e+00 1.17952e+05
2.89256e+00 1.10893e+05
2.95455e+00 1.04270e+05
3.01653e+00 9.87716e+04
3.07851e+00 9.49083e+04
3.14050e+00 9.10911e+04
3.20248e+00 8.73138e+04
3.26446e+00 8.44732e+04
3.32645e+00 7.86778e+04
3.38843e+00 7.29815e+04
3.45041e+00 7.02279e+04
3.51240e+00 6.83535e+04
3.57438e+00 6.52825e+04
3.63636e+00 6.34477e+04
3.69835e+00 6.24639e+04
3.76033e+00 5.89468e+04
3.82231e+00 5.84550e+04
3.88430e+00 5.80966e+04
3.94628e+00 5.60875e+04
4.00826e+00 5.38832e+04
4.07025e+00 5.16386e+04
4.13223e+00 5.22871e+04
4.19421e+00 5.38086e+04
4.25620e+00 5.04350e+04
4.31818e+00 4.64302e+04
4.38017e+00 4.43448e+04
4.44215e+00 4.19111e+04
4.50413e+00 4.11017e+04
4.56612e+00 4.55619e+04
4.62810e+00 4.63605e+04
4.69008e+00 4.36839e+04
4.75207e+00 4.35386e+04
4.81405e+00 4.29446e+04
4.87603e+00 4.11685e+04
4.93802e+00 4.22258e+04
5.00000e+00 4.42530e+04
5.06198e+00 4.38500e+04
5.12397e+00 3.94960e+04
5.18595e+00 3.87543e+04
5.24793e+00 4.04437e+04
5.30992e+00 4.10231e+04
5.37190e+00 4.06887e+04
5.43388e+00 3.93223e+04
5.49587e+00 4.08059e+04
5.55785e+00 3.93342e+04
5.61983e+00 3.77306e+04
5.68182e+00 3.86837e+04
5.74380e+00 3.69911e+04
5.80579e+00 3.52604e+04
5.86777e+00 3.35037e+04
5.92975e+00 3.24598e+04
5.99174e+00 2.83218e+04
6.05372e+00 2.88521e+04
6.11570e+00 3.18440e+04
6.17769e+00 2.93355e+04
6.23967e+00 2.63649e+04
6.30165e+00 2.69194e+04
6.36364e+00 2.66254e+04
6.42562e+00 2.63786e+04
6.48760e+00 2.09129e+04
6.54959e+00 2.12962e+04
6.61157e+00 2.32477e+04
6.67355e+00 2.37108e+04
6.73554e+00 2.35095e+04
6.79752e+00 2.37427e+04
6.85950e+00 2.27284e+04
6.92149e+00 2.18206e+04
6.98347e+00 2.13467e+04
7.04545e+00 2.08693e+04
7.10744e+00 1.97314e+04
7.16942e+00 1.82157e+04
7.23140e+00 1.77855e+04
7.29339e+00 1.82866e+04
7.35537e+00 1.83104e+04
7.41736e+00 1.71665e+04
7.47934e+00 1.44361e+04
7.54132e+00 1.45483e+04
7.60331e+00 1.62752e+04
7.66529e+00 1.53983e+04
7.72727e+00 1.47442e+04
7.78926e+00 1.27207e+04
7.85124e+00 1.30575e+04
7.91322e+00 1.28725e+04
7.97521e+00 1.34864e+04
8.03719e+00 1.34573e+04
8.09917e+00 1.21798e+04
8.16116e+00 1.23544e+04
8.22314e+00 1.32791e+04
8.28512e+00 1.12328e+04
8.34711e+00 1.09928e+04
8.40909e+00 1.08030e+04
8.47107e+00 1.03944e+04
8.53306e+00 9.34893e+03
8.59504e+00 8.76042e+03
8.65702e+00 1.02121e+04
8.71901e+00 9.96324e+03
8.78099e+00 9.48831e+03
8.84298e+00 8.19570e+03
8.90496e+00 8.88561e+03
8.96694e+00 1.00244e+04
9.02893e+00 9.67334e+03
9.09091e+00 1.02609e+04
9.15289e+00 9.73140e+03
9.21488e+00 8.10097e+03
9.27686e+00 7.62032e+03
9.33884e+00 7.53977e+03
9.40083e+00 8.50770e+03
9.46281e+00 9.90703e+03
9.52479e+00 8.21188e+03
9.58678e+00 7.92507e+03
9.64876e+00 8.36701e+03
9.71074e+00 8.86433e+03
9.77273e+00 7.93844e+03
9.83471e+00 6.83501e+03
9.89669e+00 6.59961e+03
9.95868e+00 5.72765e+03
1.00207e+01 4.45786e+03
1.00826e+01 5.32788e+03
1.01446e+01 7.70540e+03
1.02066e+01 8.14799e+03
1.02686e+01 7.07609e+03
1.03306e+01 6.73397e+03
1.03926e+01 7.56396e+03
1.04545e+01 7.16474e+03
1.05165e+01 6.50391e+03
1.05785e+01 6.19195e+03
1.06405e+01 6.63272e+03
1.07025e+01 7.15623e+03
1.07645e+01 6.75830e+03
1.08264e+01 7.23762e+03
1.08884e+01 8.28994e+03
1.09504e+01 8.64944e+03
1.10124e+01 7.09069e+03
1.10744e+01 7.12263e+03
1.11364e+01 8.24551e+03
1.11983e+01 8.37923e+03
1.12603e+01 6.48440e+03
1.13223e+01 7.44316e+03
1.13843e+01 8.49529e+03
1.14463e+01 7.21255e+03
1.15083e+01 7.08956e+03
1.15702e+01 8.36404e+03
1.16322e+01 8.01140e+03
1.16942e+01 7.79996e+03
1.17562e+01 8.05826e+03
1.18182e+01 7.79891e+03
1.18802e+01 8.15444e+03
1.19421e+01 9.71510e+03
1.20041e+01 9.53290e+03
1.20661e+01 8.03419e+03
1.21281e+01 8.29127e+03
1.21901e+01 8.70240e+03
1.22521e+01 9.18989e+03
1.23140e+01 9.76518e+03
1.23760e+01 9.42659e+03
1.24380e+01 9.45928e+03
1.25000e+01 9.21565e+03
1.25620e+01 1.05372e+04
1.26240e+01 1.15174e+04
1.26860e+01 1.13957e+04
1.27479e+01 1.15059e+04
1.28099e+01 1.12827e+04
1.28719e+01 1.07444e+04
1.29339e+01 1.06230e+04
1.29959e+01 1.11279e+04
1.30579e+01 9.97794e+03
1.31198e+01 1.01546e+04
1.31818e+01 1.11368e+04
1.32438e+01 1.28555e+04
1.33058e+01 1.45295e+04
1.33678e+01 1.53809e+04
1.34298e+01 1.41571e+04
1.34917e+01 1.27233e+04
1.35537e+01 1.45511e+04
1.36157e+01 1.61254e+04
1.36777e+01 1.64441e+04
1.37397e+01 1.82054e+04
1.38017e+01 1.86256e+04
1.38636e+01 1.89706e+04
1.39256e+01 1.74794e+04
1.39876e+01 1.73349e+04
1.40496e+01 1.88335e+04
1.41116e+01 1.92750e+04
1.41736e+01 1.87356e+04
1.42355e+01 2.08706e+04
1.42975e+01 2.21908e+04
1.43595e+01 2.33497e+04
1.44215e+01 2.52219e+04
1.44835e+01 2.56460e+04
1.45455e+01 2.51619e+04
1.46074e+01 2.91529e+04
1.46694e+01 2.82780e+04
1.47314e+01 2.60147e+04
1.47934e+01 2.63211e+04
1.48554e+01 2.57863e+04
1.49174e+01 2.73231e+04
1.49793e+01 3.11590e+04
1.50413e+01 3.21572e+04
1.51033e+01 3.29269e+04
1.51653e+01 3.30482e+04
1.52273e+01 3.50194e+04
1.52893e+01 3.53719e+04
1.53512e+01 3.55474e+04
1.54132e+01 3.84846e+04
1.54752e+01 3.65208e+04
1.55372e+01 3.71187e+04
1.55992e+01 4.12495e+04
1.56612e+01 4.45518e+04
1.57231e+01 4.75956e+04
1.57851e+01 4.70056e+04
1.58471e+01 4.63751e+04
1.59091e+01 4.96672e+04
1.59711e+01 5.05629e+04
1.60331e+01 5.16961e+04
1.60950e+01 5.26582e+04
1.61570e+01 5.49702e+04
1.62190e+01 5.23673e+04
1.62810e+01 5.35113e+04
1.63430e+01 5.63071e+04
1.64050e+01 6.04748e+04
1.64669e+01 6.33832e+04
1.65289e+01 6.50820e+04
1.65909e+01 6.52080e+04
1.66529e+01 6.19867e+04
1.67149e+01 6.51348e+04
1.67769e+01 6.59313e+04
1.68388e+01 6.96960e+04
1.69008e+01 7.48460e+04
1.69628e+01 7.88506e+04
1.70248e+01 8.23857e+04
1.70868e+01 8.67993e+04
1.71488e+01 8.91937e+04
1.72107e+01 9.49819e+04
1.72727e+01 9.64886e+04
1.73347e+01 9.93124e+04
1.73967e+01 1.10235e+05
1.74587e+01 1.08943e+05
1.75207e+01 1.09161e+05
1.75826e+01 1.19467e+05
1.76446e+01 1.25600e+05
1.77066e+01 1.29266e+05
1.77686e+01 1.37145e+05
1.78306e+01 1.41770e+05
1.78926e+01 1.45559e+05
1.79545e+01 1.51457e+05
1.80165e+01 1.62435e+05
1.80785e+01 1.77867e+05
1.81405e+01 1.76097e+05
1.82025e+01 1.74981e+05
1.82645e+01 1.79242e+05
1.83264e+01 1.76895e+05
1.83884e+01 1.70324e+05
1.84504e+01 1.67151e+05
1.85124e+01 1.59617e+05
1.85744e+01 1.58019e+05
1.86364e+01 1.48011e+05
1.86983e+01 1.40252e+05
1.87603e+01 1.26004e+05
1.88223e+01 1.12083e+05
1.88843e+01 9.93520e+04
1.89463e+01 8.86258e+04
1.90083e+01 8.22407e+04
1.90702e+01 7.35096e+04
1.91322e+01 6.40221e+04
1.91942e+01 5.45269e+04
1.92562e+01 4.99629e+04
1.93182e+01 4.83294e+04
1.93802e+01 4.59481e+04
1.94421e+01 4.62508e+04
1.95041e+01 4.33153e+04
1.95661e+01 4.10323e+04
1.96281e+01 3.94354e+04
1.96901e+01 3.48102e+04
1.97521e+01 3.54428e+04
1.98140e+01 3.72028e+04
1.98760e+01 3.65167e+04
1.99380e+01 3.81345e+04
2.00000e+01 3.89896e+04
2.00620e+01 4.04202e+04
2.01240e+01 4.05625e+04
2.01860e+01 4.07267e+04
2.02479e+01 4.20011e+04
2.03099e+01 4.57455e+04
2.03719e+01 4.52163e+04
2.04339e+01 4.56019e+04
2.04959e+01 4.60524e+04
2.05579e+01 4.75956e+04
2.06198e+01 4.58536e+04
2.06818e+01 4.50612e+04
2.07438e+01 4.23931e+04
2.08058e+01 4.54896e+04
2.08678e+01 4.70512e+04
2.09298e+01 4.58242e+04
2.09917e+01 4.60584e+04
2.10537e+01 4.82501e+04
2.11157e+01 4.93890e+04
2.11777e+01 5.07236e+04
2.12397e+01 4.99117e+04
2.13017e+01 5.05585e+04
2.13636e+01 5.09622e+04
2.14256e+01 5.03099e+04
2.14876e+01 5.24264e+04
2.15496e+01 5.04889e+04
2.16116e+01 4.86928e+04
2.16736e+01 4.72190e+04
2.17355e+01 4.92186e+04
2.17975e+01 4.89515e+04
2.18595e+01 5.19444e+04
2.19215e+01 5.09068e+04
2.19835e+01 5.11835e+04
2.20455e+01 5.03901e+04
2.21074e+01 4.85652e+04
2.21694e+01 4.72386e+04
2.22314e+01 4.67774e+04
2.22934e+01 4.65815e+04
2.23554e+01 4.73127e+04
2.24174e+01 4.85791e+04
2.24793e+01 4.71721e+04
2.25413e+01 4.40261e+04
2.26033e+01 4.24069e+04
2.26653e+01 4.15847e+04
2.27273e+01 4.48351e+04
2.27893e+01 4.65374e+04
2.28512e+01 4.42555e+04
2.29132e+01 4.11941e+04
2.29752e+01 4.09172e+04
2.30372e+01 4.13719e+04
2.30992e+01 4.12572e+04
2.31612e+01 3.78341e+04
2.32231e+01 3.50959e+04
2.32851e+01 3.92313e+04
2.33471e+01 3.90523e+04
2.34091e+01 3.51301e+04
2.34711e+01 3.31935e+04
2.35331e+01 3.15250e+04
2.35950e+01 3.24863e+04
2.36570e+01 3.02855e+04
2.37190e+01 2.87712e+04
2.37810e+01 2.90271e+04
2.38430e+01 2.64532e+04
2.39050e+01 2.55107e+04
2.39669e+01 2.41306e+04
2.40289e+01 2.37150e+04
2.40909e+01 2.14375e+04
2.41529e+01 1.95248e+04
2.42149e+01 2.18639e+04
2.42769e+01 2.08287e+04
2.43388e+01 1.97841e+04
2.44008e+01 1.97778e+04
2.44628e+01 1.72824e+04
2.45248e+01 1.56433e+04
2.45868e+01 1.67339e+04
2.46488e+01 1.82889e+04
2.47107e+01 1.73218e+04
2.47727e+01 1.55343e+04
2.48347e+01 1.70228e+04
2.48967e+01 1.72165e+04
2.49587e+01 1.41391e+04
2.50207e+01 1.28464e+04
2.50826e+01 1.17122e+04
2.51446e+01 1.16092e+04
2.52066e+01 1.14647e+04
2.52686e+01 1.07457e+04
2.53306e+01 1.03128e+04
2.53926e+01 1.00736e+04
2.54545e+01 1.00154e+04
2.55165e+01 9.10973e+03
2.55785e+01 9.92386e+03
2.56405e+01 8.78108e+03
2.57025e+01 8.20744e+03
2.57645e+01 1.12458e+04
2.58264e+01 9.94192e+03
2.58884e+01 8.96197e+03
2.59504e+01 7.91273e+03
2.60124e+01 8.88363e+03
2.60744e+01 8.10319e+03
2.61364e+01 6.72114e+03
2.61983e+01 7.01075e+03
2.62603e+01 7.37332e+03
2.63223e+01 7.32666e+03
2.63843e+01 7.70788e+03
2.64463e+01 5.84122e+03
2.65083e+01 6.10018e+03
2.65702e+01 5.36521e+03
2.66322e+01 6.02723e+03
2.66942e+01 6.32011e+03
2.67562e+01 5.51493e+03
2.68182e+01 5.26286e+03
2.68802e+01 6.14747e+03
2.69421e+01 4.61511e+03
2.70041e+01 4.49550e+03
2.70661e+01 4.33026e+03
2.71281e+01 5.84618e+03
2.71901e+01 4.97025e+03
2.72521e+01 5.66447e+03
2.73140e+01 4.45921e+03
2.73760e+01 3.50111e+03
2.74380e+01 4.31978e+03
2.75000e+01 4.77130e+03
2.75620e+01 5.40541e+03
2.76240e+01 4.64977e+03
2.76860e+01 4.07878e+03
2.77479e+01 4.00426e+03
2.78099e+01 3.54338e+03
2.78719e+01 3.72711e+03
2.79339e+01 4.54417e+03
2.79959e+01 3.27073e+03
2.80579e+01 3.43563e+03
2.81198e+01 3.77097e+03
2.81818e+01 3.34448e+03
2.82438e+01 3.38484e+03
2.83058e+01 3.80210e+03
2.83678e+01 4.32355e+03
2.84298e+01 3.48927e+03
2.84917e+01 3.62887e+03
2.85537e+01 3.70357e+03
2.86157e+01 3.68897e+03
2.86777e+01 2.93902e+03
2.87397e+01 2.58152e+03
2.88017e+01 2.65812e+03
2.88636e+01 2.71862e+03
2.89256e+01 2.02108e+03
2.89876e+01 3.41940e+03
2.90496e+01 2.88668e+03
2.91116e+01 3.15237e+03
2.91736e+01 3.09267e+03
2.92355e+01 3.03633e+03
2.92975e+01 2.01332e+03
2.93595e+01 2.37473e+03
2.94215e+01 2.97630e+03
2.94835e+01 2.59534e+03
2.95455e+01 2.49876e+03
2.96074e+01 2.11577e+03
2.96694e+01 2.06445e+03
2.97314e+01 2.28847e+03
2.97934e+01 1.71878e+03
2.98554e+01 2.87384e+03
2.99174e+01 2.40474e+03
2.99793e+01 2.37077e+03
3.00413e+01 2.06332e+03
3.01033e+01 2.66647e+03
3.01653e+01 2.66311e+03
3.02273e+01 2.47850e+03
3.02893e+01 2.40856e+03
3.03512e+01 2.25113e+03
3.04132e+01 1.82564e+03
3.04752e+01 2.16813e+03
3.05372e+01 2.44663e+03
3.05992e+01 2.05275e+03
3.06612e+01 2.66638e+03
3.07231e+01 2.03001e+03
3.07851e+01 1.91116e+03
3.08471e+01 2.51558e+03
3.09091e+01 2.21097e+03
3.09711e+01 2.06300e+03
3.10331e+01 2.26919e+03
3.10950e+01 2.59886e+03
3.11570e+01 3.17749e+03
3.12190e+01 2.11979e+03
3.12810e+01 9.04743e+02
3.13430e+01 1.36028e+03
3.14050e+01 1.94603e+03
3.14669e+01 1.28325e+03
3.15289e+01 1.16074e+03
3.15909e+01 3.48094e+02
3.16529e+01 1.41706e+03
3.17149e+01 1.88829e+03
3.17769e+01 2.09372e+03
3.18388e+01 2.55479e+03
3.19008e+01 2.77627e+03
3.19628e+01 2.09979e+03
3.20248e+01 1.61565e+03
3.20868e+01 1.28153e+03
3.21488e+01 2.41073e+03
3.22107e+01 2.36928e+03
3.22727e+01 2.80821e+03
3.23347e+01 1.85497e+03
3.23967e+01 1.88734e+03
3.24587e+01 1.88601e+03
3.25207e+01 2.01939e+03
3.25826e+01 1.59404e+03
3.26446e+01 1.79747e+03
3.27066e+01 2.01054e+03
3.27686e+01 1.77367e+03
3.28306e+01 1.16029e+03
3.28926e+01 1.56988e+03
3.29545e+01 1.00409e+03
3.30165e+01 8.52156e+02
3.30785e+01 1.72166e+03
3.31405e+01 2.18814e+03
3.32025e+01 1.57006e+03
3.32645e+01 1.64442e+03
3.33264e+01 1.92615e+03
3.33884e+01 2.00894e+03
3.34504e+01 1.51882e+03
3.35124e+01 3.81019e+02
3.35744e+01 1.95201e+03
3.36364e+01 1.74764e+03
3.36983e+01 1.00914e+03
3.37603e+01 1.86486e+03
3.38223e+01 1.23203e+03
3.38843e+01 1.70170e+03
3.39463e+01 1.64070e+03
3.40083e+01 1.21745e+03
3.40702e+01 1.45444e+03
3.41322e+01 9.38233e+02
3.41942e+01 1.01939e+03
3.42562e+01 1.37213e+03
3.43182e+01 1.95798e+03
3.43802e+01 1.90706e+03
3.44421e+01 2.34939e+03
3.45041e+01 1.93589e+03
3.45661e+01 2.35658e+03
3.46281e+01 1.48933e+03
3.46901e+01 1.74370e+03
3.47521e+01 1.96791e+03
3.48140e+01 2.33348e+03
3.48760e+01 3.23349e+03
3.49380e+01 3.58321e+03
3.50000e+01 3.09790e+03
