# La4Ni3O8 Ni L2 edge RIXS
# T = 25 K
# RIXS resolution ~ 0.4 eV
# Horizontal scattering geometry, theta = 15 degrees, 2theta = 95 degrees
# SEXTANTS beamline, SOLEIL synchrotron
# Energy loss 	 Intensity
-4.46638e+01 5.64000e+02
-4.45914e+01 6.02400e+02
-4.45191e+01 1.19370e+03
-4.44467e+01 1.46260e+03
-4.43744e+01 1.59110e+03
-4.43022e+01 2.10450e+03
-4.42299e+01 2.85520e+03
-4.41577e+01 3.21020e+03
-4.40855e+01 3.35120e+03
-4.40133e+01 3.20090e+03
-4.39411e+01 4.06440e+03
-4.38690e+01 4.68460e+03
-4.37969e+01 3.71920e+03
-4.37248e+01 4.77310e+03
-4.36527e+01 4.49950e+03
-4.35807e+01 4.65950e+03
-4.35086e+01 4.43830e+03
-4.34366e+01 4.53460e+03
-4.33646e+01 4.31190e+03
-4.32927e+01 4.29590e+03
-4.32207e+01 4.57550e+03
-4.31488e+01 5.42020e+03
-4.30769e+01 4.91450e+03
-4.30051e+01 4.25220e+03
-4.29332e+01 4.35560e+03
-4.28614e+01 4.73330e+03
-4.27896e+01 4.71540e+03
-4.27178e+01 4.18110e+03
-4.26461e+01 5.06700e+03
-4.25743e+01 4.80010e+03
-4.25026e+01 5.24330e+03
-4.24309e+01 5.88270e+03
-4.23593e+01 5.08220e+03
-4.22876e+01 5.04980e+03
-4.22160e+01 4.82640e+03
-4.21444e+01 4.96160e+03
-4.20728e+01 3.39820e+03
-4.20013e+01 4.33950e+03
-4.19298e+01 4.52260e+03
-4.18583e+01 5.07220e+03
-4.17868e+01 4.66750e+03
-4.17153e+01 4.64610e+03
-4.16439e+01 3.94380e+03
-4.15725e+01 4.22080e+03
-4.15011e+01 5.22560e+03
-4.14297e+01 4.25730e+03
-4.13583e+01 4.91270e+03
-4.12870e+01 5.04430e+03
-4.12157e+01 4.82050e+03
-4.11444e+01 5.39460e+03
-4.10732e+01 4.98040e+03
-4.10019e+01 5.15420e+03
-4.09307e+01 4.57210e+03
-4.08595e+01 5.35530e+03
-4.07884e+01 4.50170e+03
-4.07172e+01 4.22500e+03
-4.06461e+01 4.15350e+03
-4.05750e+01 5.10070e+03
-4.05039e+01 4.64050e+03
-4.04329e+01 5.08880e+03
-4.03618e+01 4.64570e+03
-4.02908e+01 4.80060e+03
-4.02198e+01 4.77170e+03
-4.01489e+01 4.98320e+03
-4.00779e+01 4.71180e+03
-4.00070e+01 5.08350e+03
-3.99361e+01 4.14250e+03
-3.98652e+01 4.59590e+03
-3.97944e+01 5.48420e+03
-3.97236e+01 4.47250e+03
-3.96528e+01 4.76630e+03
-3.95820e+01 5.01100e+03
-3.95112e+01 4.50830e+03
-3.94405e+01 5.32180e+03
-3.93698e+01 3.95690e+03
-3.92991e+01 4.35580e+03
-3.92284e+01 4.55150e+03
-3.91578e+01 3.68900e+03
-3.90871e+01 4.80580e+03
-3.90165e+01 4.75110e+03
-3.89459e+01 4.49680e+03
-3.88754e+01 4.70360e+03
-3.88049e+01 4.40900e+03
-3.87343e+01 4.89640e+03
-3.86638e+01 4.55090e+03
-3.85934e+01 4.26360e+03
-3.85229e+01 4.30750e+03
-3.84525e+01 4.54060e+03
-3.83821e+01 4.62730e+03
-3.83117e+01 3.91570e+03
-3.82414e+01 3.35090e+03
-3.81711e+01 3.90630e+03
-3.81007e+01 4.55280e+03
-3.80305e+01 4.65170e+03
-3.79602e+01 4.47260e+03
-3.78900e+01 4.36080e+03
-3.78197e+01 4.68720e+03
-3.77495e+01 4.96610e+03
-3.76794e+01 4.19270e+03
-3.76092e+01 4.52890e+03
-3.75391e+01 4.48370e+03
-3.74690e+01 4.85850e+03
-3.73989e+01 4.73990e+03
-3.73288e+01 5.36780e+03
-3.72588e+01 4.71580e+03
-3.71888e+01 4.18310e+03
-3.71188e+01 3.78810e+03
-3.70488e+01 3.84180e+03
-3.69789e+01 5.03090e+03
-3.69090e+01 4.54520e+03
-3.68391e+01 3.99320e+03
-3.67692e+01 4.45680e+03
-3.66993e+01 4.67080e+03
-3.66295e+01 3.97280e+03
-3.65597e+01 4.11130e+03
-3.64899e+01 4.25320e+03
-3.64201e+01 4.16510e+03
-3.63504e+01 4.96840e+03
-3.62807e+01 4.45800e+03
-3.62110e+01 4.62280e+03
-3.61413e+01 5.35160e+03
-3.60716e+01 4.82930e+03
-3.60020e+01 4.45610e+03
-3.59324e+01 4.84930e+03
-3.58628e+01 5.22930e+03
-3.57932e+01 4.50510e+03
-3.57237e+01 5.77910e+03
-3.56542e+01 4.77560e+03
-3.55847e+01 4.63800e+03
-3.55152e+01 4.46210e+03
-3.54458e+01 4.09370e+03
-3.53763e+01 5.09740e+03
-3.53069e+01 5.32920e+03
-3.52375e+01 4.44120e+03
-3.51682e+01 4.90620e+03
-3.50988e+01 4.68940e+03
-3.50295e+01 4.66990e+03
-3.49602e+01 4.83810e+03
-3.48910e+01 4.31650e+03
-3.48217e+01 4.84150e+03
-3.47525e+01 5.25090e+03
-3.46833e+01 4.92180e+03
-3.46141e+01 4.75130e+03
-3.45450e+01 5.57460e+03
-3.44758e+01 4.71490e+03
-3.44067e+01 5.37340e+03
-3.43376e+01 5.56030e+03
-3.42686e+01 5.02750e+03
-3.41995e+01 4.51640e+03
-3.41305e+01 5.09890e+03
-3.40615e+01 4.82880e+03
-3.39925e+01 4.59550e+03
-3.39236e+01 4.42670e+03
-3.38547e+01 5.02530e+03
-3.37857e+01 5.06620e+03
-3.37169e+01 4.34230e+03
-3.36480e+01 4.40650e+03
-3.35792e+01 4.91630e+03
-3.35103e+01 4.71510e+03
-3.34415e+01 4.73040e+03
-3.33728e+01 4.15350e+03
-3.33040e+01 4.36970e+03
-3.32353e+01 4.73620e+03
-3.31666e+01 4.68930e+03
-3.30979e+01 5.27730e+03
-3.30293e+01 5.05730e+03
-3.29606e+01 5.58150e+03
-3.28920e+01 5.54000e+03
-3.28234e+01 5.01500e+03
-3.27548e+01 5.41590e+03
-3.26863e+01 5.45340e+03
-3.26178e+01 4.85160e+03
-3.25493e+01 6.06430e+03
-3.24808e+01 5.16810e+03
-3.24123e+01 5.64970e+03
-3.23439e+01 5.34210e+03
-3.22755e+01 5.10290e+03
-3.22071e+01 4.74780e+03
-3.21387e+01 4.91540e+03
-3.20704e+01 4.25780e+03
-3.20021e+01 4.35050e+03
-3.19338e+01 4.17400e+03
-3.18655e+01 4.83100e+03
-3.17973e+01 4.79340e+03
-3.17290e+01 4.41890e+03
-3.16608e+01 4.13150e+03
-3.15926e+01 4.24400e+03
-3.15245e+01 3.60340e+03
-3.14563e+01 3.94270e+03
-3.13882e+01 4.61540e+03
-3.13201e+01 5.00620e+03
-3.12521e+01 4.26700e+03
-3.11840e+01 4.31640e+03
-3.11160e+01 4.59090e+03
-3.10480e+01 4.85280e+03
-3.09800e+01 5.31560e+03
-3.09120e+01 4.44180e+03
-3.08441e+01 4.97730e+03
-3.07762e+01 4.99590e+03
-3.07083e+01 5.01660e+03
-3.06404e+01 5.32440e+03
-3.05726e+01 4.58700e+03
-3.05048e+01 4.42080e+03
-3.04370e+01 4.48390e+03
-3.03692e+01 4.76760e+03
-3.03014e+01 4.58410e+03
-3.02337e+01 4.25990e+03
-3.01660e+01 4.58780e+03
-3.00983e+01 4.68020e+03
-3.00306e+01 4.64600e+03
-2.99630e+01 4.90860e+03
-2.98954e+01 4.33290e+03
-2.98278e+01 5.11280e+03
-2.97602e+01 4.30360e+03
-2.96927e+01 3.61470e+03
-2.96251e+01 5.27390e+03
-2.95576e+01 4.98480e+03
-2.94901e+01 4.48260e+03
-2.94227e+01 5.09960e+03
-2.93552e+01 5.26560e+03
-2.92878e+01 5.08350e+03
-2.92204e+01 4.66170e+03
-2.91531e+01 5.13950e+03
-2.90857e+01 5.01420e+03
-2.90184e+01 5.48490e+03
-2.89511e+01 5.40990e+03
-2.88838e+01 5.14630e+03
-2.88165e+01 4.41110e+03
-2.87493e+01 4.75380e+03
-2.86821e+01 5.32260e+03
-2.86149e+01 5.41880e+03
-2.85477e+01 4.84650e+03
-2.84806e+01 5.14670e+03
-2.84135e+01 5.74610e+03
-2.83464e+01 5.08850e+03
-2.82793e+01 5.02530e+03
-2.82122e+01 4.74710e+03
-2.81452e+01 4.81020e+03
-2.80782e+01 4.80800e+03
-2.80112e+01 4.03420e+03
-2.79443e+01 5.47510e+03
-2.78773e+01 5.13790e+03
-2.78104e+01 3.72170e+03
-2.77435e+01 4.26220e+03
-2.76766e+01 5.13030e+03
-2.76098e+01 4.51350e+03
-2.75429e+01 5.21700e+03
-2.74761e+01 5.30020e+03
-2.74094e+01 4.97700e+03
-2.73426e+01 4.49900e+03
-2.72759e+01 5.02680e+03
-2.72091e+01 4.31010e+03
-2.71424e+01 5.27590e+03
-2.70758e+01 5.50540e+03
-2.70091e+01 5.62710e+03
-2.69425e+01 5.63420e+03
-2.68759e+01 4.73040e+03
-2.68093e+01 4.76460e+03
-2.67428e+01 4.68750e+03
-2.66762e+01 4.80120e+03
-2.66097e+01 5.70060e+03
-2.65432e+01 5.09590e+03
-2.64768e+01 5.05650e+03
-2.64103e+01 5.53400e+03
-2.63439e+01 5.67400e+03
-2.62775e+01 5.41180e+03
-2.62111e+01 4.92490e+03
-2.61448e+01 4.74010e+03
-2.60784e+01 4.24000e+03
-2.60121e+01 4.69330e+03
-2.59458e+01 5.87630e+03
-2.58796e+01 5.64070e+03
-2.58133e+01 5.02170e+03
-2.57471e+01 4.59970e+03
-2.56809e+01 4.38330e+03
-2.56148e+01 5.52560e+03
-2.55486e+01 4.41790e+03
-2.54825e+01 5.25060e+03
-2.54164e+01 5.38890e+03
-2.53503e+01 4.48710e+03
-2.52842e+01 4.94660e+03
-2.52182e+01 5.28360e+03
-2.51522e+01 5.10400e+03
-2.50862e+01 4.77070e+03
-2.50202e+01 4.93640e+03
-2.49543e+01 5.44690e+03
-2.48883e+01 5.17830e+03
-2.48224e+01 5.26010e+03
-2.47566e+01 4.74480e+03
-2.46907e+01 4.80170e+03
-2.46249e+01 4.33020e+03
-2.45591e+01 4.67520e+03
-2.44933e+01 4.57060e+03
-2.44275e+01 5.49290e+03
-2.43618e+01 5.27750e+03
-2.42960e+01 4.10560e+03
-2.42303e+01 3.98210e+03
-2.41647e+01 4.72890e+03
-2.40990e+01 4.45700e+03
-2.40334e+01 4.33610e+03
-2.39678e+01 5.03130e+03
-2.39022e+01 4.29600e+03
-2.38366e+01 5.25020e+03
-2.37711e+01 4.98850e+03
-2.37056e+01 5.00590e+03
-2.36401e+01 5.00820e+03
-2.35746e+01 4.64610e+03
-2.35092e+01 4.72270e+03
-2.34437e+01 5.24550e+03
-2.33783e+01 4.80660e+03
-2.33129e+01 4.31720e+03
-2.32476e+01 4.14040e+03
-2.31823e+01 4.70400e+03
-2.31169e+01 4.63100e+03
-2.30516e+01 4.72030e+03
-2.29864e+01 4.59290e+03
-2.29211e+01 4.64990e+03
-2.28559e+01 4.80700e+03
-2.27907e+01 4.56880e+03
-2.27255e+01 5.08530e+03
-2.26604e+01 5.46730e+03
-2.25952e+01 4.18550e+03
-2.25301e+01 4.64030e+03
-2.24650e+01 5.30940e+03
-2.24000e+01 4.81830e+03
-2.23349e+01 5.01190e+03
-2.22699e+01 4.82320e+03
-2.22049e+01 4.93160e+03
-2.21399e+01 4.47290e+03
-2.20750e+01 5.26960e+03
-2.20101e+01 5.36290e+03
-2.19452e+01 4.48860e+03
-2.18803e+01 4.91220e+03
-2.18154e+01 4.60260e+03
-2.17506e+01 5.28950e+03
-2.16858e+01 4.83630e+03
-2.16210e+01 4.79210e+03
-2.15562e+01 4.50300e+03
-2.14914e+01 5.14070e+03
-2.14267e+01 5.15350e+03
-2.13620e+01 4.25490e+03
-2.12973e+01 4.35010e+03
-2.12327e+01 5.02740e+03
-2.11680e+01 4.58800e+03
-2.11034e+01 4.45770e+03
-2.10388e+01 3.93300e+03
-2.09743e+01 4.61110e+03
-2.09097e+01 5.19360e+03
-2.08452e+01 4.82590e+03
-2.07807e+01 4.93250e+03
-2.07162e+01 4.31330e+03
-2.06518e+01 4.09840e+03
-2.05873e+01 4.99750e+03
-2.05229e+01 4.07020e+03
-2.04585e+01 4.70230e+03
-2.03942e+01 4.72100e+03
-2.03298e+01 5.30550e+03
-2.02655e+01 4.70190e+03
-2.02012e+01 5.50410e+03
-2.01369e+01 4.80100e+03
-2.00727e+01 4.69960e+03
-2.00085e+01 4.82760e+03
-1.99442e+01 4.59170e+03
-1.98801e+01 4.64550e+03
-1.98159e+01 4.61600e+03
-1.97518e+01 4.20640e+03
-1.96876e+01 5.55990e+03
-1.96236e+01 4.40310e+03
-1.95595e+01 4.06470e+03
-1.94954e+01 4.87320e+03
-1.94314e+01 5.38280e+03
-1.93674e+01 4.76720e+03
-1.93034e+01 4.97390e+03
-1.92395e+01 4.85220e+03
-1.91755e+01 5.10350e+03
-1.91116e+01 5.12760e+03
-1.90477e+01 5.58890e+03
-1.89839e+01 5.35770e+03
-1.89200e+01 4.57650e+03
-1.88562e+01 4.59880e+03
-1.87924e+01 4.54580e+03
-1.87286e+01 4.92860e+03
-1.86649e+01 5.40400e+03
-1.86011e+01 4.57420e+03
-1.85374e+01 4.05490e+03
-1.84737e+01 4.00120e+03
-1.84101e+01 4.09900e+03
-1.83464e+01 4.70910e+03
-1.82828e+01 4.41530e+03
-1.82192e+01 4.63560e+03
-1.81556e+01 4.78580e+03
-1.80921e+01 4.67060e+03
-1.80286e+01 4.60890e+03
-1.79651e+01 4.36320e+03
-1.79016e+01 4.54450e+03
-1.78381e+01 4.64220e+03
-1.77747e+01 4.31990e+03
-1.77113e+01 4.54110e+03
-1.76479e+01 4.59310e+03
-1.75845e+01 5.12180e+03
-1.75211e+01 4.96020e+03
-1.74578e+01 4.31890e+03
-1.73945e+01 4.59270e+03
-1.73312e+01 4.80080e+03
-1.72680e+01 4.76230e+03
-1.72047e+01 5.46400e+03
-1.71415e+01 4.31970e+03
-1.70783e+01 4.11820e+03
-1.70152e+01 4.30340e+03
-1.69520e+01 4.89700e+03
-1.68889e+01 4.48710e+03
-1.68258e+01 3.77080e+03
-1.67627e+01 4.85090e+03
-1.66997e+01 4.69430e+03
-1.66367e+01 4.33190e+03
-1.65736e+01 4.06830e+03
-1.65107e+01 4.08810e+03
-1.64477e+01 4.74380e+03
-1.63848e+01 5.08600e+03
-1.63218e+01 4.43490e+03
-1.62589e+01 4.38080e+03
-1.61961e+01 4.44430e+03
-1.61332e+01 4.45890e+03
-1.60704e+01 4.79640e+03
-1.60076e+01 4.41360e+03
-1.59448e+01 4.91090e+03
-1.58820e+01 4.39460e+03
-1.58193e+01 4.21730e+03
-1.57566e+01 3.99410e+03
-1.56939e+01 5.02180e+03
-1.56312e+01 4.46270e+03
-1.55686e+01 4.55030e+03
-1.55060e+01 5.04630e+03
-1.54434e+01 4.42680e+03
-1.53808e+01 4.64160e+03
-1.53182e+01 4.53990e+03
-1.52557e+01 4.67890e+03
-1.51932e+01 4.23980e+03
-1.51307e+01 4.54120e+03
-1.50682e+01 4.39800e+03
-1.50058e+01 5.11550e+03
-1.49434e+01 4.28020e+03
-1.48810e+01 4.25790e+03
-1.48186e+01 4.45340e+03
-1.47562e+01 4.95760e+03
-1.46939e+01 4.87430e+03
-1.46316e+01 4.60390e+03
-1.45693e+01 4.37400e+03
-1.45070e+01 3.49650e+03
-1.44448e+01 3.66590e+03
-1.43826e+01 4.38380e+03
-1.43204e+01 4.03740e+03
-1.42582e+01 5.13250e+03
-1.41961e+01 5.03570e+03
-1.41339e+01 4.49790e+03
-1.40718e+01 4.97220e+03
-1.40098e+01 4.97170e+03
-1.39477e+01 4.53790e+03
-1.38857e+01 4.13140e+03
-1.38236e+01 4.26590e+03
-1.37617e+01 4.45270e+03
-1.36997e+01 4.52790e+03
-1.36377e+01 4.15670e+03
-1.35758e+01 4.29720e+03
-1.35139e+01 4.68320e+03
-1.34520e+01 4.78270e+03
-1.33902e+01 4.81990e+03
-1.33283e+01 4.05080e+03
-1.32665e+01 4.62720e+03
-1.32047e+01 4.51530e+03
-1.31430e+01 4.21290e+03
-1.30812e+01 3.84100e+03
-1.30195e+01 4.38750e+03
-1.29578e+01 4.70120e+03
-1.28961e+01 4.41680e+03
-1.28345e+01 4.46510e+03
-1.27729e+01 5.03870e+03
-1.27113e+01 4.21220e+03
-1.26497e+01 5.10500e+03
-1.25881e+01 4.60730e+03
-1.25266e+01 4.35080e+03
-1.24651e+01 3.91340e+03
-1.24036e+01 3.79960e+03
-1.23421e+01 4.06270e+03
-1.22806e+01 4.74960e+03
-1.22192e+01 3.88690e+03
-1.21578e+01 4.17460e+03
-1.20964e+01 4.12670e+03
-1.20351e+01 3.79180e+03
-1.19737e+01 4.25730e+03
-1.19124e+01 4.16810e+03
-1.18511e+01 4.28290e+03
-1.17899e+01 5.48940e+03
-1.17286e+01 4.31780e+03
-1.16674e+01 4.06210e+03
-1.16062e+01 4.14580e+03
-1.15450e+01 4.91410e+03
-1.14839e+01 5.24990e+03
-1.14227e+01 4.29190e+03
-1.13616e+01 3.71960e+03
-1.13005e+01 4.09690e+03
-1.12395e+01 4.48900e+03
-1.11784e+01 3.77850e+03
-1.11174e+01 4.23670e+03
-1.10564e+01 3.34480e+03
-1.09954e+01 4.70520e+03
-1.09345e+01 4.18820e+03
-1.08735e+01 4.93860e+03
-1.08126e+01 4.42460e+03
-1.07518e+01 5.09750e+03
-1.06909e+01 4.71480e+03
-1.06301e+01 5.31270e+03
-1.05692e+01 5.24570e+03
-1.05084e+01 4.65320e+03
-1.04477e+01 5.19450e+03
-1.03869e+01 4.42620e+03
-1.03262e+01 4.72510e+03
-1.02655e+01 4.21800e+03
-1.02048e+01 4.93580e+03
-1.01442e+01 4.41080e+03
-1.00835e+01 5.11620e+03
-1.00229e+01 4.74240e+03
-9.96232e+00 4.68070e+03
-9.90175e+00 4.02710e+03
-9.84121e+00 4.24250e+03
-9.78068e+00 3.63900e+03
-9.72018e+00 5.15070e+03
-9.65971e+00 4.47320e+03
-9.59925e+00 4.73840e+03
-9.53882e+00 4.71860e+03
-9.47841e+00 4.84870e+03
-9.41802e+00 4.16900e+03
-9.35766e+00 5.24920e+03
-9.29732e+00 5.73460e+03
-9.23700e+00 4.98620e+03
-9.17670e+00 5.31240e+03
-9.11643e+00 4.78250e+03
-9.05618e+00 4.62340e+03
-8.99595e+00 5.33150e+03
-8.93574e+00 4.55870e+03
-8.87556e+00 4.62880e+03
-8.81540e+00 4.62790e+03
-8.75526e+00 5.03830e+03
-8.69514e+00 5.16200e+03
-8.63505e+00 5.58640e+03
-8.57498e+00 5.17180e+03
-8.51493e+00 5.16500e+03
-8.45491e+00 5.50310e+03
-8.39490e+00 5.53290e+03
-8.33493e+00 4.61650e+03
-8.27497e+00 4.58170e+03
-8.21503e+00 4.91770e+03
-8.15512e+00 4.61800e+03
-8.09523e+00 4.58310e+03
-8.03536e+00 4.02890e+03
-7.97552e+00 4.96370e+03
-7.91570e+00 4.75780e+03
-7.85590e+00 5.34060e+03
-7.79612e+00 5.21230e+03
-7.73637e+00 4.42980e+03
-7.67664e+00 4.73980e+03
-7.61693e+00 5.29220e+03
-7.55724e+00 4.41020e+03
-7.49758e+00 5.36130e+03
-7.43794e+00 5.34950e+03
-7.37832e+00 5.46900e+03
-7.31872e+00 4.71390e+03
-7.25915e+00 4.40810e+03
-7.19960e+00 4.21440e+03
-7.14007e+00 5.10140e+03
-7.08057e+00 4.96690e+03
-7.02108e+00 4.64900e+03
-6.96162e+00 4.23590e+03
-6.90219e+00 4.75070e+03
-6.84277e+00 4.74220e+03
-6.78338e+00 5.31210e+03
-6.72401e+00 4.96590e+03
-6.66466e+00 4.20850e+03
-6.60534e+00 4.65920e+03
-6.54603e+00 5.31950e+03
-6.48675e+00 5.02340e+03
-6.42750e+00 5.67490e+03
-6.36826e+00 4.25980e+03
-6.30905e+00 4.48410e+03
-6.24986e+00 4.86950e+03
-6.19070e+00 4.33880e+03
-6.13155e+00 4.39000e+03
-6.07243e+00 4.76550e+03
-6.01333e+00 5.37330e+03
-5.95426e+00 5.05550e+03
-5.89520e+00 4.38200e+03
-5.83617e+00 5.14490e+03
-5.77717e+00 4.03500e+03
-5.71818e+00 4.08530e+03
-5.65922e+00 5.25220e+03
-5.60028e+00 5.31460e+03
-5.54136e+00 4.90550e+03
-5.48246e+00 4.46540e+03
-5.42359e+00 6.02430e+03
-5.36474e+00 6.00550e+03
-5.30591e+00 5.45250e+03
-5.24711e+00 5.20000e+03
-5.18833e+00 6.08300e+03
-5.12957e+00 6.32160e+03
-5.07083e+00 6.46610e+03
-5.01212e+00 6.10030e+03
-4.95342e+00 6.09320e+03
-4.89475e+00 5.46860e+03
-4.83611e+00 5.27910e+03
-4.77749e+00 5.02810e+03
-4.71888e+00 5.30780e+03
-4.66031e+00 4.91760e+03
-4.60175e+00 4.77100e+03
-4.54322e+00 4.58930e+03
-4.48470e+00 4.87970e+03
-4.42622e+00 5.68180e+03
-4.36775e+00 5.23620e+03
-4.30931e+00 4.94710e+03
-4.25089e+00 6.27170e+03
-4.19249e+00 5.84010e+03
-4.13411e+00 6.09760e+03
-4.07576e+00 6.52060e+03
-4.01743e+00 6.05330e+03
-3.95912e+00 5.46810e+03
-3.90084e+00 6.09730e+03
-3.84258e+00 6.28030e+03
-3.78434e+00 5.54780e+03
-3.72612e+00 5.59570e+03
-3.66792e+00 4.73820e+03
-3.60975e+00 5.34170e+03
-3.55160e+00 4.76200e+03
-3.49348e+00 5.14010e+03
-3.43537e+00 5.34500e+03
-3.37729e+00 5.90830e+03
-3.31923e+00 5.58180e+03
-3.26120e+00 5.86570e+03
-3.20318e+00 5.50720e+03
-3.14519e+00 5.75440e+03
-3.08722e+00 5.92510e+03
-3.02928e+00 5.22260e+03
-2.97135e+00 5.80960e+03
-2.91345e+00 5.60180e+03
-2.85557e+00 5.69970e+03
-2.79772e+00 6.91900e+03
-2.73989e+00 7.24180e+03
-2.68208e+00 7.05230e+03
-2.62429e+00 5.85640e+03
-2.56652e+00 6.94950e+03
-2.50878e+00 5.40340e+03
-2.45106e+00 6.08790e+03
-2.39336e+00 7.12170e+03
-2.33569e+00 6.74120e+03
-2.27804e+00 5.93900e+03
-2.22041e+00 6.88420e+03
-2.16280e+00 6.54030e+03
-2.10522e+00 6.91300e+03
-2.04765e+00 6.78710e+03
-1.99012e+00 7.16730e+03
-1.93260e+00 7.56980e+03
-1.87511e+00 7.68280e+03
-1.81763e+00 6.24860e+03
-1.76019e+00 5.74840e+03
-1.70276e+00 7.25180e+03
-1.64535e+00 7.36250e+03
-1.58797e+00 6.88590e+03
-1.53062e+00 6.93340e+03
-1.47328e+00 7.47900e+03
-1.41597e+00 9.35760e+03
-1.35868e+00 9.35540e+03
-1.30141e+00 8.12820e+03
-1.24416e+00 8.03680e+03
-1.18694e+00 7.54880e+03
-1.12974e+00 7.48040e+03
-1.07256e+00 8.17040e+03
-1.01541e+00 9.22930e+03
-9.58276e-01 9.88930e+03
-9.01167e-01 9.34280e+03
-8.44080e-01 8.13310e+03
-7.87015e-01 8.16880e+03
-7.29973e-01 1.03065e+04
-6.72954e-01 1.05379e+04
-6.15958e-01 1.08456e+04
-5.58984e-01 1.20193e+04
-5.02032e-01 1.44372e+04
-4.45103e-01 1.70208e+04
-3.88197e-01 2.10379e+04
-3.31313e-01 2.80011e+04
-2.74452e-01 3.78297e+04
-2.17614e-01 4.96382e+04
-1.60798e-01 6.93245e+04
-1.04005e-01 9.68280e+04
-4.72340e-02 1.25080e+05
9.51400e-03 1.49554e+05
6.62390e-02 1.51816e+05
1.22942e-01 1.40396e+05
1.79622e-01 1.13522e+05
2.36280e-01 1.01890e+05
2.92915e-01 9.10719e+04
3.49527e-01 9.40134e+04
4.06117e-01 1.07454e+05
4.62684e-01 1.33984e+05
5.19229e-01 1.74152e+05
5.75751e-01 2.30722e+05
6.32251e-01 2.92858e+05
6.88727e-01 3.56110e+05
7.45182e-01 4.20158e+05
8.01613e-01 4.77106e+05
8.58022e-01 5.12433e+05
9.14409e-01 5.50655e+05
9.70772e-01 5.65133e+05
1.02711e+00 5.63356e+05
1.08343e+00 5.24295e+05
1.13973e+00 4.70054e+05
1.19600e+00 4.43524e+05
1.25225e+00 4.20610e+05
1.30848e+00 3.99000e+05
1.36469e+00 3.86828e+05
1.42087e+00 3.87180e+05
1.47703e+00 4.00576e+05
1.53317e+00 4.08874e+05
1.58928e+00 4.18716e+05
1.64538e+00 4.24685e+05
1.70145e+00 4.38539e+05
1.75749e+00 4.38335e+05
1.81352e+00 4.28494e+05
1.86952e+00 4.02577e+05
1.92550e+00 3.86628e+05
1.98146e+00 3.70922e+05
2.03739e+00 3.53691e+05
2.09330e+00 3.44653e+05
2.14919e+00 3.30678e+05
2.20506e+00 3.12419e+05
2.26090e+00 2.79884e+05
2.31672e+00 2.63009e+05
2.37252e+00 2.57419e+05
2.42830e+00 2.44985e+05
2.48405e+00 2.30339e+05
2.53978e+00 2.27890e+05
2.59549e+00 2.19672e+05
2.65118e+00 2.14296e+05
2.70684e+00 2.13087e+05
2.76248e+00 2.02436e+05
2.81810e+00 1.93537e+05
2.87369e+00 1.85844e+05
2.92927e+00 1.80470e+05
2.98482e+00 1.73464e+05
3.04034e+00 1.67677e+05
3.09585e+00 1.62059e+05
3.15133e+00 1.57036e+05
3.20679e+00 1.47171e+05
3.26223e+00 1.36759e+05
3.31764e+00 1.33076e+05
3.37304e+00 1.31002e+05
3.42841e+00 1.21538e+05
3.48375e+00 1.19618e+05
3.53908e+00 1.18569e+05
3.59438e+00 1.13080e+05
3.64966e+00 1.10208e+05
3.70491e+00 1.06878e+05
3.76015e+00 1.04999e+05
3.81536e+00 9.94718e+04
3.87055e+00 1.01088e+05
3.92571e+00 1.02108e+05
3.98086e+00 1.00612e+05
4.03598e+00 9.90405e+04
4.09107e+00 9.82709e+04
4.14615e+00 9.59985e+04
4.20120e+00 9.14705e+04
4.25623e+00 9.48583e+04
4.31124e+00 9.57323e+04
4.36623e+00 9.08985e+04
4.42119e+00 8.86793e+04
4.47613e+00 9.03197e+04
4.53105e+00 8.63856e+04
4.58594e+00 8.88254e+04
4.64081e+00 8.50083e+04
4.69566e+00 8.58762e+04
4.75049e+00 8.90442e+04
4.80529e+00 8.74227e+04
4.86008e+00 8.42855e+04
4.91483e+00 8.39755e+04
4.96957e+00 8.20491e+04
5.02428e+00 8.36799e+04
5.07898e+00 8.19735e+04
5.13364e+00 8.28938e+04
5.18829e+00 8.28703e+04
5.24291e+00 8.32659e+04
5.29751e+00 8.79292e+04
5.35209e+00 8.62871e+04
5.40665e+00 8.44790e+04
5.46118e+00 8.43066e+04
5.51569e+00 8.42713e+04
5.57018e+00 8.56037e+04
5.62465e+00 8.50656e+04
5.67909e+00 7.83928e+04
5.73351e+00 7.84425e+04
5.78791e+00 7.78369e+04
5.84228e+00 7.39507e+04
5.89663e+00 7.48961e+04
5.95096e+00 7.28776e+04
6.00527e+00 7.52239e+04
6.05955e+00 7.46722e+04
6.11382e+00 6.58722e+04
6.16806e+00 6.21120e+04
6.22227e+00 6.48593e+04
6.27647e+00 6.37891e+04
6.33064e+00 6.05885e+04
6.38479e+00 5.74981e+04
6.43891e+00 6.10934e+04
6.49302e+00 5.94096e+04
6.54710e+00 5.51775e+04
6.60116e+00 5.31081e+04
6.65519e+00 5.28907e+04
6.70921e+00 5.33606e+04
6.76320e+00 5.31893e+04
6.81717e+00 5.11112e+04
6.87111e+00 4.85068e+04
6.92503e+00 4.72213e+04
6.97893e+00 4.53059e+04
7.03281e+00 4.76155e+04
7.08667e+00 4.84631e+04
7.14050e+00 4.78076e+04
7.19431e+00 4.58002e+04
7.24810e+00 4.48707e+04
7.30186e+00 4.19214e+04
7.35560e+00 4.04502e+04
7.40932e+00 3.94588e+04
7.46302e+00 3.84523e+04
7.51669e+00 3.53353e+04
7.57034e+00 3.88761e+04
7.62397e+00 3.95682e+04
7.67758e+00 3.50742e+04
7.73116e+00 3.67836e+04
7.78473e+00 3.53752e+04
7.83826e+00 3.61369e+04
7.89178e+00 3.24272e+04
7.94527e+00 3.27894e+04
7.99875e+00 3.31427e+04
8.05219e+00 3.32580e+04
8.10562e+00 3.23111e+04
8.15902e+00 3.27781e+04
8.21240e+00 3.22440e+04
8.26576e+00 3.08769e+04
8.31910e+00 2.93959e+04
8.37241e+00 3.08198e+04
8.42570e+00 3.00504e+04
8.47897e+00 2.83283e+04
8.53221e+00 2.73385e+04
8.58543e+00 2.56236e+04
8.63863e+00 2.77857e+04
8.69181e+00 2.52056e+04
8.74496e+00 2.61783e+04
8.79809e+00 2.63961e+04
8.85121e+00 2.66267e+04
8.90429e+00 2.69937e+04
8.95735e+00 2.57840e+04
9.01040e+00 2.44911e+04
9.06342e+00 2.41096e+04
9.11641e+00 2.40192e+04
9.16939e+00 2.70698e+04
9.22234e+00 3.05241e+04
9.27526e+00 2.69424e+04
9.32817e+00 2.53404e+04
9.38105e+00 2.36051e+04
9.43391e+00 2.30809e+04
9.48675e+00 2.33497e+04
9.53957e+00 2.04322e+04
9.59236e+00 2.01047e+04
9.64513e+00 2.25853e+04
9.69788e+00 2.25738e+04
9.75060e+00 2.10491e+04
9.80331e+00 1.93608e+04
9.85599e+00 2.09720e+04
9.90864e+00 2.34113e+04
9.96128e+00 2.12036e+04
1.00139e+01 2.25761e+04
1.00665e+01 1.99488e+04
1.01190e+01 2.01016e+04
1.01716e+01 2.06030e+04
1.02241e+01 2.02940e+04
1.02766e+01 2.27389e+04
1.03291e+01 2.20108e+04
1.03815e+01 2.29026e+04
1.04340e+01 1.84437e+04
1.04864e+01 1.91532e+04
1.05388e+01 1.91552e+04
1.05911e+01 2.38285e+04
1.06435e+01 2.31646e+04
1.06958e+01 2.01368e+04
1.07481e+01 2.19011e+04
1.08004e+01 1.95618e+04
1.08526e+01 2.00027e+04
1.09048e+01 2.31186e+04
1.09570e+01 2.17718e+04
1.10092e+01 2.06771e+04
1.10614e+01 1.92195e+04
1.11135e+01 1.93670e+04
1.11656e+01 1.82923e+04
1.12177e+01 2.01936e+04
1.12698e+01 2.02387e+04
1.13218e+01 2.06107e+04
1.13739e+01 1.93618e+04
1.14259e+01 2.12978e+04
1.14779e+01 2.41869e+04
1.15298e+01 2.23061e+04
1.15817e+01 2.09847e+04
1.16337e+01 2.30954e+04
1.16855e+01 2.37220e+04
1.17374e+01 2.24318e+04
1.17892e+01 2.11610e+04
1.18411e+01 2.06804e+04
1.18929e+01 2.08288e+04
1.19446e+01 2.15323e+04
1.19964e+01 2.24012e+04
1.20481e+01 2.37349e+04
1.20998e+01 2.27010e+04
1.21515e+01 2.35854e+04
1.22032e+01 2.57459e+04
1.22548e+01 2.39478e+04
1.23064e+01 2.66063e+04
1.23580e+01 2.66077e+04
1.24096e+01 2.54967e+04
1.24612e+01 2.38564e+04
1.25127e+01 2.58125e+04
1.25642e+01 2.55069e+04
1.26157e+01 2.54125e+04
1.26671e+01 2.40953e+04
1.27186e+01 2.61916e+04
1.27700e+01 2.73847e+04
1.28214e+01 2.64692e+04
1.28727e+01 2.83468e+04
1.29241e+01 2.87729e+04
1.29754e+01 2.70829e+04
1.30267e+01 2.57184e+04
1.30780e+01 2.68661e+04
1.31293e+01 2.68289e+04
1.31805e+01 2.86567e+04
1.32317e+01 2.81331e+04
1.32829e+01 3.14733e+04
1.33340e+01 3.20443e+04
1.33852e+01 3.12008e+04
1.34363e+01 3.28971e+04
1.34874e+01 3.20204e+04
1.35385e+01 3.39976e+04
1.35895e+01 3.40299e+04
1.36406e+01 3.29917e+04
1.36916e+01 3.71134e+04
1.37426e+01 3.77786e+04
1.37935e+01 3.81585e+04
1.38445e+01 3.93662e+04
1.38954e+01 4.41664e+04
1.39463e+01 4.36000e+04
1.39971e+01 4.47592e+04
1.40480e+01 4.61415e+04
1.40988e+01 4.39495e+04
1.41496e+01 4.32725e+04
1.42004e+01 4.48169e+04
1.42512e+01 4.72758e+04
1.43019e+01 4.31564e+04
1.43526e+01 4.10954e+04
1.44033e+01 4.53303e+04
1.44540e+01 4.66487e+04
1.45046e+01 4.79593e+04
1.45552e+01 5.02350e+04
1.46058e+01 5.06056e+04
1.46564e+01 5.21771e+04
1.47070e+01 5.01769e+04
1.47575e+01 5.25578e+04
1.48080e+01 5.33934e+04
1.48585e+01 5.13304e+04
1.49090e+01 5.11552e+04
1.49594e+01 5.47654e+04
1.50098e+01 5.90257e+04
1.50602e+01 6.05794e+04
1.51106e+01 5.94733e+04
1.51610e+01 6.12936e+04
1.52113e+01 6.25587e+04
1.52616e+01 6.12461e+04
1.53119e+01 6.68820e+04
1.53621e+01 6.65583e+04
1.54124e+01 6.73893e+04
1.54626e+01 6.75493e+04
1.55128e+01 6.62407e+04
1.55630e+01 6.68653e+04
1.56131e+01 7.40009e+04
1.56632e+01 7.65245e+04
1.57133e+01 8.01634e+04
1.57634e+01 8.36224e+04
1.58135e+01 8.71071e+04
1.58635e+01 8.37005e+04
1.59135e+01 8.18990e+04
1.59635e+01 8.26404e+04
1.60135e+01 8.51219e+04
1.60634e+01 8.28979e+04
1.61133e+01 8.81635e+04
1.61632e+01 9.11508e+04
1.62131e+01 8.85958e+04
1.62630e+01 9.28281e+04
1.63128e+01 9.73314e+04
1.63626e+01 9.88546e+04
1.64124e+01 9.53382e+04
1.64622e+01 9.81165e+04
1.65119e+01 1.01868e+05
1.65616e+01 1.01459e+05
1.66113e+01 1.03244e+05
1.66610e+01 1.01896e+05
1.67107e+01 1.10418e+05
1.67603e+01 1.11892e+05
1.68099e+01 1.09683e+05
1.68595e+01 1.17986e+05
1.69090e+01 1.23019e+05
1.69586e+01 1.21421e+05
1.70081e+01 1.24285e+05
1.70576e+01 1.30684e+05
1.71070e+01 1.33669e+05
1.71565e+01 1.33410e+05
1.72059e+01 1.38926e+05
1.72553e+01 1.39192e+05
1.73047e+01 1.38700e+05
1.73541e+01 1.45251e+05
1.74034e+01 1.57151e+05
1.74527e+01 1.65144e+05
1.75020e+01 1.67974e+05
1.75513e+01 1.70321e+05
1.76005e+01 1.70556e+05
1.76497e+01 1.78156e+05
1.76989e+01 1.84232e+05
1.77481e+01 1.86485e+05
1.77973e+01 1.91748e+05
1.78464e+01 2.05086e+05
1.78955e+01 2.14941e+05
1.79446e+01 2.25367e+05
1.79937e+01 2.28090e+05
1.80427e+01 2.39956e+05
1.80917e+01 2.50327e+05
1.81407e+01 2.53871e+05
1.81897e+01 2.54385e+05
1.82386e+01 2.62212e+05
1.82876e+01 2.66192e+05
1.83365e+01 2.66400e+05
1.83853e+01 2.68718e+05
1.84342e+01 2.58619e+05
1.84830e+01 2.56238e+05
1.85319e+01 2.43815e+05
1.85807e+01 2.39973e+05
1.86294e+01 2.26074e+05
1.86782e+01 2.10102e+05
1.87269e+01 2.05195e+05
1.87756e+01 1.92807e+05
1.88243e+01 1.74568e+05
1.88729e+01 1.68694e+05
1.89216e+01 1.58447e+05
1.89702e+01 1.47334e+05
1.90188e+01 1.35787e+05
1.90673e+01 1.19454e+05
1.91159e+01 1.07377e+05
1.91644e+01 1.01149e+05
1.92129e+01 8.93157e+04
1.92614e+01 9.00582e+04
1.93098e+01 8.58600e+04
1.93583e+01 7.62250e+04
1.94067e+01 6.88267e+04
1.94551e+01 6.95010e+04
1.95034e+01 6.47544e+04
1.95518e+01 6.28983e+04
1.96001e+01 6.11288e+04
1.96484e+01 6.06314e+04
1.96966e+01 6.19688e+04
1.97449e+01 6.48896e+04
1.97931e+01 6.08247e+04
1.98413e+01 5.92650e+04
1.98895e+01 5.97275e+04
1.99377e+01 5.84376e+04
1.99858e+01 6.05340e+04
2.00339e+01 6.16097e+04
2.00820e+01 6.24180e+04
2.01301e+01 6.30147e+04
2.01781e+01 6.87335e+04
2.02261e+01 6.80847e+04
2.02741e+01 7.03259e+04
2.03221e+01 6.84683e+04
2.03701e+01 6.65725e+04
2.04180e+01 6.58722e+04
2.04659e+01 7.28774e+04
2.05138e+01 7.22647e+04
2.05617e+01 7.54627e+04
2.06095e+01 7.66091e+04
2.06573e+01 7.56287e+04
2.07051e+01 7.73114e+04
2.07529e+01 7.94801e+04
2.08007e+01 7.80602e+04
2.08484e+01 7.75494e+04
2.08961e+01 8.14731e+04
2.09438e+01 8.28450e+04
2.09915e+01 8.33930e+04
2.10391e+01 8.26245e+04
2.10867e+01 7.97116e+04
2.11343e+01 7.75170e+04
2.11819e+01 7.67651e+04
2.12294e+01 7.81059e+04
2.12770e+01 7.94883e+04
2.13245e+01 7.90883e+04
2.13719e+01 7.93634e+04
2.14194e+01 8.02243e+04
2.14668e+01 7.73045e+04
2.15143e+01 7.92084e+04
2.15616e+01 7.88758e+04
2.16090e+01 7.68673e+04
2.16564e+01 7.92347e+04
2.17037e+01 8.02072e+04
2.17510e+01 8.03830e+04
2.17983e+01 8.03196e+04
2.18455e+01 7.86417e+04
2.18927e+01 8.08652e+04
2.19400e+01 8.11780e+04
2.19871e+01 8.09559e+04
2.20343e+01 8.02071e+04
2.20815e+01 8.02623e+04
2.21286e+01 7.76639e+04
2.21757e+01 7.82708e+04
2.22227e+01 7.60028e+04
2.22698e+01 7.67971e+04
2.23168e+01 7.62633e+04
2.23638e+01 7.36459e+04
2.24108e+01 7.55137e+04
2.24578e+01 7.67505e+04
2.25047e+01 7.55347e+04
2.25516e+01 7.59959e+04
2.25985e+01 7.67250e+04
2.26454e+01 7.88983e+04
2.26922e+01 7.15960e+04
2.27391e+01 6.92115e+04
2.27859e+01 6.68269e+04
2.28327e+01 6.87427e+04
2.28794e+01 6.96209e+04
2.29262e+01 6.94694e+04
2.29729e+01 6.76362e+04
2.30196e+01 6.75598e+04
2.30662e+01 6.94600e+04
2.31129e+01 6.51034e+04
2.31595e+01 6.07042e+04
2.32061e+01 5.88388e+04
2.32527e+01 5.84755e+04
2.32992e+01 6.14726e+04
2.33458e+01 6.38228e+04
2.33923e+01 6.17294e+04
2.34388e+01 5.87938e+04
2.34852e+01 5.43465e+04
2.35317e+01 5.68928e+04
2.35781e+01 5.94046e+04
2.36245e+01 5.62291e+04
2.36709e+01 5.46650e+04
2.37172e+01 5.46184e+04
2.37635e+01 5.04694e+04
2.38098e+01 4.41292e+04
2.38561e+01 4.95291e+04
2.39024e+01 4.82253e+04
2.39486e+01 4.71247e+04
2.39948e+01 4.60952e+04
2.40410e+01 4.67549e+04
2.40872e+01 4.21997e+04
2.41333e+01 4.15217e+04
2.41795e+01 4.34454e+04
2.42256e+01 4.29273e+04
2.42717e+01 4.27920e+04
2.43177e+01 4.01419e+04
2.43637e+01 3.76014e+04
2.44098e+01 3.67683e+04
2.44558e+01 3.63536e+04
2.45017e+01 4.06399e+04
2.45477e+01 3.73137e+04
2.45936e+01 3.30665e+04
2.46395e+01 3.15757e+04
2.46854e+01 3.46840e+04
2.47312e+01 3.27615e+04
2.47770e+01 3.22092e+04
2.48229e+01 3.50614e+04
2.48686e+01 3.28571e+04
2.49144e+01 2.85667e+04
2.49601e+01 2.77702e+04
2.50059e+01 2.82705e+04
2.50516e+01 2.72381e+04
2.50972e+01 2.75325e+04
2.51429e+01 2.66743e+04
2.51885e+01 2.56597e+04
2.52341e+01 2.47096e+04
2.52797e+01 2.38111e+04
2.53253e+01 2.72319e+04
2.53708e+01 2.76412e+04
2.54163e+01 2.42791e+04
2.54618e+01 2.10278e+04
2.55073e+01 2.32128e+04
2.55527e+01 2.33269e+04
2.55982e+01 2.08931e+04
2.56436e+01 1.95271e+04
2.56889e+01 2.28363e+04
2.57343e+01 2.37067e+04
2.57796e+01 2.14931e+04
2.58249e+01 2.14838e+04
2.58702e+01 2.00945e+04
2.59155e+01 1.86893e+04
2.59607e+01 2.20033e+04
2.60060e+01 2.28479e+04
2.60512e+01 2.16611e+04
2.60963e+01 2.13911e+04
2.61415e+01 2.12898e+04
2.61866e+01 2.04738e+04
2.62317e+01 2.07654e+04
2.62768e+01 1.93285e+04
2.63219e+01 1.82383e+04
2.63669e+01 1.65103e+04
2.64119e+01 1.82244e+04
2.64569e+01 1.81938e+04
2.65019e+01 1.78867e+04
2.65469e+01 1.84177e+04
2.65918e+01 1.54077e+04
2.66367e+01 1.52649e+04
2.66816e+01 1.49188e+04
2.67264e+01 1.69523e+04
2.67713e+01 1.52855e+04
2.68161e+01 1.58564e+04
2.68609e+01 1.57721e+04
2.69056e+01 1.72942e+04
2.69504e+01 1.63595e+04
2.69951e+01 1.60270e+04
2.70398e+01 1.58701e+04
2.70845e+01 1.56227e+04
2.71291e+01 1.62739e+04
2.71738e+01 1.64364e+04
2.72184e+01 1.64457e+04
2.72630e+01 1.44077e+04
2.73075e+01 1.34760e+04
2.73521e+01 1.28226e+04
2.73966e+01 1.19759e+04
2.74411e+01 1.22153e+04
2.74856e+01 1.42476e+04
2.75300e+01 1.53535e+04
2.75745e+01 1.49776e+04
2.76189e+01 1.36804e+04
2.76633e+01 1.32452e+04
2.77076e+01 1.32416e+04
2.77520e+01 1.21567e+04
2.77963e+01 1.19005e+04
2.78406e+01 1.30749e+04
2.78848e+01 1.17893e+04
2.79291e+01 1.51515e+04
2.79733e+01 1.63951e+04
2.80175e+01 1.50025e+04
2.80617e+01 1.19922e+04
2.81059e+01 1.15200e+04
2.81500e+01 1.10590e+04
2.81941e+01 1.09486e+04
2.82382e+01 1.31943e+04
2.82823e+01 1.27904e+04
2.83263e+01 1.13349e+04
2.83703e+01 1.08421e+04
2.84144e+01 1.28238e+04
2.84583e+01 1.32801e+04
2.85023e+01 1.26692e+04
2.85462e+01 1.22990e+04
2.85901e+01 1.15399e+04
2.86340e+01 1.27826e+04
2.86779e+01 1.18602e+04
2.87217e+01 1.06445e+04
2.87655e+01 1.20758e+04
2.88093e+01 1.15747e+04
2.88531e+01 1.22813e+04
2.88969e+01 1.19373e+04
2.89406e+01 1.14608e+04
2.89843e+01 8.89850e+03
2.90280e+01 9.67140e+03
2.90717e+01 1.17297e+04
2.91153e+01 1.29244e+04
2.91589e+01 1.27435e+04
2.92025e+01 1.16834e+04
2.92461e+01 1.18354e+04
2.92896e+01 1.19991e+04
2.93331e+01 1.07337e+04
2.93767e+01 1.09078e+04
2.94201e+01 1.11046e+04
2.94636e+01 9.86620e+03
2.95070e+01 9.20610e+03
2.95504e+01 9.19310e+03
2.95938e+01 1.09694e+04
2.96372e+01 9.93850e+03
2.96805e+01 9.95090e+03
2.97239e+01 1.01285e+04
2.97672e+01 1.10765e+04
2.98104e+01 1.30523e+04
2.98537e+01 1.29150e+04
2.98969e+01 1.38145e+04
2.99401e+01 1.38796e+04
2.99833e+01 9.97320e+03
3.00265e+01 1.00269e+04
3.00696e+01 1.16339e+04
3.01128e+01 1.18854e+04
3.01559e+01 1.14656e+04
3.01989e+01 1.13570e+04
3.02420e+01 1.25186e+04
3.02850e+01 1.16963e+04
3.03280e+01 1.22190e+04
3.03710e+01 1.08137e+04
3.04140e+01 1.12048e+04
3.04569e+01 1.03496e+04
3.04998e+01 9.64570e+03
3.05427e+01 1.15289e+04
3.05856e+01 1.15990e+04
3.06284e+01 1.19987e+04
3.06713e+01 1.10015e+04
3.07141e+01 1.08642e+04
3.07568e+01 1.03128e+04
3.07996e+01 1.13581e+04
3.08423e+01 1.02877e+04
3.08850e+01 1.13195e+04
3.09277e+01 1.03098e+04
3.09704e+01 1.01114e+04
3.10130e+01 9.89730e+03
3.10557e+01 1.10370e+04
3.10983e+01 1.05924e+04
3.11408e+01 1.12991e+04
3.11834e+01 1.07527e+04
3.12259e+01 1.11136e+04
3.12684e+01 1.11465e+04
3.13109e+01 9.78730e+03
3.13534e+01 1.01617e+04
3.13958e+01 1.01343e+04
3.14383e+01 1.06243e+04
3.14806e+01 1.06484e+04
3.15230e+01 9.68090e+03
3.15654e+01 9.90260e+03
3.16077e+01 1.03506e+04
3.16500e+01 9.86210e+03
3.16923e+01 1.03849e+04
3.17346e+01 1.07843e+04
3.17768e+01 1.09998e+04
3.18190e+01 9.67900e+03
3.18612e+01 9.22300e+03
3.19034e+01 9.90020e+03
3.19455e+01 9.96040e+03
3.19876e+01 1.12729e+04
3.20297e+01 1.00820e+04
3.20718e+01 9.69240e+03
3.21139e+01 9.92310e+03
3.21559e+01 9.90880e+03
3.21979e+01 1.05522e+04
3.22399e+01 9.83790e+03
3.22819e+01 9.06100e+03
3.23238e+01 9.07960e+03
3.23657e+01 1.10803e+04
3.24076e+01 9.72510e+03
3.24495e+01 1.12887e+04
3.24914e+01 1.05075e+04
3.25332e+01 1.04857e+04
3.25750e+01 1.00027e+04
3.26168e+01 1.03974e+04
3.26586e+01 9.84810e+03
3.27003e+01 1.09072e+04
3.27420e+01 1.19462e+04
3.27837e+01 1.12725e+04
3.28254e+01 1.19713e+04
3.28670e+01 1.01243e+04
3.29087e+01 9.47920e+03
3.29503e+01 1.05669e+04
3.29919e+01 9.22760e+03
3.30334e+01 1.01939e+04
3.30750e+01 9.84040e+03
3.31165e+01 1.00665e+04
3.31580e+01 1.04960e+04
3.31994e+01 9.64850e+03
3.32409e+01 9.56090e+03
3.32823e+01 8.52420e+03
3.33237e+01 1.02152e+04
3.33651e+01 9.52270e+03
3.34064e+01 9.82730e+03
3.34478e+01 8.62720e+03
3.34891e+01 8.36470e+03
3.35304e+01 1.00432e+04
3.35716e+01 1.04754e+04
3.36129e+01 1.09183e+04
3.36541e+01 1.10522e+04
3.36953e+01 9.23970e+03
3.37365e+01 8.22030e+03
3.37776e+01 8.37890e+03
3.38188e+01 9.91970e+03
3.38599e+01 1.04149e+04
3.39010e+01 1.02012e+04
3.39420e+01 9.59530e+03
3.39831e+01 9.87100e+03
3.40241e+01 9.22190e+03
3.40651e+01 8.95270e+03
3.41060e+01 9.29340e+03
3.41470e+01 9.60620e+03
3.41879e+01 8.73190e+03
3.42288e+01 9.72460e+03
3.42697e+01 9.39010e+03
3.43106e+01 9.45660e+03
3.43514e+01 9.70110e+03
3.43922e+01 9.54820e+03
3.44330e+01 1.00768e+04
3.44738e+01 9.96880e+03
3.45145e+01 1.09281e+04
3.45553e+01 1.06508e+04
3.45960e+01 1.11680e+04
3.46366e+01 1.19754e+04
3.46773e+01 1.21572e+04
3.47179e+01 1.20078e+04
3.47585e+01 1.24530e+04
3.47991e+01 1.22353e+04
3.48397e+01 1.26362e+04
3.48802e+01 1.23063e+04
3.49207e+01 1.20955e+04
3.49612e+01 1.26729e+04
3.50017e+01 1.17239e+04
3.50422e+01 1.00382e+04
3.50826e+01 1.15152e+04
3.51230e+01 1.28790e+04
3.51634e+01 1.46262e+04
3.52038e+01 1.35065e+04
3.52441e+01 1.27380e+04
3.52844e+01 1.21888e+04
3.53247e+01 1.18790e+04
3.53650e+01 1.35696e+04
3.54052e+01 1.43138e+04
3.54455e+01 1.41181e+04
3.54857e+01 1.30008e+04
3.55258e+01 1.44191e+04
3.55660e+01 1.41897e+04
3.56061e+01 1.40677e+04
3.56463e+01 1.39970e+04
3.56863e+01 1.30863e+04
3.57264e+01 1.34104e+04
3.57665e+01 1.60856e+04
3.58065e+01 1.46074e+04
3.58465e+01 1.47106e+04
3.58865e+01 1.50536e+04
3.59264e+01 1.28505e+04
3.59663e+01 1.34155e+04
3.60063e+01 1.38189e+04
3.60461e+01 1.35269e+04
3.60860e+01 1.43371e+04
3.61259e+01 1.26764e+04
3.61657e+01 1.11963e+04
3.62055e+01 1.22983e+04
3.62452e+01 1.23191e+04
3.62850e+01 1.31070e+04
3.63247e+01 1.34985e+04
3.63644e+01 1.37496e+04
3.64041e+01 1.30406e+04
3.64438e+01 1.37094e+04
3.64834e+01 1.38691e+04
3.65230e+01 1.30031e+04
3.65626e+01 1.26992e+04
3.66022e+01 1.37650e+04
3.66417e+01 1.25090e+04
3.66813e+01 1.11289e+04
3.67208e+01 1.26396e+04
3.67603e+01 1.40471e+04
3.67997e+01 1.31733e+04
3.68391e+01 1.09891e+04
3.68786e+01 1.20804e+04
3.69180e+01 1.29784e+04
3.69573e+01 1.30966e+04
3.69967e+01 1.21888e+04
3.70360e+01 1.12279e+04
3.70753e+01 1.20739e+04
3.71146e+01 1.26541e+04
3.71538e+01 1.05617e+04
3.71931e+01 1.31380e+04
3.72323e+01 1.41458e+04
3.72714e+01 1.20664e+04
3.73106e+01 1.02680e+04
3.73498e+01 1.02522e+04
3.73889e+01 1.11122e+04
3.74280e+01 1.18045e+04
3.74670e+01 1.21614e+04
3.75061e+01 1.16351e+04
3.75451e+01 1.27370e+04
3.75841e+01 1.22221e+04
3.76231e+01 1.27650e+04
3.76621e+01 1.19231e+04
3.77010e+01 1.22360e+04
3.77399e+01 1.25233e+04
3.77788e+01 1.30072e+04
3.78177e+01 1.16375e+04
3.78565e+01 1.11938e+04
3.78954e+01 1.19786e+04
3.79342e+01 1.26940e+04
3.79729e+01 1.33540e+04
3.80117e+01 1.33650e+04
3.80504e+01 1.18373e+04
3.80892e+01 1.13072e+04
3.81278e+01 1.26858e+04
3.81665e+01 1.31514e+04
3.82052e+01 1.09438e+04
3.82438e+01 1.18769e+04
3.82824e+01 1.20893e+04
3.83209e+01 1.26274e+04
3.83595e+01 1.11946e+04
3.83980e+01 9.83260e+03
3.84365e+01 1.03168e+04
3.84750e+01 1.13718e+04
3.85135e+01 1.04839e+04
3.85519e+01 9.73840e+03
3.85904e+01 9.16250e+03
3.86287e+01 9.43140e+03
3.86671e+01 9.98940e+03
3.87055e+01 1.14012e+04
3.87438e+01 1.24397e+04
3.87821e+01 1.21096e+04
3.88204e+01 1.20293e+04
3.88586e+01 1.01805e+04
3.88969e+01 1.00461e+04
3.89351e+01 1.03631e+04
3.89733e+01 1.10953e+04
3.90115e+01 1.27290e+04
3.90496e+01 1.16372e+04
3.90877e+01 1.06631e+04
3.91258e+01 1.13731e+04
3.91639e+01 1.11331e+04
3.92020e+01 1.12406e+04
3.92400e+01 1.05197e+04
3.92780e+01 1.03950e+04
3.93160e+01 1.10198e+04
3.93540e+01 1.07739e+04
3.93919e+01 1.13007e+04
3.94298e+01 1.11035e+04
3.94677e+01 9.96200e+03
3.95056e+01 1.09938e+04
3.95435e+01 9.34570e+03
3.95813e+01 1.03715e+04
3.96191e+01 1.13102e+04
3.96569e+01 1.05317e+04
3.96947e+01 1.01563e+04
3.97324e+01 1.01246e+04
3.97701e+01 1.04278e+04
3.98078e+01 1.09328e+04
3.98455e+01 9.69450e+03
3.98831e+01 9.69940e+03
3.99208e+01 9.69520e+03
3.99584e+01 9.86150e+03
3.99959e+01 9.58200e+03
4.00335e+01 1.00385e+04
4.00710e+01 1.09499e+04
4.01086e+01 9.76340e+03
4.01460e+01 1.08264e+04
4.01835e+01 9.71030e+03
4.02210e+01 1.06516e+04
4.02584e+01 9.54110e+03
4.02958e+01 9.42580e+03
4.03332e+01 9.21140e+03
4.03705e+01 9.21070e+03
4.04079e+01 9.00500e+03
4.04452e+01 9.26280e+03
4.04825e+01 8.52510e+03
4.05197e+01 7.97500e+03
4.05570e+01 1.04365e+04
4.05942e+01 1.16094e+04
4.06314e+01 9.29850e+03
4.06686e+01 9.04850e+03
4.07057e+01 1.04037e+04
4.07428e+01 1.09803e+04
4.07800e+01 8.27460e+03
4.08170e+01 1.00149e+04
4.08541e+01 9.33630e+03
4.08911e+01 1.05772e+04
4.09282e+01 1.04042e+04
4.09652e+01 1.08193e+04
4.10021e+01 1.09240e+04
4.10391e+01 9.91950e+03
4.10760e+01 9.25660e+03
4.11129e+01 1.09806e+04
4.11498e+01 9.73270e+03
4.11866e+01 9.59320e+03
4.12235e+01 9.69940e+03
4.12603e+01 9.40150e+03
4.12971e+01 1.01338e+04
4.13339e+01 9.89460e+03
4.13706e+01 9.12760e+03
4.14073e+01 9.57420e+03
4.14440e+01 8.83760e+03
4.14807e+01 8.71020e+03
4.15174e+01 8.89340e+03
4.15540e+01 9.03120e+03
4.15906e+01 9.74520e+03
4.16272e+01 9.19170e+03
4.16638e+01 1.03236e+04
4.17003e+01 1.10033e+04
4.17368e+01 9.75660e+03
4.17733e+01 9.51310e+03
4.18098e+01 1.01267e+04
4.18462e+01 9.83360e+03
4.18827e+01 9.67870e+03
4.19191e+01 9.54490e+03
4.19555e+01 1.04102e+04
4.19918e+01 9.17930e+03
4.20282e+01 1.03631e+04
4.20645e+01 1.02936e+04
4.21008e+01 9.55630e+03
4.21370e+01 8.89180e+03
4.21733e+01 1.04274e+04
4.22095e+01 1.05863e+04
4.22457e+01 1.10262e+04
4.22819e+01 8.98490e+03
4.23181e+01 8.47560e+03
4.23542e+01 9.05300e+03
4.23903e+01 1.00330e+04
4.24264e+01 9.90450e+03
4.24625e+01 1.12664e+04
4.24985e+01 1.09598e+04
4.25345e+01 8.86600e+03
4.25705e+01 8.33140e+03
4.26065e+01 8.96050e+03
4.26425e+01 1.14891e+04
4.26784e+01 9.19180e+03
4.27143e+01 8.65540e+03
4.27502e+01 1.18812e+04
4.27861e+01 1.12754e+04
4.28219e+01 1.10642e+04
4.28577e+01 1.23938e+04
4.28935e+01 1.25842e+04
4.29293e+01 1.20791e+04
4.29650e+01 1.08070e+04
4.30008e+01 1.06932e+04
4.30365e+01 1.09128e+04
4.30722e+01 1.15676e+04
4.31078e+01 1.18676e+04
4.31435e+01 1.03320e+04
4.31791e+01 9.72660e+03
4.32147e+01 9.86000e+03
4.32502e+01 8.79090e+03
4.32858e+01 9.18190e+03
4.33213e+01 9.12280e+03
4.33568e+01 9.99800e+03
4.33923e+01 1.02209e+04
4.34278e+01 1.02543e+04
4.34632e+01 9.06730e+03
4.34986e+01 1.02264e+04
4.35340e+01 8.98700e+03
4.35694e+01 8.86730e+03
4.36047e+01 9.26220e+03
4.36400e+01 1.04981e+04
4.36753e+01 8.57300e+03
4.37106e+01 8.94430e+03
4.37459e+01 9.07690e+03
4.37811e+01 9.43980e+03
4.38163e+01 9.05430e+03
4.38515e+01 7.81820e+03
4.38867e+01 8.02640e+03
4.39218e+01 8.95360e+03
4.39569e+01 9.21790e+03
4.39920e+01 8.40210e+03
4.40271e+01 8.51250e+03
4.40621e+01 7.63660e+03
4.40972e+01 8.11030e+03
4.41322e+01 7.94990e+03
4.41671e+01 8.20200e+03
4.42021e+01 9.79500e+03
4.42370e+01 1.06099e+04
4.42720e+01 8.75550e+03
4.43069e+01 8.75160e+03
4.43417e+01 8.98850e+03
4.43766e+01 8.49630e+03
4.44114e+01 8.16150e+03
4.44462e+01 8.18440e+03
4.44810e+01 9.55180e+03
4.45157e+01 8.57640e+03
4.45505e+01 8.48410e+03
4.45852e+01 7.48130e+03
4.46199e+01 7.56970e+03
4.46545e+01 8.10600e+03
4.46892e+01 9.03710e+03
4.47238e+01 7.78340e+03
4.47584e+01 7.82640e+03
4.47930e+01 8.40840e+03
4.48275e+01 6.55210e+03
4.48621e+01 6.47560e+03
4.48966e+01 6.74380e+03
4.49311e+01 8.33050e+03
4.49655e+01 9.41820e+03
4.50000e+01 7.48540e+03
4.50344e+01 6.60540e+03
4.50688e+01 7.67300e+03
4.51031e+01 9.82330e+03
4.51375e+01 8.98580e+03
4.51718e+01 8.15350e+03
4.52061e+01 7.76540e+03
4.52404e+01 8.35830e+03
4.52747e+01 8.14760e+03
4.53089e+01 7.35920e+03
4.53431e+01 6.92460e+03
4.53773e+01 8.83930e+03
4.54115e+01 8.29360e+03
4.54456e+01 8.29770e+03
4.54798e+01 7.48850e+03
4.55139e+01 8.03670e+03
4.55479e+01 7.75110e+03
4.55820e+01 8.01310e+03
4.56160e+01 7.74930e+03
4.56500e+01 7.74560e+03
4.56840e+01 7.34980e+03
4.57180e+01 6.68540e+03
4.57519e+01 7.78210e+03
4.57859e+01 7.87010e+03
4.58198e+01 7.11650e+03
4.58536e+01 6.81520e+03
4.58875e+01 7.16920e+03
4.59213e+01 7.59890e+03
4.59551e+01 6.94090e+03
4.59889e+01 7.58040e+03
4.60227e+01 8.34730e+03
4.60564e+01 7.67410e+03
4.60901e+01 7.43200e+03
4.61238e+01 7.15710e+03
4.61575e+01 7.95780e+03
4.61911e+01 8.32340e+03
4.62248e+01 8.68060e+03
4.62584e+01 8.50020e+03
4.62920e+01 7.88730e+03
4.63255e+01 7.90280e+03
4.63591e+01 6.99070e+03
4.63926e+01 7.16210e+03
4.64261e+01 7.15280e+03
4.64595e+01 6.74520e+03
4.64930e+01 6.87260e+03
4.65264e+01 7.21570e+03
4.65598e+01 7.39690e+03
4.65932e+01 6.07470e+03
4.66265e+01 7.41170e+03
4.66599e+01 7.75750e+03
4.66932e+01 8.18050e+03
4.67265e+01 7.13880e+03
4.67597e+01 7.62240e+03
4.67930e+01 7.83040e+03
4.68262e+01 8.63190e+03
4.68594e+01 7.77250e+03
4.68926e+01 7.99580e+03
4.69257e+01 8.91680e+03
4.69588e+01 8.09740e+03
4.69920e+01 8.23990e+03
4.70250e+01 7.53770e+03
4.70581e+01 7.05840e+03
4.70911e+01 7.05000e+03
4.71242e+01 7.86050e+03
4.71572e+01 7.56740e+03
4.71901e+01 7.19630e+03
4.72231e+01 8.04340e+03
4.72560e+01 7.83550e+03
4.72889e+01 8.27980e+03
4.73218e+01 8.29630e+03
4.73546e+01 8.01650e+03
4.73875e+01 6.56300e+03
4.74203e+01 6.77400e+03
4.74531e+01 7.53050e+03
4.74858e+01 7.68490e+03
4.75186e+01 7.33460e+03
4.75513e+01 7.15750e+03
4.75840e+01 6.93710e+03
4.76167e+01 6.83160e+03
4.76494e+01 7.25320e+03
4.76820e+01 7.94080e+03
4.77146e+01 7.51970e+03
4.77472e+01 7.01330e+03
4.77797e+01 7.55900e+03
4.78123e+01 7.88080e+03
4.78448e+01 9.02760e+03
4.78773e+01 7.01140e+03
4.79098e+01 7.22310e+03
4.79422e+01 8.44990e+03
4.79747e+01 8.49940e+03
4.80071e+01 8.23180e+03
4.80394e+01 8.20910e+03
4.80718e+01 6.98370e+03
4.81041e+01 6.99870e+03
4.81365e+01 7.40490e+03
4.81688e+01 7.09520e+03
4.82010e+01 7.95110e+03
4.82333e+01 7.66190e+03
4.82655e+01 6.78850e+03
4.82977e+01 6.23000e+03
4.83299e+01 6.74810e+03
4.83620e+01 7.42370e+03
4.83942e+01 8.12500e+03
4.84263e+01 7.29470e+03
4.84584e+01 7.67580e+03
4.84905e+01 7.91900e+03
4.85225e+01 8.35560e+03
4.85545e+01 7.51670e+03
4.85865e+01 7.33730e+03
4.86185e+01 7.29780e+03
4.86504e+01 6.55490e+03
4.86824e+01 6.73110e+03
4.87143e+01 7.80680e+03
4.87462e+01 6.74580e+03
4.87780e+01 7.62640e+03
4.88099e+01 7.42580e+03
4.88417e+01 7.49350e+03
4.88735e+01 6.67100e+03
4.89053e+01 7.07770e+03
4.89370e+01 7.87270e+03
4.89688e+01 6.76120e+03
4.90005e+01 6.86960e+03
4.90321e+01 7.55210e+03
4.90638e+01 7.88680e+03
4.90954e+01 7.09650e+03
4.91271e+01 7.38330e+03
4.91586e+01 8.15420e+03
4.91902e+01 8.05520e+03
4.92218e+01 7.40290e+03
4.92533e+01 7.87550e+03
4.92848e+01 8.01230e+03
4.93163e+01 9.17670e+03
4.93477e+01 7.65710e+03
4.93792e+01 8.07560e+03
4.94106e+01 8.50470e+03
4.94420e+01 7.03810e+03
4.94733e+01 6.82720e+03
4.95047e+01 6.77910e+03
4.95360e+01 7.00370e+03
4.95673e+01 6.47160e+03
4.95986e+01 6.53990e+03
4.96298e+01 6.94310e+03
4.96611e+01 6.95290e+03
4.96923e+01 8.12440e+03
4.97235e+01 8.33740e+03
4.97546e+01 7.06020e+03
4.97858e+01 6.16180e+03
4.98169e+01 5.67660e+03
4.98480e+01 6.61420e+03
4.98790e+01 7.79140e+03
4.99101e+01 6.93110e+03
4.99411e+01 6.71450e+03
4.99721e+01 6.73090e+03
5.00031e+01 6.79780e+03
5.00341e+01 7.76490e+03
5.00650e+01 8.28010e+03
5.00959e+01 7.27890e+03
5.01268e+01 8.30650e+03
5.01577e+01 8.15180e+03
5.01885e+01 6.20840e+03
5.02194e+01 6.34770e+03
5.02502e+01 7.47050e+03
5.02809e+01 6.19820e+03
5.03117e+01 6.80690e+03
5.03424e+01 6.20010e+03
5.03731e+01 7.53830e+03
5.04038e+01 7.67330e+03
5.04345e+01 7.79760e+03
5.04651e+01 6.94570e+03
5.04958e+01 6.58230e+03
5.05264e+01 7.09250e+03
5.05569e+01 6.79320e+03
5.05875e+01 6.64050e+03
5.06180e+01 6.75180e+03
5.06485e+01 7.50150e+03
5.06790e+01 7.22000e+03
5.07095e+01 7.55050e+03
5.07399e+01 7.07070e+03
5.07703e+01 6.58700e+03
5.08007e+01 7.30800e+03
5.08311e+01 6.72470e+03
5.08614e+01 6.63550e+03
5.08918e+01 7.86960e+03
5.09221e+01 6.30560e+03
5.09524e+01 5.52640e+03
5.09826e+01 6.31600e+03
5.10129e+01 6.10570e+03
5.10431e+01 6.16710e+03
5.10733e+01 6.17940e+03
5.11034e+01 7.17550e+03
5.11336e+01 6.80620e+03
5.11637e+01 7.05740e+03
5.11938e+01 6.86460e+03
5.12239e+01 7.27320e+03
5.12539e+01 8.26450e+03
5.12840e+01 8.95220e+03
5.13140e+01 7.99600e+03
5.13440e+01 6.71530e+03
5.13739e+01 6.10580e+03
5.14039e+01 6.52180e+03
5.14338e+01 6.82710e+03
5.14637e+01 5.96470e+03
5.14936e+01 6.39730e+03
5.15234e+01 7.18360e+03
5.15533e+01 7.64160e+03
5.15831e+01 6.63120e+03
5.16128e+01 6.36520e+03
5.16426e+01 7.31960e+03
5.16724e+01 6.85680e+03
5.17021e+01 7.30440e+03
5.17318e+01 7.04550e+03
5.17614e+01 7.83520e+03
5.17911e+01 7.38930e+03
5.18207e+01 7.28990e+03
5.18503e+01 8.18450e+03
5.18799e+01 7.21700e+03
5.19095e+01 7.82480e+03
5.19390e+01 7.49140e+03
5.19685e+01 7.74220e+03
5.19980e+01 7.64950e+03
5.20275e+01 7.80760e+03
5.20569e+01 7.88470e+03
5.20863e+01 7.27830e+03
5.21157e+01 7.36590e+03
5.21451e+01 7.67530e+03
5.21745e+01 7.39240e+03
5.22038e+01 6.88280e+03
5.22331e+01 7.01910e+03
5.22624e+01 6.26780e+03
5.22917e+01 5.74520e+03
5.23209e+01 6.90740e+03
5.23501e+01 7.40140e+03
5.23793e+01 7.45960e+03
5.24085e+01 7.15520e+03
5.24376e+01 7.64560e+03
5.24668e+01 7.55300e+03
5.24959e+01 7.21150e+03
5.25250e+01 7.18940e+03
5.25540e+01 7.31970e+03
5.25831e+01 6.67390e+03
5.26121e+01 6.58530e+03
5.26411e+01 6.68610e+03
5.26700e+01 7.54040e+03
5.26990e+01 7.81220e+03
5.27279e+01 9.07330e+03
5.27568e+01 7.82530e+03
5.27857e+01 6.98570e+03
5.28146e+01 7.17050e+03
5.28434e+01 6.68010e+03
5.28722e+01 5.75080e+03
5.29010e+01 5.86400e+03
5.29298e+01 6.46100e+03
5.29585e+01 6.44730e+03
5.29872e+01 6.62780e+03
5.30159e+01 7.30250e+03
5.30446e+01 8.00750e+03
5.30733e+01 7.50180e+03
5.31019e+01 7.88030e+03
5.31305e+01 8.34260e+03
5.31591e+01 6.89480e+03
5.31877e+01 8.54680e+03
5.32162e+01 7.80670e+03
5.32447e+01 7.16260e+03
5.32732e+01 6.98260e+03
5.33017e+01 6.26260e+03
5.33301e+01 7.17780e+03
5.33586e+01 7.27870e+03
5.33870e+01 8.30510e+03
5.34154e+01 7.84920e+03
5.34437e+01 7.17410e+03
5.34721e+01 7.26230e+03
5.35004e+01 7.37080e+03
5.35287e+01 5.82890e+03
5.35569e+01 6.29530e+03
5.35852e+01 6.20520e+03
5.36134e+01 6.03210e+03
5.36416e+01 7.30940e+03
5.36698e+01 6.16020e+03
5.36980e+01 7.42590e+03
5.37261e+01 7.62390e+03
5.37542e+01 7.51070e+03
5.37823e+01 7.85330e+03
5.38104e+01 8.16030e+03
5.38384e+01 7.56020e+03
5.38664e+01 6.52710e+03
5.38944e+01 7.27960e+03
5.39224e+01 7.27170e+03
5.39504e+01 7.50090e+03
5.39783e+01 7.68930e+03
5.40062e+01 7.91640e+03
5.40341e+01 7.78200e+03
5.40619e+01 6.92820e+03
5.40898e+01 7.05760e+03
5.41176e+01 7.56870e+03
5.41454e+01 7.08610e+03
5.41732e+01 7.77600e+03
5.42009e+01 7.34130e+03
5.42287e+01 6.32800e+03
5.42564e+01 6.61570e+03
5.42840e+01 7.62300e+03
5.43117e+01 6.70350e+03
5.43393e+01 5.70860e+03
5.43670e+01 6.28730e+03
5.43945e+01 6.75280e+03
5.44221e+01 6.32320e+03
5.44497e+01 6.93210e+03
5.44772e+01 7.49600e+03
5.45047e+01 7.84950e+03
5.45322e+01 7.13410e+03
5.45596e+01 7.00330e+03
5.45871e+01 6.21460e+03
5.46145e+01 5.94760e+03
5.46419e+01 4.69880e+03
5.46692e+01 6.89940e+03
5.46966e+01 7.72030e+03
5.47239e+01 7.02520e+03
5.47512e+01 6.64100e+03
5.47785e+01 7.28450e+03
5.48057e+01 7.23410e+03
5.48330e+01 6.81990e+03
5.48602e+01 7.27400e+03
5.48873e+01 7.61560e+03
5.49145e+01 7.65570e+03
5.49417e+01 7.04200e+03
5.49688e+01 6.50660e+03
5.49959e+01 7.78150e+03
5.50229e+01 8.08550e+03
5.50500e+01 7.89620e+03
5.50770e+01 8.42890e+03
5.51040e+01 7.16500e+03
5.51310e+01 6.85070e+03
5.51580e+01 7.85890e+03
5.51849e+01 8.63420e+03
5.52118e+01 7.03350e+03
5.52387e+01 7.61800e+03
5.52656e+01 8.23780e+03
5.52924e+01 8.52380e+03
5.53192e+01 8.56150e+03
5.53460e+01 8.05670e+03
5.53728e+01 7.97460e+03
5.53996e+01 7.95670e+03
5.54263e+01 6.79360e+03
5.54530e+01 8.38440e+03
5.54797e+01 8.01070e+03
5.55064e+01 8.12330e+03
5.55330e+01 8.58790e+03
5.55596e+01 8.31480e+03
5.55862e+01 8.67910e+03
5.56128e+01 8.91270e+03
5.56394e+01 6.94320e+03
5.56659e+01 8.13220e+03
5.56924e+01 8.35240e+03
5.57189e+01 8.04740e+03
5.57454e+01 8.36740e+03
5.57718e+01 1.01128e+04
5.57982e+01 1.06637e+04
5.58246e+01 9.72910e+03
5.58510e+01 7.53330e+03
5.58773e+01 8.77360e+03
5.59037e+01 9.84510e+03
5.59300e+01 8.11210e+03
5.59562e+01 8.39620e+03
5.59825e+01 8.23450e+03
5.60087e+01 8.03460e+03
5.60349e+01 8.04130e+03
5.60611e+01 8.63170e+03
5.60873e+01 8.31700e+03
5.61135e+01 9.18580e+03
5.61396e+01 8.19930e+03
5.61657e+01 7.79530e+03
5.61918e+01 6.53760e+03
5.62178e+01 6.26500e+03
5.62438e+01 5.88530e+03
5.62699e+01 4.63600e+03
5.62958e+01 4.50970e+03
5.63218e+01 3.27180e+03
5.63478e+01 1.99220e+03
5.63737e+01 1.40470e+03
5.63996e+01 6.75100e+02
