# La4Ni3O8 Ni L2 edge RIXS
# T = 120 K
# RIXS resolution ~ 0.4 eV
# Horizontal scattering geometry, theta = 15 degrees, 2theta = 95 degrees
# SEXTANTS beamline, SOLEIL synchrotron
# Energy loss 	 Intensity
-4.80330e+01 2.67000e+02
-4.79535e+01 1.15230e+03
-4.78740e+01 1.84030e+03
-4.77945e+01 1.98380e+03
-4.77150e+01 3.24290e+03
-4.76355e+01 4.08350e+03
-4.75561e+01 5.82390e+03
-4.74767e+01 6.47200e+03
-4.73973e+01 7.12890e+03
-4.73179e+01 6.57580e+03
-4.72386e+01 7.70810e+03
-4.71593e+01 7.06360e+03
-4.70800e+01 7.94930e+03
-4.70007e+01 8.32200e+03
-4.69215e+01 8.59880e+03
-4.68423e+01 8.11290e+03
-4.67631e+01 9.50660e+03
-4.66839e+01 8.32810e+03
-4.66048e+01 8.43990e+03
-4.65257e+01 8.96000e+03
-4.64466e+01 8.41950e+03
-4.63675e+01 7.54930e+03
-4.62885e+01 8.51580e+03
-4.62095e+01 8.06110e+03
-4.61305e+01 8.43500e+03
-4.60515e+01 9.21520e+03
-4.59726e+01 9.04790e+03
-4.58937e+01 8.32960e+03
-4.58148e+01 7.80790e+03
-4.57359e+01 8.43170e+03
-4.56571e+01 8.33320e+03
-4.55782e+01 8.66590e+03
-4.54994e+01 8.91570e+03
-4.54207e+01 8.99470e+03
-4.53419e+01 8.37000e+03
-4.52632e+01 8.10240e+03
-4.51845e+01 7.13940e+03
-4.51058e+01 8.32780e+03
-4.50272e+01 7.86480e+03
-4.49486e+01 6.73380e+03
-4.48700e+01 6.88040e+03
-4.47914e+01 7.27200e+03
-4.47128e+01 7.85190e+03
-4.46343e+01 7.84180e+03
-4.45558e+01 7.30420e+03
-4.44773e+01 8.48830e+03
-4.43989e+01 8.25410e+03
-4.43205e+01 8.46920e+03
-4.42421e+01 8.10730e+03
-4.41637e+01 8.55750e+03
-4.40853e+01 8.02010e+03
-4.40070e+01 7.25950e+03
-4.39287e+01 8.06220e+03
-4.38504e+01 7.71950e+03
-4.37722e+01 7.21290e+03
-4.36939e+01 7.87180e+03
-4.36157e+01 7.92260e+03
-4.35376e+01 7.17190e+03
-4.34594e+01 7.62860e+03
-4.33813e+01 7.17090e+03
-4.33032e+01 7.65970e+03
-4.32251e+01 7.79020e+03
-4.31470e+01 7.96870e+03
-4.30690e+01 8.05660e+03
-4.29910e+01 8.99780e+03
-4.29130e+01 7.95210e+03
-4.28350e+01 7.83630e+03
-4.27571e+01 7.58520e+03
-4.26792e+01 8.83680e+03
-4.26013e+01 8.27120e+03
-4.25234e+01 7.89610e+03
-4.24456e+01 8.43640e+03
-4.23678e+01 9.51610e+03
-4.22900e+01 8.26320e+03
-4.22122e+01 7.89630e+03
-4.21345e+01 7.86950e+03
-4.20568e+01 7.62670e+03
-4.19791e+01 7.61040e+03
-4.19014e+01 7.63330e+03
-4.18238e+01 7.60730e+03
-4.17462e+01 7.17030e+03
-4.16686e+01 7.00870e+03
-4.15910e+01 8.22660e+03
-4.15135e+01 6.96710e+03
-4.14359e+01 6.99250e+03
-4.13584e+01 8.33200e+03
-4.12810e+01 7.62510e+03
-4.12035e+01 7.84520e+03
-4.11261e+01 8.11920e+03
-4.10487e+01 6.77460e+03
-4.09713e+01 7.37120e+03
-4.08940e+01 7.74520e+03
-4.08167e+01 7.43200e+03
-4.07394e+01 7.33250e+03
-4.06621e+01 7.08110e+03
-4.05849e+01 6.64560e+03
-4.05076e+01 7.41220e+03
-4.04304e+01 6.91820e+03
-4.03533e+01 9.06550e+03
-4.02761e+01 7.97760e+03
-4.01990e+01 7.89440e+03
-4.01219e+01 7.90980e+03
-4.00448e+01 8.46410e+03
-3.99678e+01 7.61950e+03
-3.98907e+01 7.79070e+03
-3.98137e+01 7.27050e+03
-3.97367e+01 8.13050e+03
-3.96598e+01 7.22370e+03
-3.95829e+01 8.07060e+03
-3.95060e+01 7.46880e+03
-3.94291e+01 6.77800e+03
-3.93522e+01 7.49180e+03
-3.92754e+01 7.51010e+03
-3.91986e+01 7.40760e+03
-3.91218e+01 7.85630e+03
-3.90450e+01 7.14150e+03
-3.89683e+01 7.48210e+03
-3.88916e+01 7.62160e+03
-3.88149e+01 8.49530e+03
-3.87383e+01 8.56020e+03
-3.86616e+01 8.09440e+03
-3.85850e+01 7.72380e+03
-3.85084e+01 7.91840e+03
-3.84319e+01 7.94120e+03
-3.83553e+01 7.66920e+03
-3.82788e+01 7.34360e+03
-3.82023e+01 7.30260e+03
-3.81259e+01 7.30460e+03
-3.80494e+01 7.18240e+03
-3.79730e+01 7.07860e+03
-3.78966e+01 7.19480e+03
-3.78203e+01 7.69760e+03
-3.77439e+01 7.99830e+03
-3.76676e+01 7.43440e+03
-3.75913e+01 7.82610e+03
-3.75150e+01 8.27490e+03
-3.74388e+01 8.30040e+03
-3.73626e+01 7.60040e+03
-3.72864e+01 7.38390e+03
-3.72102e+01 8.39330e+03
-3.71341e+01 7.96330e+03
-3.70580e+01 7.92320e+03
-3.69819e+01 8.21360e+03
-3.69058e+01 6.68580e+03
-3.68297e+01 7.18020e+03
-3.67537e+01 7.37010e+03
-3.66777e+01 8.46430e+03
-3.66017e+01 6.78540e+03
-3.65258e+01 6.17720e+03
-3.64499e+01 7.15600e+03
-3.63740e+01 7.60910e+03
-3.62981e+01 7.53110e+03
-3.62223e+01 7.51020e+03
-3.61464e+01 7.74350e+03
-3.60706e+01 7.87680e+03
-3.59949e+01 7.02160e+03
-3.59191e+01 6.40170e+03
-3.58434e+01 7.36510e+03
-3.57677e+01 7.87600e+03
-3.56920e+01 6.92900e+03
-3.56163e+01 7.14100e+03
-3.55407e+01 7.31730e+03
-3.54651e+01 7.72940e+03
-3.53895e+01 7.44600e+03
-3.53140e+01 7.29290e+03
-3.52384e+01 7.90350e+03
-3.51629e+01 7.26910e+03
-3.50875e+01 6.88190e+03
-3.50120e+01 7.21350e+03
-3.49366e+01 7.12950e+03
-3.48612e+01 7.08450e+03
-3.47858e+01 7.84480e+03
-3.47104e+01 7.93210e+03
-3.46351e+01 7.63680e+03
-3.45598e+01 7.37230e+03
-3.44845e+01 7.30920e+03
-3.44092e+01 6.72180e+03
-3.43340e+01 6.81970e+03
-3.42588e+01 7.59090e+03
-3.41836e+01 7.70190e+03
-3.41084e+01 7.60430e+03
-3.40333e+01 7.54130e+03
-3.39582e+01 8.62760e+03
-3.38831e+01 6.61370e+03
-3.38080e+01 7.19810e+03
-3.37330e+01 6.90980e+03
-3.36580e+01 7.55220e+03
-3.35830e+01 7.29790e+03
-3.35080e+01 7.57270e+03
-3.34331e+01 7.98120e+03
-3.33581e+01 7.68850e+03
-3.32833e+01 7.14100e+03
-3.32084e+01 7.60620e+03
-3.31335e+01 6.79890e+03
-3.30587e+01 6.89480e+03
-3.29839e+01 6.42550e+03
-3.29092e+01 7.19370e+03
-3.28344e+01 7.34050e+03
-3.27597e+01 7.89390e+03
-3.26850e+01 8.00630e+03
-3.26103e+01 7.13410e+03
-3.25357e+01 6.84420e+03
-3.24611e+01 7.21990e+03
-3.23865e+01 6.52280e+03
-3.23119e+01 7.36110e+03
-3.22373e+01 7.10750e+03
-3.21628e+01 6.13860e+03
-3.20883e+01 7.53230e+03
-3.20138e+01 7.73470e+03
-3.19394e+01 6.68670e+03
-3.18650e+01 6.85570e+03
-3.17906e+01 5.68230e+03
-3.17162e+01 6.45140e+03
-3.16418e+01 7.09220e+03
-3.15675e+01 7.45720e+03
-3.14932e+01 6.34710e+03
-3.14189e+01 6.88610e+03
-3.13447e+01 7.16230e+03
-3.12704e+01 7.43900e+03
-3.11962e+01 7.23800e+03
-3.11220e+01 7.15480e+03
-3.10479e+01 7.35800e+03
-3.09738e+01 6.86560e+03
-3.08997e+01 6.93670e+03
-3.08256e+01 6.95200e+03
-3.07515e+01 6.22310e+03
-3.06775e+01 7.02360e+03
-3.06035e+01 5.72980e+03
-3.05295e+01 6.09450e+03
-3.04555e+01 6.23840e+03
-3.03816e+01 6.50070e+03
-3.03077e+01 6.82350e+03
-3.02338e+01 6.22930e+03
-3.01599e+01 5.76850e+03
-3.00861e+01 6.11890e+03
-3.00123e+01 5.73020e+03
-2.99385e+01 7.35310e+03
-2.98647e+01 8.04970e+03
-2.97910e+01 7.14990e+03
-2.97173e+01 8.22810e+03
-2.96436e+01 7.85420e+03
-2.95699e+01 7.91530e+03
-2.94963e+01 7.01380e+03
-2.94227e+01 7.06980e+03
-2.93491e+01 6.20340e+03
-2.92755e+01 8.15050e+03
-2.92020e+01 7.05530e+03
-2.91284e+01 6.50070e+03
-2.90549e+01 7.75510e+03
-2.89815e+01 7.35860e+03
-2.89080e+01 7.39650e+03
-2.88346e+01 6.62070e+03
-2.87612e+01 7.58280e+03
-2.86878e+01 7.30770e+03
-2.86145e+01 6.52730e+03
-2.85412e+01 6.74080e+03
-2.84679e+01 5.88890e+03
-2.83946e+01 6.95150e+03
-2.83214e+01 6.46890e+03
-2.82481e+01 6.33830e+03
-2.81749e+01 6.03130e+03
-2.81018e+01 7.48720e+03
-2.80286e+01 7.28610e+03
-2.79555e+01 6.44880e+03
-2.78824e+01 6.23570e+03
-2.78093e+01 6.92510e+03
-2.77363e+01 7.37550e+03
-2.76632e+01 7.98010e+03
-2.75902e+01 7.12000e+03
-2.75172e+01 7.28050e+03
-2.74443e+01 7.26130e+03
-2.73714e+01 7.08100e+03
-2.72985e+01 6.55160e+03
-2.72256e+01 7.13030e+03
-2.71527e+01 7.01560e+03
-2.70799e+01 7.84630e+03
-2.70071e+01 6.64610e+03
-2.69343e+01 6.21800e+03
-2.68615e+01 6.32640e+03
-2.67888e+01 7.75470e+03
-2.67161e+01 7.96600e+03
-2.66434e+01 7.89310e+03
-2.65708e+01 7.90530e+03
-2.64981e+01 7.68330e+03
-2.64255e+01 6.55950e+03
-2.63529e+01 6.47000e+03
-2.62804e+01 5.76060e+03
-2.62078e+01 6.87560e+03
-2.61353e+01 7.36720e+03
-2.60628e+01 7.92020e+03
-2.59904e+01 7.75500e+03
-2.59179e+01 7.01840e+03
-2.58455e+01 7.41490e+03
-2.57731e+01 7.05850e+03
-2.57008e+01 7.15550e+03
-2.56284e+01 6.76350e+03
-2.55561e+01 6.32490e+03
-2.54838e+01 7.02020e+03
-2.54115e+01 6.50000e+03
-2.53393e+01 7.13900e+03
-2.52671e+01 6.79100e+03
-2.51949e+01 5.79750e+03
-2.51227e+01 6.02150e+03
-2.50506e+01 6.26580e+03
-2.49785e+01 7.25400e+03
-2.49064e+01 6.67680e+03
-2.48343e+01 7.35840e+03
-2.47623e+01 6.41360e+03
-2.46902e+01 5.77760e+03
-2.46182e+01 6.09100e+03
-2.45463e+01 6.70740e+03
-2.44743e+01 6.72190e+03
-2.44024e+01 7.32910e+03
-2.43305e+01 7.97690e+03
-2.42586e+01 6.56140e+03
-2.41868e+01 6.19270e+03
-2.41149e+01 7.59080e+03
-2.40431e+01 7.52670e+03
-2.39714e+01 7.02500e+03
-2.38996e+01 6.71910e+03
-2.38279e+01 7.15090e+03
-2.37562e+01 6.38250e+03
-2.36845e+01 7.10580e+03
-2.36129e+01 6.09960e+03
-2.35412e+01 6.69160e+03
-2.34696e+01 5.62920e+03
-2.33980e+01 6.87040e+03
-2.33265e+01 6.23250e+03
-2.32550e+01 6.62370e+03
-2.31835e+01 6.85640e+03
-2.31120e+01 6.80010e+03
-2.30405e+01 6.19100e+03
-2.29691e+01 6.37830e+03
-2.28977e+01 5.69080e+03
-2.28263e+01 6.56730e+03
-2.27549e+01 6.15730e+03
-2.26836e+01 7.58510e+03
-2.26123e+01 6.73690e+03
-2.25410e+01 6.04330e+03
-2.24697e+01 6.08750e+03
-2.23985e+01 7.55090e+03
-2.23273e+01 7.38210e+03
-2.22561e+01 6.90720e+03
-2.21849e+01 5.94360e+03
-2.21138e+01 6.10480e+03
-2.20427e+01 5.77030e+03
-2.19716e+01 6.30800e+03
-2.19005e+01 6.39140e+03
-2.18295e+01 6.21820e+03
-2.17585e+01 5.34910e+03
-2.16875e+01 6.17170e+03
-2.16165e+01 5.80270e+03
-2.15456e+01 5.81310e+03
-2.14747e+01 6.71250e+03
-2.14038e+01 7.05150e+03
-2.13329e+01 5.28940e+03
-2.12621e+01 6.21820e+03
-2.11912e+01 7.07680e+03
-2.11205e+01 6.36180e+03
-2.10497e+01 5.33680e+03
-2.09789e+01 5.53860e+03
-2.09082e+01 4.85320e+03
-2.08375e+01 5.69320e+03
-2.07669e+01 5.66070e+03
-2.06962e+01 6.56780e+03
-2.06256e+01 5.83600e+03
-2.05550e+01 6.87470e+03
-2.04844e+01 6.63770e+03
-2.04139e+01 5.48390e+03
-2.03433e+01 6.46800e+03
-2.02728e+01 7.72120e+03
-2.02024e+01 7.73510e+03
-2.01319e+01 6.14130e+03
-2.00615e+01 6.79500e+03
-1.99911e+01 6.01040e+03
-1.99207e+01 5.41380e+03
-1.98504e+01 5.88230e+03
-1.97800e+01 5.81270e+03
-1.97097e+01 5.63600e+03
-1.96394e+01 5.80100e+03
-1.95692e+01 5.91320e+03
-1.94990e+01 5.84410e+03
-1.94288e+01 6.76170e+03
-1.93586e+01 5.59480e+03
-1.92884e+01 5.79640e+03
-1.92183e+01 6.13740e+03
-1.91482e+01 6.04010e+03
-1.90781e+01 5.46000e+03
-1.90080e+01 7.16320e+03
-1.89380e+01 7.07370e+03
-1.88680e+01 6.14160e+03
-1.87980e+01 6.86540e+03
-1.87281e+01 7.15210e+03
-1.86581e+01 7.84380e+03
-1.85882e+01 6.21300e+03
-1.85183e+01 5.40140e+03
-1.84485e+01 5.88800e+03
-1.83786e+01 6.85090e+03
-1.83088e+01 5.28480e+03
-1.82390e+01 7.08130e+03
-1.81693e+01 5.84330e+03
-1.80995e+01 5.13420e+03
-1.80298e+01 6.02070e+03
-1.79601e+01 6.50760e+03
-1.78905e+01 6.84420e+03
-1.78208e+01 7.23010e+03
-1.77512e+01 7.39250e+03
-1.76816e+01 6.61470e+03
-1.76120e+01 6.94820e+03
-1.75425e+01 6.58820e+03
-1.74730e+01 7.91270e+03
-1.74035e+01 6.29790e+03
-1.73340e+01 6.37590e+03
-1.72646e+01 6.29370e+03
-1.71951e+01 5.93980e+03
-1.71258e+01 6.36290e+03
-1.70564e+01 7.19720e+03
-1.69870e+01 6.59440e+03
-1.69177e+01 6.94280e+03
-1.68484e+01 5.38780e+03
-1.67791e+01 7.54180e+03
-1.67099e+01 6.05890e+03
-1.66407e+01 5.65540e+03
-1.65715e+01 5.79480e+03
-1.65023e+01 7.26720e+03
-1.64331e+01 5.87060e+03
-1.63640e+01 5.39960e+03
-1.62949e+01 6.31470e+03
-1.62258e+01 6.56420e+03
-1.61568e+01 6.75000e+03
-1.60878e+01 7.89270e+03
-1.60188e+01 7.71130e+03
-1.59498e+01 7.22320e+03
-1.58808e+01 6.70680e+03
-1.58119e+01 7.23340e+03
-1.57430e+01 7.47300e+03
-1.56741e+01 7.90260e+03
-1.56053e+01 7.65180e+03
-1.55364e+01 7.19750e+03
-1.54676e+01 5.54360e+03
-1.53988e+01 6.38230e+03
-1.53301e+01 6.19040e+03
-1.52614e+01 5.99980e+03
-1.51926e+01 6.51000e+03
-1.51240e+01 8.16890e+03
-1.50553e+01 6.75020e+03
-1.49867e+01 6.81290e+03
-1.49181e+01 5.88630e+03
-1.48495e+01 6.25330e+03
-1.47809e+01 6.97680e+03
-1.47124e+01 7.56650e+03
-1.46439e+01 6.46430e+03
-1.45754e+01 5.98990e+03
-1.45069e+01 5.92380e+03
-1.44385e+01 8.36630e+03
-1.43701e+01 6.62090e+03
-1.43017e+01 7.13360e+03
-1.42333e+01 6.31770e+03
-1.41650e+01 6.35230e+03
-1.40967e+01 5.91690e+03
-1.40284e+01 7.98200e+03
-1.39601e+01 6.85540e+03
-1.38919e+01 6.85960e+03
-1.38236e+01 5.56690e+03
-1.37554e+01 7.22340e+03
-1.36873e+01 7.04160e+03
-1.36191e+01 7.51080e+03
-1.35510e+01 6.24970e+03
-1.34829e+01 7.35180e+03
-1.34148e+01 6.29230e+03
-1.33468e+01 7.55030e+03
-1.32788e+01 6.87600e+03
-1.32108e+01 6.82990e+03
-1.31428e+01 6.26710e+03
-1.30749e+01 5.73670e+03
-1.30069e+01 6.76440e+03
-1.29390e+01 7.58300e+03
-1.28712e+01 8.69870e+03
-1.28033e+01 7.66430e+03
-1.27355e+01 7.40480e+03
-1.26677e+01 6.07080e+03
-1.25999e+01 6.94050e+03
-1.25322e+01 7.12220e+03
-1.24644e+01 7.08690e+03
-1.23967e+01 7.74740e+03
-1.23291e+01 8.40450e+03
-1.22614e+01 8.51300e+03
-1.21938e+01 8.18320e+03
-1.21262e+01 7.24530e+03
-1.20586e+01 7.53360e+03
-1.19910e+01 7.65430e+03
-1.19235e+01 6.57010e+03
-1.18560e+01 6.29190e+03
-1.17885e+01 6.92400e+03
-1.17211e+01 7.79800e+03
-1.16536e+01 8.07590e+03
-1.15862e+01 6.29530e+03
-1.15188e+01 7.49330e+03
-1.14515e+01 7.69050e+03
-1.13842e+01 6.92440e+03
-1.13168e+01 7.12550e+03
-1.12496e+01 8.15580e+03
-1.11823e+01 6.45160e+03
-1.11151e+01 7.32700e+03
-1.10479e+01 7.49820e+03
-1.09807e+01 7.04380e+03
-1.09135e+01 6.00850e+03
-1.08464e+01 6.37230e+03
-1.07793e+01 6.21700e+03
-1.07122e+01 7.39840e+03
-1.06451e+01 7.51380e+03
-1.05781e+01 7.89250e+03
-1.05110e+01 7.78220e+03
-1.04441e+01 7.92280e+03
-1.03771e+01 7.43790e+03
-1.03101e+01 6.67930e+03
-1.02432e+01 6.78510e+03
-1.01763e+01 7.17360e+03
-1.01095e+01 7.45270e+03
-1.00426e+01 7.19790e+03
-9.97581e+00 6.54430e+03
-9.90902e+00 6.88240e+03
-9.84225e+00 5.75230e+03
-9.77550e+00 6.63790e+03
-9.70878e+00 7.31870e+03
-9.64209e+00 7.54310e+03
-9.57541e+00 6.29650e+03
-9.50877e+00 6.89920e+03
-9.44215e+00 7.65710e+03
-9.37555e+00 7.30930e+03
-9.30898e+00 7.53950e+03
-9.24243e+00 7.18990e+03
-9.17590e+00 7.35270e+03
-9.10940e+00 6.88600e+03
-9.04293e+00 7.00730e+03
-8.97648e+00 7.70580e+03
-8.91005e+00 7.08110e+03
-8.84365e+00 7.13680e+03
-8.77727e+00 6.77630e+03
-8.71092e+00 8.55040e+03
-8.64459e+00 7.22370e+03
-8.57829e+00 7.35830e+03
-8.51201e+00 7.70920e+03
-8.44576e+00 6.45640e+03
-8.37953e+00 6.49820e+03
-8.31332e+00 7.38050e+03
-8.24714e+00 5.56340e+03
-8.18099e+00 6.60990e+03
-8.11486e+00 7.65330e+03
-8.04875e+00 8.20730e+03
-7.98267e+00 6.50850e+03
-7.91661e+00 7.51190e+03
-7.85058e+00 7.73960e+03
-7.78457e+00 7.27850e+03
-7.71858e+00 6.87380e+03
-7.65262e+00 7.15530e+03
-7.58669e+00 7.75580e+03
-7.52078e+00 6.52920e+03
-7.45489e+00 7.73390e+03
-7.38903e+00 7.05000e+03
-7.32319e+00 7.74170e+03
-7.25738e+00 7.23570e+03
-7.19159e+00 7.31370e+03
-7.12583e+00 7.50290e+03
-7.06009e+00 8.36080e+03
-6.99438e+00 8.41570e+03
-6.92869e+00 8.01630e+03
-6.86302e+00 7.23390e+03
-6.79738e+00 8.51420e+03
-6.73177e+00 8.22500e+03
-6.66617e+00 7.82610e+03
-6.60061e+00 7.64530e+03
-6.53507e+00 7.47580e+03
-6.46955e+00 7.08650e+03
-6.40405e+00 6.33940e+03
-6.33859e+00 6.96330e+03
-6.27314e+00 6.76570e+03
-6.20772e+00 6.60050e+03
-6.14233e+00 8.18120e+03
-6.07695e+00 8.07660e+03
-6.01161e+00 6.96570e+03
-5.94629e+00 6.25110e+03
-5.88099e+00 6.66310e+03
-5.81572e+00 6.16900e+03
-5.75047e+00 7.49690e+03
-5.68525e+00 6.48710e+03
-5.62005e+00 6.15180e+03
-5.55487e+00 7.21960e+03
-5.48972e+00 7.22310e+03
-5.42460e+00 5.72290e+03
-5.35950e+00 7.06800e+03
-5.29442e+00 6.93270e+03
-5.22937e+00 7.34380e+03
-5.16434e+00 6.21540e+03
-5.09934e+00 7.49580e+03
-5.03436e+00 7.54530e+03
-4.96941e+00 7.27770e+03
-4.90448e+00 7.94470e+03
-4.83958e+00 8.04850e+03
-4.77470e+00 7.26700e+03
-4.70984e+00 7.04620e+03
-4.64501e+00 7.15430e+03
-4.58021e+00 7.52350e+03
-4.51542e+00 7.14370e+03
-4.45067e+00 8.74700e+03
-4.38593e+00 8.27870e+03
-4.32123e+00 9.54840e+03
-4.25654e+00 8.64850e+03
-4.19188e+00 9.03910e+03
-4.12725e+00 8.14070e+03
-4.06264e+00 8.49050e+03
-3.99805e+00 7.70940e+03
-3.93349e+00 8.57390e+03
-3.86896e+00 9.39420e+03
-3.80444e+00 8.81010e+03
-3.73996e+00 8.47560e+03
-3.67550e+00 9.30380e+03
-3.61106e+00 7.81780e+03
-3.54664e+00 7.84250e+03
-3.48225e+00 8.53770e+03
-3.41789e+00 1.01247e+04
-3.35355e+00 9.11500e+03
-3.28924e+00 8.34320e+03
-3.22494e+00 8.34040e+03
-3.16068e+00 1.01534e+04
-3.09644e+00 9.43120e+03
-3.03222e+00 7.96210e+03
-2.96803e+00 8.38280e+03
-2.90386e+00 9.47310e+03
-2.83972e+00 9.59090e+03
-2.77560e+00 9.12690e+03
-2.71150e+00 7.58430e+03
-2.64743e+00 9.78690e+03
-2.58339e+00 1.04875e+04
-2.51937e+00 9.63260e+03
-2.45537e+00 1.03437e+04
-2.39140e+00 9.16550e+03
-2.32745e+00 8.94830e+03
-2.26353e+00 9.16500e+03
-2.19963e+00 1.02456e+04
-2.13576e+00 1.00294e+04
-2.07191e+00 1.05633e+04
-2.00808e+00 1.04233e+04
-1.94428e+00 1.07577e+04
-1.88051e+00 1.14789e+04
-1.81676e+00 1.21950e+04
-1.75303e+00 1.05592e+04
-1.68933e+00 1.03808e+04
-1.62565e+00 1.16739e+04
-1.56200e+00 1.20872e+04
-1.49837e+00 1.31471e+04
-1.43477e+00 1.33050e+04
-1.37119e+00 1.23274e+04
-1.30763e+00 1.33288e+04
-1.24410e+00 1.39365e+04
-1.18060e+00 1.45484e+04
-1.11712e+00 1.37693e+04
-1.05366e+00 1.38759e+04
-9.90229e-01 1.28516e+04
-9.26822e-01 1.22905e+04
-8.63439e-01 1.54990e+04
-8.00081e-01 1.74635e+04
-7.36747e-01 1.85849e+04
-6.73438e-01 2.09944e+04
-6.10153e-01 2.40903e+04
-5.46893e-01 2.59881e+04
-4.83658e-01 3.04245e+04
-4.20447e-01 3.70004e+04
-3.57260e-01 5.04150e+04
-2.94099e-01 7.41355e+04
-2.30961e-01 9.84833e+04
-1.67848e-01 1.32890e+05
-1.04760e-01 1.79574e+05
-4.16970e-02 2.15306e+05
2.13430e-02 2.18598e+05
8.43570e-02 1.86130e+05
1.47347e-01 1.45456e+05
2.10313e-01 1.23570e+05
2.73254e-01 1.14825e+05
3.36170e-01 1.21175e+05
3.99062e-01 1.48119e+05
4.61930e-01 1.95030e+05
5.24773e-01 2.45070e+05
5.87591e-01 3.09246e+05
6.50385e-01 3.88960e+05
7.13154e-01 4.69586e+05
7.75898e-01 5.66595e+05
8.38619e-01 6.49003e+05
9.01314e-01 6.82641e+05
9.63985e-01 7.03601e+05
1.02663e+00 6.90371e+05
1.08925e+00 6.46639e+05
1.15185e+00 5.96011e+05
1.21442e+00 5.59824e+05
1.27697e+00 5.28776e+05
1.33950e+00 5.09879e+05
1.40200e+00 4.92278e+05
1.46447e+00 4.95519e+05
1.52692e+00 5.02989e+05
1.58935e+00 5.19842e+05
1.65175e+00 5.37913e+05
1.71412e+00 5.47762e+05
1.77648e+00 5.43481e+05
1.83880e+00 5.43746e+05
1.90111e+00 5.30057e+05
1.96338e+00 5.02067e+05
2.02564e+00 4.81846e+05
2.08787e+00 4.61959e+05
2.15007e+00 4.38566e+05
2.21225e+00 4.12890e+05
2.27441e+00 3.90280e+05
2.33654e+00 3.66443e+05
2.39865e+00 3.46160e+05
2.46073e+00 3.37538e+05
2.52278e+00 3.20757e+05
2.58482e+00 3.12893e+05
2.64683e+00 3.01364e+05
2.70881e+00 2.89782e+05
2.77077e+00 2.84855e+05
2.83270e+00 2.75962e+05
2.89461e+00 2.59755e+05
2.95650e+00 2.46229e+05
3.01836e+00 2.33563e+05
3.08020e+00 2.29546e+05
3.14201e+00 2.19418e+05
3.20380e+00 2.06455e+05
3.26556e+00 1.90368e+05
3.32730e+00 1.84228e+05
3.38901e+00 1.79280e+05
3.45070e+00 1.71315e+05
3.51237e+00 1.64413e+05
3.57401e+00 1.55603e+05
3.63562e+00 1.50274e+05
3.69721e+00 1.48801e+05
3.75878e+00 1.48308e+05
3.82032e+00 1.44159e+05
3.88184e+00 1.39155e+05
3.94333e+00 1.34529e+05
4.00480e+00 1.32648e+05
4.06625e+00 1.34101e+05
4.12767e+00 1.28704e+05
4.18906e+00 1.25419e+05
4.25043e+00 1.20159e+05
4.31178e+00 1.14707e+05
4.37310e+00 1.14925e+05
4.43440e+00 1.18631e+05
4.49567e+00 1.19076e+05
4.55692e+00 1.22116e+05
4.61814e+00 1.20842e+05
4.67934e+00 1.19802e+05
4.74051e+00 1.20316e+05
4.80166e+00 1.19338e+05
4.86279e+00 1.17656e+05
4.92389e+00 1.14638e+05
4.98496e+00 1.17708e+05
5.04601e+00 1.16704e+05
5.10704e+00 1.20518e+05
5.16804e+00 1.18928e+05
5.22902e+00 1.21905e+05
5.28997e+00 1.16429e+05
5.35090e+00 1.16578e+05
5.41181e+00 1.11812e+05
5.47269e+00 1.07426e+05
5.53354e+00 1.08100e+05
5.59437e+00 1.09689e+05
5.65518e+00 1.12953e+05
5.71596e+00 1.09118e+05
5.77672e+00 1.02521e+05
5.83745e+00 1.01149e+05
5.89816e+00 9.89299e+04
5.95884e+00 9.66424e+04
6.01950e+00 9.38180e+04
6.08013e+00 9.40677e+04
6.14074e+00 9.59306e+04
6.20133e+00 9.15970e+04
6.26189e+00 8.75782e+04
6.32242e+00 8.22085e+04
6.38293e+00 8.45168e+04
6.44342e+00 8.15949e+04
6.50388e+00 7.74019e+04
6.56432e+00 7.45642e+04
6.62473e+00 7.18915e+04
6.68512e+00 7.29963e+04
6.74549e+00 7.36013e+04
6.80583e+00 7.62527e+04
6.86614e+00 7.15074e+04
6.92643e+00 6.82419e+04
6.98670e+00 6.79226e+04
7.04694e+00 7.19012e+04
7.10716e+00 6.98787e+04
7.16735e+00 6.39406e+04
7.22752e+00 6.27753e+04
7.28766e+00 6.19941e+04
7.34778e+00 5.93137e+04
7.40787e+00 5.81226e+04
7.46794e+00 5.63887e+04
7.52799e+00 5.84807e+04
7.58801e+00 5.62481e+04
7.64800e+00 5.41058e+04
7.70798e+00 5.48463e+04
7.76792e+00 5.42533e+04
7.82784e+00 5.35019e+04
7.88774e+00 5.18203e+04
7.94762e+00 5.13833e+04
8.00746e+00 5.01570e+04
8.06729e+00 4.64348e+04
8.12709e+00 4.75025e+04
8.18686e+00 4.67891e+04
8.24662e+00 4.55663e+04
8.30634e+00 4.28323e+04
8.36604e+00 4.21114e+04
8.42572e+00 4.25263e+04
8.48537e+00 4.35969e+04
8.54500e+00 4.19967e+04
8.60460e+00 4.14634e+04
8.66418e+00 3.99493e+04
8.72374e+00 4.14947e+04
8.78327e+00 3.92799e+04
8.84277e+00 3.96435e+04
8.90225e+00 3.90035e+04
8.96171e+00 3.69086e+04
9.02114e+00 3.72865e+04
9.08055e+00 3.80535e+04
9.13993e+00 3.48083e+04
9.19929e+00 3.25954e+04
9.25862e+00 3.69444e+04
9.31793e+00 3.86598e+04
9.37721e+00 3.63606e+04
9.43647e+00 3.60048e+04
9.49571e+00 3.55238e+04
9.55492e+00 3.64048e+04
9.61411e+00 3.51371e+04
9.67327e+00 3.44437e+04
9.73240e+00 3.54712e+04
9.79152e+00 3.35047e+04
9.85060e+00 3.34976e+04
9.90967e+00 3.62733e+04
9.96871e+00 3.83766e+04
1.00277e+01 3.58233e+04
1.00867e+01 3.62990e+04
1.01457e+01 3.34204e+04
1.02046e+01 3.32077e+04
1.02635e+01 3.27987e+04
1.03224e+01 3.34947e+04
1.03813e+01 3.24057e+04
1.04401e+01 3.15638e+04
1.04990e+01 3.06188e+04
1.05577e+01 3.33151e+04
1.06165e+01 3.14463e+04
1.06753e+01 3.12791e+04
1.07340e+01 3.22313e+04
1.07927e+01 3.37100e+04
1.08513e+01 3.40216e+04
1.09100e+01 3.28100e+04
1.09686e+01 3.20674e+04
1.10272e+01 3.39008e+04
1.10858e+01 3.39372e+04
1.11443e+01 3.20631e+04
1.12029e+01 3.31693e+04
1.12614e+01 3.12874e+04
1.13198e+01 2.99879e+04
1.13783e+01 3.33364e+04
1.14367e+01 3.14019e+04
1.14951e+01 3.07275e+04
1.15535e+01 3.12151e+04
1.16118e+01 3.17186e+04
1.16702e+01 3.18066e+04
1.17285e+01 3.19845e+04
1.17867e+01 3.13875e+04
1.18450e+01 3.44182e+04
1.19032e+01 3.48724e+04
1.19614e+01 3.43949e+04
1.20196e+01 3.43787e+04
1.20778e+01 3.29550e+04
1.21359e+01 3.52787e+04
1.21940e+01 3.81360e+04
1.22521e+01 3.83083e+04
1.23101e+01 3.57377e+04
1.23682e+01 3.50078e+04
1.24262e+01 3.88661e+04
1.24842e+01 3.94554e+04
1.25421e+01 3.68824e+04
1.26001e+01 3.81469e+04
1.26580e+01 4.15217e+04
1.27159e+01 4.11548e+04
1.27737e+01 4.31663e+04
1.28316e+01 4.38721e+04
1.28894e+01 4.68962e+04
1.29472e+01 4.56678e+04
1.30049e+01 4.35641e+04
1.30627e+01 4.46593e+04
1.31204e+01 4.48208e+04
1.31781e+01 4.56702e+04
1.32357e+01 4.57291e+04
1.32934e+01 4.63071e+04
1.33510e+01 4.71137e+04
1.34086e+01 5.12027e+04
1.34661e+01 5.04240e+04
1.35237e+01 4.81562e+04
1.35812e+01 5.14151e+04
1.36387e+01 5.35883e+04
1.36962e+01 5.16476e+04
1.37536e+01 4.99529e+04
1.38110e+01 5.02491e+04
1.38684e+01 5.15509e+04
1.39258e+01 5.35482e+04
1.39831e+01 5.52468e+04
1.40404e+01 5.55435e+04
1.40977e+01 5.57343e+04
1.41550e+01 5.68305e+04
1.42123e+01 5.65569e+04
1.42695e+01 5.72977e+04
1.43267e+01 5.67477e+04
1.43839e+01 6.04678e+04
1.44410e+01 6.31110e+04
1.44981e+01 6.59683e+04
1.45552e+01 6.65964e+04
1.46123e+01 7.04026e+04
1.46694e+01 6.69432e+04
1.47264e+01 6.77757e+04
1.47834e+01 6.87921e+04
1.48404e+01 7.21562e+04
1.48973e+01 7.65568e+04
1.49542e+01 7.44478e+04
1.50112e+01 7.47707e+04
1.50680e+01 7.90967e+04
1.51249e+01 8.15406e+04
1.51817e+01 8.09337e+04
1.52385e+01 8.41986e+04
1.52953e+01 8.51260e+04
1.53521e+01 8.51383e+04
1.54088e+01 8.84205e+04
1.54655e+01 8.96005e+04
1.55222e+01 9.19194e+04
1.55788e+01 9.51121e+04
1.56355e+01 9.46289e+04
1.56921e+01 9.50947e+04
1.57487e+01 1.01882e+05
1.58052e+01 1.04372e+05
1.58618e+01 1.08196e+05
1.59183e+01 1.14196e+05
1.59748e+01 1.12522e+05
1.60312e+01 1.10269e+05
1.60877e+01 1.15088e+05
1.61441e+01 1.15029e+05
1.62005e+01 1.16193e+05
1.62568e+01 1.25895e+05
1.63132e+01 1.25854e+05
1.63695e+01 1.24292e+05
1.64258e+01 1.28594e+05
1.64820e+01 1.30677e+05
1.65383e+01 1.33174e+05
1.65945e+01 1.35124e+05
1.66507e+01 1.39736e+05
1.67069e+01 1.41004e+05
1.67630e+01 1.41021e+05
1.68191e+01 1.45939e+05
1.68752e+01 1.53489e+05
1.69313e+01 1.57947e+05
1.69873e+01 1.61034e+05
1.70433e+01 1.61169e+05
1.70993e+01 1.64183e+05
1.71553e+01 1.62839e+05
1.72113e+01 1.70796e+05
1.72672e+01 1.76230e+05
1.73231e+01 1.80457e+05
1.73790e+01 1.89536e+05
1.74348e+01 1.94081e+05
1.74906e+01 2.01867e+05
1.75464e+01 2.10072e+05
1.76022e+01 2.20617e+05
1.76579e+01 2.31104e+05
1.77137e+01 2.33354e+05
1.77694e+01 2.42932e+05
1.78251e+01 2.54043e+05
1.78807e+01 2.60256e+05
1.79363e+01 2.69614e+05
1.79919e+01 2.91796e+05
1.80475e+01 3.08014e+05
1.81031e+01 3.10447e+05
1.81586e+01 3.18349e+05
1.82141e+01 3.36644e+05
1.82696e+01 3.52984e+05
1.83250e+01 3.54482e+05
1.83805e+01 3.63155e+05
1.84359e+01 3.71564e+05
1.84913e+01 3.76832e+05
1.85466e+01 3.87490e+05
1.86020e+01 3.80497e+05
1.86573e+01 3.73405e+05
1.87125e+01 3.59570e+05
1.87678e+01 3.52413e+05
1.88230e+01 3.43021e+05
1.88782e+01 3.16870e+05
1.89334e+01 2.92480e+05
1.89886e+01 2.68638e+05
1.90437e+01 2.45782e+05
1.90988e+01 2.26298e+05
1.91539e+01 2.09902e+05
1.92090e+01 1.90224e+05
1.92640e+01 1.75087e+05
1.93190e+01 1.58312e+05
1.93740e+01 1.45171e+05
1.94290e+01 1.36067e+05
1.94839e+01 1.31022e+05
1.95389e+01 1.20786e+05
1.95938e+01 1.07156e+05
1.96486e+01 1.02686e+05
1.97035e+01 9.72758e+04
1.97583e+01 9.74808e+04
1.98131e+01 9.58874e+04
1.98678e+01 9.40394e+04
1.99226e+01 9.42897e+04
1.99773e+01 9.23849e+04
2.00320e+01 8.92033e+04
2.00867e+01 8.88171e+04
2.01413e+01 9.05391e+04
2.01959e+01 8.95569e+04
2.02505e+01 8.85463e+04
2.03051e+01 9.02893e+04
2.03597e+01 9.59963e+04
2.04142e+01 1.04080e+05
2.04687e+01 1.04537e+05
2.05232e+01 1.02897e+05
2.05776e+01 1.07983e+05
2.06320e+01 1.11513e+05
2.06864e+01 1.11335e+05
2.07408e+01 1.11670e+05
2.07952e+01 1.14582e+05
2.08495e+01 1.14164e+05
2.09038e+01 1.16429e+05
2.09581e+01 1.16910e+05
2.10123e+01 1.13874e+05
2.10665e+01 1.15363e+05
2.11207e+01 1.13196e+05
2.11749e+01 1.12559e+05
2.12291e+01 1.17728e+05
2.12832e+01 1.19947e+05
2.13373e+01 1.20109e+05
2.13914e+01 1.16244e+05
2.14455e+01 1.17042e+05
2.14995e+01 1.19713e+05
2.15535e+01 1.22261e+05
2.16075e+01 1.21536e+05
2.16614e+01 1.16959e+05
2.17154e+01 1.17211e+05
2.17693e+01 1.20710e+05
2.18232e+01 1.22044e+05
2.18770e+01 1.20425e+05
2.19309e+01 1.17792e+05
2.19847e+01 1.19869e+05
2.20385e+01 1.21176e+05
2.20922e+01 1.19181e+05
2.21460e+01 1.18164e+05
2.21997e+01 1.14647e+05
2.22534e+01 1.13821e+05
2.23070e+01 1.12109e+05
2.23607e+01 1.12332e+05
2.24143e+01 1.12455e+05
2.24679e+01 1.13704e+05
2.25214e+01 1.12133e+05
2.25750e+01 1.15076e+05
2.26285e+01 1.13221e+05
2.26820e+01 1.07171e+05
2.27355e+01 1.07123e+05
2.27889e+01 1.10792e+05
2.28423e+01 1.08662e+05
2.28957e+01 1.07564e+05
2.29491e+01 1.03401e+05
2.30024e+01 1.02032e+05
2.30558e+01 1.03137e+05
2.31091e+01 9.94932e+04
2.31623e+01 9.96779e+04
2.32156e+01 1.01402e+05
2.32688e+01 9.77537e+04
2.33220e+01 9.62044e+04
2.33752e+01 9.47179e+04
2.34283e+01 9.38294e+04
2.34814e+01 9.00817e+04
2.35345e+01 8.85985e+04
2.35876e+01 8.71692e+04
2.36407e+01 9.11751e+04
2.36937e+01 8.49502e+04
2.37467e+01 8.21112e+04
2.37997e+01 7.97286e+04
2.38526e+01 7.93367e+04
2.39056e+01 7.85383e+04
2.39585e+01 7.89107e+04
2.40113e+01 7.29614e+04
2.40642e+01 7.02893e+04
2.41170e+01 6.88376e+04
2.41698e+01 6.71980e+04
2.42226e+01 6.63881e+04
2.42754e+01 6.79002e+04
2.43281e+01 6.74249e+04
2.43808e+01 6.77381e+04
2.44335e+01 6.20975e+04
2.44861e+01 6.10840e+04
2.45388e+01 6.15868e+04
2.45914e+01 5.96024e+04
2.46440e+01 5.97434e+04
2.46965e+01 5.87802e+04
2.47491e+01 5.70662e+04
2.48016e+01 5.08035e+04
2.48541e+01 5.42711e+04
2.49065e+01 5.48146e+04
2.49590e+01 5.46170e+04
2.50114e+01 5.22790e+04
2.50638e+01 5.20397e+04
2.51161e+01 5.04067e+04
2.51685e+01 4.75356e+04
2.52208e+01 4.61921e+04
2.52731e+01 4.43786e+04
2.53253e+01 4.33932e+04
2.53776e+01 4.13750e+04
2.54298e+01 4.35064e+04
2.54820e+01 4.22550e+04
2.55342e+01 4.13559e+04
2.55863e+01 4.28885e+04
2.56384e+01 4.46752e+04
2.56905e+01 4.40368e+04
2.57426e+01 4.14279e+04
2.57946e+01 3.94295e+04
2.58466e+01 4.07848e+04
2.58986e+01 4.05720e+04
2.59506e+01 4.16064e+04
2.60026e+01 3.92312e+04
2.60545e+01 3.77215e+04
2.61064e+01 3.60717e+04
2.61582e+01 3.66143e+04
2.62101e+01 3.65776e+04
2.62619e+01 3.63359e+04
2.63137e+01 3.33059e+04
2.63655e+01 3.21746e+04
2.64172e+01 3.18856e+04
2.64690e+01 3.39248e+04
2.65207e+01 3.50782e+04
2.65723e+01 3.68288e+04
2.66240e+01 3.44664e+04
2.66756e+01 3.31032e+04
2.67272e+01 3.11878e+04
2.67788e+01 3.11076e+04
2.68304e+01 2.95301e+04
2.68819e+01 2.89700e+04
2.69334e+01 2.93789e+04
2.69849e+01 2.90389e+04
2.70363e+01 2.94949e+04
2.70878e+01 3.28915e+04
2.71392e+01 3.02515e+04
2.71906e+01 2.93537e+04
2.72419e+01 3.00810e+04
2.72932e+01 2.92293e+04
2.73446e+01 2.72072e+04
2.73958e+01 2.78452e+04
2.74471e+01 2.76508e+04
2.74983e+01 2.57841e+04
2.75495e+01 2.47381e+04
2.76007e+01 2.77227e+04
2.76519e+01 2.67352e+04
2.77030e+01 2.60283e+04
2.77541e+01 2.46299e+04
2.78052e+01 2.54877e+04
2.78563e+01 2.57151e+04
2.79073e+01 2.66900e+04
2.79583e+01 2.63244e+04
2.80093e+01 2.68892e+04
2.80603e+01 2.35678e+04
2.81112e+01 2.29610e+04
2.81621e+01 2.26950e+04
2.82130e+01 2.20035e+04
2.82639e+01 2.27448e+04
2.83147e+01 2.30496e+04
2.83656e+01 2.29232e+04
2.84164e+01 2.28819e+04
2.84671e+01 2.33605e+04
2.85179e+01 2.38332e+04
2.85686e+01 2.17368e+04
2.86193e+01 2.14172e+04
2.86700e+01 2.07993e+04
2.87206e+01 2.13935e+04
2.87712e+01 2.14631e+04
2.88218e+01 2.31077e+04
2.88724e+01 2.21163e+04
2.89229e+01 2.22616e+04
2.89735e+01 2.21639e+04
2.90240e+01 2.30202e+04
2.90744e+01 2.19559e+04
2.91249e+01 1.95516e+04
2.91753e+01 1.90266e+04
2.92257e+01 2.05069e+04
2.92761e+01 2.03875e+04
2.93264e+01 2.17904e+04
2.93768e+01 2.16460e+04
2.94271e+01 2.16174e+04
2.94773e+01 2.16652e+04
2.95276e+01 2.19659e+04
2.95778e+01 2.18160e+04
2.96280e+01 1.98061e+04
2.96782e+01 2.11307e+04
2.97284e+01 2.04222e+04
2.97785e+01 2.06481e+04
2.98286e+01 1.95356e+04
2.98787e+01 1.92387e+04
2.99287e+01 1.97639e+04
2.99788e+01 2.04446e+04
3.00288e+01 2.10567e+04
3.00788e+01 1.97884e+04
3.01287e+01 1.78354e+04
3.01787e+01 1.82325e+04
3.02286e+01 1.75122e+04
3.02784e+01 1.66470e+04
3.03283e+01 1.76659e+04
3.03781e+01 1.81645e+04
3.04280e+01 1.73450e+04
3.04777e+01 1.85943e+04
3.05275e+01 1.94072e+04
3.05772e+01 1.83975e+04
3.06270e+01 1.90943e+04
3.06766e+01 2.08740e+04
3.07263e+01 2.07483e+04
3.07760e+01 1.92240e+04
3.08256e+01 1.95873e+04
3.08752e+01 2.00095e+04
3.09247e+01 1.94364e+04
3.09743e+01 1.76715e+04
3.10238e+01 1.73621e+04
3.10733e+01 1.85564e+04
3.11227e+01 1.85379e+04
3.11722e+01 1.86393e+04
3.12216e+01 1.97220e+04
3.12710e+01 2.11325e+04
3.13204e+01 2.18775e+04
3.13697e+01 2.00024e+04
3.14190e+01 1.85372e+04
3.14683e+01 1.91608e+04
3.15176e+01 1.77517e+04
3.15668e+01 1.89193e+04
3.16161e+01 2.00306e+04
3.16653e+01 1.88020e+04
3.17144e+01 1.91984e+04
3.17636e+01 1.87724e+04
3.18127e+01 1.86149e+04
3.18618e+01 1.68293e+04
3.19109e+01 1.78274e+04
3.19599e+01 1.83091e+04
3.20090e+01 1.79966e+04
3.20580e+01 1.81856e+04
3.21069e+01 1.89466e+04
3.21559e+01 1.87799e+04
3.22048e+01 1.74191e+04
3.22537e+01 1.77236e+04
3.23026e+01 1.63178e+04
3.23515e+01 1.74493e+04
3.24003e+01 1.60146e+04
3.24491e+01 1.58093e+04
3.24979e+01 1.80222e+04
3.25466e+01 1.73678e+04
3.25954e+01 1.61892e+04
3.26441e+01 1.65474e+04
3.26928e+01 1.87836e+04
3.27414e+01 1.84483e+04
3.27900e+01 1.65190e+04
3.28387e+01 1.74894e+04
3.28872e+01 1.78489e+04
3.29358e+01 1.63565e+04
3.29843e+01 1.82797e+04
3.30328e+01 1.85026e+04
3.30813e+01 1.89240e+04
3.31298e+01 1.81891e+04
3.31782e+01 1.69315e+04
3.32266e+01 1.82405e+04
3.32750e+01 1.92678e+04
3.33234e+01 1.99226e+04
3.33717e+01 1.66219e+04
3.34200e+01 1.44660e+04
3.34683e+01 1.83028e+04
3.35166e+01 1.93806e+04
3.35648e+01 1.73091e+04
3.36131e+01 1.59735e+04
3.36612e+01 1.73321e+04
3.37094e+01 1.78952e+04
3.37576e+01 1.78233e+04
3.38057e+01 1.93738e+04
3.38538e+01 1.94217e+04
3.39018e+01 1.64030e+04
3.39499e+01 1.71868e+04
3.39979e+01 1.67246e+04
3.40459e+01 1.58474e+04
3.40939e+01 1.68735e+04
3.41418e+01 1.98576e+04
3.41897e+01 1.92071e+04
3.42376e+01 1.71366e+04
3.42855e+01 1.83677e+04
3.43334e+01 1.87955e+04
3.43812e+01 1.94617e+04
3.44290e+01 2.11211e+04
3.44768e+01 1.99089e+04
3.45245e+01 2.01884e+04
3.45722e+01 1.86394e+04
3.46199e+01 1.83518e+04
3.46676e+01 1.66315e+04
3.47153e+01 1.75849e+04
3.47629e+01 2.10505e+04
3.48105e+01 2.25843e+04
3.48581e+01 2.12257e+04
3.49056e+01 2.21503e+04
3.49531e+01 2.24129e+04
3.50007e+01 2.14348e+04
3.50481e+01 1.90052e+04
3.50956e+01 1.97859e+04
3.51430e+01 2.30558e+04
3.51904e+01 2.47539e+04
3.52378e+01 2.36560e+04
3.52852e+01 2.29342e+04
3.53325e+01 2.13161e+04
3.53798e+01 2.15214e+04
3.54271e+01 2.31190e+04
3.54743e+01 2.34974e+04
3.55216e+01 2.23274e+04
3.55688e+01 2.19131e+04
3.56160e+01 2.23943e+04
3.56631e+01 2.32831e+04
3.57103e+01 2.37853e+04
3.57574e+01 2.50870e+04
3.58045e+01 2.58314e+04
3.58515e+01 2.78904e+04
3.58986e+01 2.84836e+04
3.59456e+01 2.37332e+04
3.59926e+01 2.29486e+04
3.60395e+01 2.52556e+04
3.60865e+01 2.36000e+04
3.61334e+01 2.36473e+04
3.61803e+01 2.36212e+04
3.62272e+01 2.41016e+04
3.62740e+01 2.41529e+04
3.63208e+01 2.74921e+04
3.63676e+01 2.81002e+04
3.64144e+01 2.80187e+04
3.64611e+01 2.51660e+04
3.65078e+01 2.48040e+04
3.65545e+01 2.30791e+04
3.66012e+01 2.29642e+04
3.66478e+01 2.46007e+04
3.66945e+01 2.29046e+04
3.67411e+01 2.38473e+04
3.67876e+01 2.36694e+04
3.68342e+01 2.32162e+04
3.68807e+01 2.06776e+04
3.69272e+01 1.91061e+04
3.69737e+01 1.97573e+04
3.70201e+01 2.17517e+04
3.70666e+01 2.26221e+04
3.71130e+01 2.21378e+04
3.71593e+01 2.19002e+04
3.72057e+01 2.28688e+04
3.72520e+01 2.30905e+04
3.72983e+01 2.06054e+04
3.73446e+01 2.14091e+04
3.73908e+01 2.01129e+04
3.74371e+01 1.98670e+04
3.74833e+01 1.99118e+04
3.75295e+01 2.09232e+04
3.75756e+01 2.30899e+04
3.76217e+01 2.24578e+04
3.76678e+01 2.15273e+04
3.77139e+01 1.90464e+04
3.77600e+01 2.00298e+04
3.78060e+01 2.07327e+04
3.78520e+01 2.14248e+04
3.78980e+01 2.09872e+04
3.79440e+01 2.24272e+04
3.79899e+01 2.12449e+04
3.80358e+01 2.05379e+04
3.80817e+01 2.12386e+04
3.81275e+01 2.23272e+04
3.81734e+01 2.34093e+04
3.82192e+01 2.34639e+04
3.82650e+01 2.25605e+04
3.83107e+01 2.07755e+04
3.83565e+01 2.17471e+04
3.84022e+01 2.34159e+04
3.84479e+01 2.33374e+04
3.84935e+01 2.12399e+04
3.85392e+01 2.08690e+04
3.85848e+01 2.13210e+04
3.86304e+01 2.28791e+04
3.86760e+01 2.09908e+04
3.87215e+01 1.95999e+04
3.87670e+01 2.17199e+04
3.88125e+01 2.24444e+04
3.88580e+01 2.41402e+04
3.89034e+01 2.07647e+04
3.89488e+01 2.06602e+04
3.89942e+01 2.15912e+04
3.90396e+01 2.16460e+04
3.90849e+01 1.99294e+04
3.91303e+01 2.06944e+04
3.91756e+01 1.95100e+04
3.92208e+01 1.87199e+04
3.92661e+01 1.98836e+04
3.93113e+01 2.14910e+04
3.93565e+01 2.26267e+04
3.94017e+01 2.21131e+04
3.94468e+01 2.19459e+04
3.94919e+01 1.91933e+04
3.95370e+01 1.72580e+04
3.95821e+01 1.72833e+04
3.96272e+01 1.95127e+04
3.96722e+01 2.05211e+04
3.97172e+01 2.02326e+04
3.97622e+01 1.80852e+04
3.98071e+01 1.80995e+04
3.98521e+01 2.13833e+04
3.98970e+01 2.06383e+04
3.99418e+01 1.96527e+04
3.99867e+01 1.82614e+04
4.00315e+01 2.02610e+04
4.00763e+01 1.84962e+04
4.01211e+01 1.88139e+04
4.01659e+01 1.80839e+04
4.02106e+01 1.86973e+04
4.02553e+01 1.96972e+04
4.03000e+01 1.95797e+04
4.03446e+01 1.97610e+04
4.03893e+01 1.88198e+04
4.04339e+01 1.84101e+04
4.04785e+01 1.94378e+04
4.05230e+01 1.84201e+04
4.05676e+01 1.90647e+04
4.06121e+01 1.95512e+04
4.06566e+01 1.88723e+04
4.07010e+01 1.82943e+04
4.07455e+01 1.76967e+04
4.07899e+01 1.86946e+04
4.08343e+01 1.97513e+04
4.08786e+01 1.85328e+04
4.09230e+01 1.89811e+04
4.09673e+01 1.84135e+04
4.10116e+01 1.86729e+04
4.10558e+01 1.80059e+04
4.11001e+01 1.79607e+04
4.11443e+01 1.62341e+04
4.11885e+01 1.58530e+04
4.12326e+01 1.43822e+04
4.12768e+01 1.79705e+04
4.13209e+01 1.66154e+04
4.13650e+01 1.70200e+04
4.14091e+01 1.99731e+04
4.14531e+01 1.86109e+04
4.14971e+01 1.81980e+04
4.15411e+01 1.74234e+04
4.15851e+01 1.65131e+04
4.16290e+01 1.70805e+04
4.16730e+01 1.99904e+04
4.17169e+01 1.93279e+04
4.17607e+01 1.76539e+04
4.18046e+01 1.90628e+04
4.18484e+01 1.93909e+04
4.18922e+01 1.85909e+04
4.19360e+01 1.82855e+04
4.19797e+01 1.66754e+04
4.20234e+01 1.92980e+04
4.20671e+01 2.02265e+04
4.21108e+01 1.89119e+04
4.21545e+01 1.78683e+04
4.21981e+01 1.94320e+04
4.22417e+01 1.86830e+04
4.22853e+01 1.82248e+04
4.23288e+01 1.88040e+04
4.23724e+01 1.86959e+04
4.24159e+01 1.75704e+04
4.24594e+01 1.81410e+04
4.25028e+01 1.88929e+04
4.25462e+01 1.88855e+04
4.25896e+01 2.06956e+04
4.26330e+01 1.93820e+04
4.26764e+01 1.79694e+04
4.27197e+01 1.86805e+04
4.27630e+01 1.77901e+04
4.28063e+01 1.84942e+04
4.28496e+01 1.82024e+04
4.28928e+01 1.87258e+04
4.29360e+01 1.91035e+04
4.29792e+01 2.02398e+04
4.30224e+01 1.99769e+04
4.30655e+01 1.98530e+04
4.31086e+01 1.94022e+04
4.31517e+01 1.95868e+04
4.31948e+01 1.94970e+04
4.32378e+01 2.06545e+04
4.32808e+01 2.14733e+04
4.33238e+01 2.00002e+04
4.33668e+01 1.80607e+04
4.34097e+01 1.72867e+04
4.34526e+01 1.30613e+04
4.34955e+01 1.57201e+04
4.35384e+01 1.63272e+04
4.35812e+01 1.85544e+04
4.36240e+01 2.04972e+04
4.36668e+01 1.96013e+04
4.37096e+01 1.86313e+04
4.37523e+01 1.85490e+04
4.37950e+01 1.86931e+04
4.38377e+01 1.86323e+04
4.38804e+01 1.66901e+04
4.39231e+01 1.79946e+04
4.39657e+01 1.76243e+04
4.40083e+01 1.73956e+04
4.40508e+01 1.95414e+04
4.40934e+01 2.03339e+04
4.41359e+01 1.70139e+04
4.41784e+01 1.68311e+04
4.42209e+01 1.75585e+04
4.42633e+01 1.67543e+04
4.43058e+01 1.73255e+04
4.43482e+01 1.55456e+04
4.43905e+01 1.48847e+04
4.44329e+01 1.54282e+04
4.44752e+01 1.61798e+04
4.45175e+01 1.65607e+04
4.45598e+01 1.59119e+04
4.46020e+01 1.36380e+04
4.46443e+01 1.27511e+04
4.46865e+01 1.23028e+04
4.47287e+01 1.45175e+04
4.47708e+01 1.34584e+04
4.48129e+01 1.38929e+04
4.48550e+01 1.37290e+04
4.48971e+01 1.43019e+04
4.49392e+01 1.55249e+04
4.49812e+01 1.47168e+04
4.50232e+01 1.31719e+04
4.50652e+01 1.10386e+04
4.51072e+01 1.23054e+04
4.51491e+01 1.39640e+04
4.51910e+01 1.27634e+04
4.52329e+01 1.25116e+04
4.52748e+01 1.32891e+04
4.53166e+01 1.24980e+04
4.53584e+01 1.23238e+04
4.54002e+01 1.38091e+04
4.54419e+01 1.34065e+04
4.54837e+01 1.27233e+04
4.55254e+01 1.09954e+04
4.55671e+01 1.34548e+04
4.56087e+01 1.51445e+04
4.56504e+01 1.50849e+04
4.56920e+01 1.41882e+04
4.57336e+01 1.34170e+04
4.57752e+01 1.34007e+04
4.58167e+01 1.40442e+04
4.58582e+01 1.41067e+04
4.58997e+01 1.42402e+04
4.59412e+01 1.24905e+04
4.59826e+01 1.21186e+04
4.60240e+01 1.20469e+04
4.60654e+01 1.24475e+04
4.61068e+01 1.16117e+04
4.61481e+01 1.23645e+04
4.61895e+01 1.23821e+04
4.62308e+01 1.35329e+04
4.62720e+01 1.32018e+04
4.63133e+01 1.29117e+04
4.63545e+01 1.34205e+04
4.63957e+01 1.36507e+04
4.64369e+01 1.28860e+04
4.64780e+01 1.26735e+04
4.65191e+01 1.23927e+04
4.65602e+01 1.31655e+04
4.66013e+01 1.28938e+04
4.66424e+01 1.11622e+04
4.66834e+01 1.15752e+04
4.67244e+01 1.31663e+04
4.67654e+01 1.34580e+04
4.68063e+01 1.33475e+04
4.68472e+01 1.21815e+04
4.68882e+01 1.17380e+04
4.69290e+01 1.09219e+04
4.69699e+01 1.24041e+04
4.70107e+01 1.26968e+04
4.70515e+01 1.23029e+04
4.70923e+01 1.17636e+04
4.71331e+01 1.50357e+04
4.71738e+01 1.51584e+04
4.72145e+01 1.37278e+04
4.72552e+01 1.18218e+04
4.72958e+01 1.20792e+04
4.73365e+01 1.27846e+04
4.73771e+01 1.22940e+04
4.74177e+01 1.06208e+04
4.74582e+01 1.19539e+04
4.74987e+01 1.16384e+04
4.75393e+01 1.16819e+04
4.75797e+01 1.21716e+04
4.76202e+01 1.26465e+04
4.76606e+01 1.23918e+04
4.77011e+01 1.37307e+04
4.77414e+01 1.26901e+04
4.77818e+01 1.30424e+04
4.78221e+01 1.18889e+04
4.78625e+01 1.21895e+04
4.79027e+01 1.33563e+04
4.79430e+01 1.38928e+04
4.79833e+01 1.34081e+04
4.80235e+01 1.32058e+04
4.80637e+01 1.22966e+04
4.81038e+01 1.25174e+04
4.81440e+01 1.30918e+04
4.81841e+01 1.26749e+04
4.82242e+01 1.04829e+04
4.82642e+01 1.23827e+04
4.83043e+01 1.28921e+04
4.83443e+01 1.24158e+04
4.83843e+01 1.18900e+04
4.84243e+01 1.24744e+04
4.84642e+01 1.26331e+04
4.85041e+01 1.35229e+04
4.85440e+01 1.37689e+04
4.85839e+01 1.33550e+04
4.86238e+01 1.35013e+04
4.86636e+01 1.34647e+04
4.87034e+01 1.17759e+04
4.87432e+01 1.25354e+04
4.87829e+01 1.07586e+04
4.88226e+01 1.12820e+04
4.88623e+01 1.13209e+04
4.89020e+01 1.43278e+04
4.89417e+01 1.47137e+04
4.89813e+01 1.46856e+04
4.90209e+01 1.27972e+04
4.90605e+01 1.30734e+04
4.91000e+01 1.24149e+04
4.91395e+01 1.31102e+04
4.91790e+01 1.32245e+04
4.92185e+01 1.26112e+04
4.92580e+01 1.13794e+04
4.92974e+01 1.24920e+04
4.93368e+01 1.25475e+04
4.93762e+01 1.12516e+04
4.94156e+01 1.19972e+04
4.94549e+01 1.22126e+04
4.94942e+01 1.29487e+04
4.95335e+01 1.29582e+04
4.95727e+01 1.13391e+04
4.96120e+01 1.04144e+04
4.96512e+01 1.08791e+04
4.96904e+01 1.09936e+04
4.97295e+01 1.37907e+04
4.97687e+01 1.14701e+04
4.98078e+01 1.08349e+04
4.98469e+01 1.13820e+04
4.98859e+01 1.07869e+04
4.99250e+01 1.03632e+04
4.99640e+01 1.18770e+04
5.00030e+01 1.25533e+04
5.00419e+01 1.34230e+04
5.00809e+01 1.25672e+04
5.01198e+01 1.19464e+04
5.01587e+01 1.13943e+04
5.01975e+01 1.27415e+04
5.02364e+01 1.34616e+04
5.02752e+01 1.34285e+04
5.03140e+01 1.30796e+04
5.03528e+01 1.38604e+04
5.03915e+01 1.29535e+04
5.04302e+01 1.31287e+04
5.04689e+01 1.33561e+04
5.05076e+01 1.38813e+04
5.05462e+01 1.36133e+04
5.05849e+01 1.33158e+04
5.06234e+01 1.32762e+04
5.06620e+01 1.40128e+04
5.07006e+01 1.28264e+04
5.07391e+01 1.15915e+04
5.07776e+01 1.16979e+04
5.08161e+01 1.28288e+04
5.08545e+01 1.13980e+04
5.08929e+01 1.32642e+04
5.09313e+01 1.40183e+04
5.09697e+01 1.22960e+04
5.10081e+01 1.14636e+04
5.10464e+01 1.23210e+04
5.10847e+01 1.29076e+04
5.11230e+01 1.19864e+04
5.11612e+01 1.15091e+04
5.11994e+01 1.19883e+04
5.12376e+01 1.33715e+04
5.12758e+01 1.35583e+04
5.13140e+01 1.27269e+04
5.13521e+01 1.34368e+04
5.13902e+01 1.47378e+04
5.14283e+01 1.38680e+04
5.14664e+01 1.24649e+04
5.15044e+01 1.18160e+04
5.15424e+01 1.06352e+04
5.15804e+01 1.14568e+04
5.16183e+01 1.25755e+04
5.16563e+01 1.37810e+04
5.16942e+01 1.33619e+04
5.17321e+01 1.25667e+04
5.17699e+01 1.35379e+04
5.18078e+01 1.24904e+04
5.18456e+01 1.34241e+04
5.18833e+01 1.33324e+04
5.19211e+01 1.32904e+04
5.19588e+01 1.31802e+04
5.19966e+01 1.48767e+04
5.20342e+01 1.46188e+04
5.20719e+01 1.21882e+04
5.21095e+01 1.21001e+04
5.21472e+01 1.38257e+04
5.21848e+01 1.35126e+04
5.22223e+01 1.35503e+04
5.22599e+01 1.23901e+04
5.22974e+01 1.31149e+04
5.23349e+01 1.28830e+04
5.23723e+01 1.22845e+04
5.24098e+01 1.20333e+04
5.24472e+01 1.15389e+04
5.24846e+01 1.04508e+04
5.25220e+01 1.25654e+04
5.25593e+01 1.28342e+04
5.25966e+01 1.26476e+04
5.26339e+01 1.04178e+04
5.26712e+01 1.02443e+04
5.27084e+01 9.50690e+03
5.27457e+01 1.05112e+04
5.27829e+01 1.20770e+04
5.28200e+01 1.27439e+04
5.28572e+01 1.04106e+04
5.28943e+01 1.09378e+04
5.29314e+01 1.12980e+04
5.29685e+01 1.20849e+04
5.30055e+01 1.13611e+04
5.30425e+01 1.14840e+04
5.30795e+01 1.21671e+04
5.31165e+01 1.06154e+04
5.31535e+01 1.19393e+04
5.31904e+01 1.13672e+04
5.32273e+01 1.07028e+04
5.32642e+01 1.11472e+04
5.33010e+01 1.17451e+04
5.33379e+01 1.16586e+04
5.33747e+01 1.05251e+04
5.34115e+01 1.13191e+04
5.34482e+01 1.19838e+04
5.34849e+01 1.14086e+04
5.35216e+01 1.31210e+04
5.35583e+01 1.15937e+04
5.35950e+01 1.11957e+04
5.36316e+01 1.17019e+04
5.36682e+01 1.26417e+04
5.37048e+01 1.22882e+04
5.37414e+01 1.14730e+04
5.37779e+01 1.16845e+04
5.38144e+01 1.05503e+04
5.38509e+01 1.04711e+04
5.38874e+01 1.20236e+04
5.39238e+01 1.05227e+04
5.39602e+01 1.09372e+04
5.39966e+01 1.07388e+04
5.40330e+01 1.01944e+04
5.40693e+01 9.39720e+03
5.41056e+01 1.09014e+04
5.41419e+01 1.12866e+04
5.41782e+01 9.49090e+03
5.42144e+01 8.95510e+03
5.42506e+01 1.04634e+04
5.42868e+01 1.06029e+04
5.43230e+01 1.14599e+04
5.43591e+01 1.21822e+04
5.43952e+01 1.16085e+04
5.44313e+01 9.14390e+03
5.44674e+01 7.54520e+03
5.45034e+01 1.06908e+04
5.45395e+01 1.17027e+04
5.45755e+01 1.25978e+04
5.46114e+01 1.14373e+04
5.46474e+01 1.07340e+04
5.46833e+01 1.01295e+04
5.47192e+01 1.15291e+04
5.47551e+01 1.20054e+04
5.47909e+01 1.03420e+04
5.48267e+01 1.12052e+04
5.48625e+01 1.26856e+04
5.48983e+01 1.29304e+04
5.49340e+01 1.03948e+04
5.49698e+01 1.16116e+04
5.50055e+01 1.01806e+04
5.50411e+01 1.04475e+04
5.50768e+01 1.17281e+04
5.51124e+01 1.12542e+04
5.51480e+01 1.11142e+04
5.51836e+01 1.03498e+04
5.52192e+01 1.07338e+04
5.52547e+01 1.38785e+04
5.52902e+01 1.25426e+04
5.53257e+01 1.36846e+04
5.53611e+01 1.11815e+04
5.53966e+01 1.08825e+04
5.54320e+01 1.06148e+04
5.54673e+01 1.28014e+04
5.55027e+01 1.41264e+04
5.55380e+01 1.31503e+04
5.55733e+01 1.33489e+04
5.56086e+01 1.27609e+04
5.56439e+01 1.10606e+04
5.56791e+01 1.27046e+04
5.57143e+01 1.19205e+04
5.57495e+01 1.13524e+04
5.57847e+01 1.05526e+04
5.58198e+01 1.08091e+04
5.58549e+01 1.35106e+04
5.58900e+01 1.32095e+04
5.59251e+01 1.21213e+04
5.59601e+01 1.06571e+04
5.59951e+01 1.15024e+04
5.60301e+01 1.37123e+04
5.60651e+01 1.32840e+04
5.61000e+01 1.22397e+04
5.61349e+01 1.33346e+04
5.61698e+01 1.42026e+04
5.62047e+01 1.41297e+04
5.62395e+01 1.27664e+04
5.62743e+01 1.30734e+04
5.63091e+01 1.28877e+04
5.63439e+01 1.30804e+04
5.63786e+01 1.51328e+04
5.64134e+01 1.59305e+04
5.64481e+01 1.63829e+04
5.64827e+01 1.40764e+04
5.65174e+01 1.51442e+04
5.65520e+01 1.65873e+04
5.65866e+01 1.31927e+04
5.66212e+01 1.21896e+04
5.66557e+01 1.45773e+04
5.66902e+01 1.49649e+04
5.67247e+01 1.32515e+04
5.67592e+01 1.48812e+04
5.67936e+01 1.48002e+04
5.68281e+01 1.61135e+04
5.68625e+01 1.57812e+04
5.68968e+01 1.68446e+04
5.69312e+01 1.68992e+04
5.69655e+01 1.66110e+04
5.69998e+01 1.39090e+04
5.70341e+01 1.36976e+04
5.70683e+01 1.64395e+04
5.71026e+01 1.64155e+04
5.71368e+01 1.49963e+04
5.71710e+01 1.51774e+04
5.72051e+01 1.57208e+04
5.72392e+01 1.72928e+04
5.72733e+01 1.75239e+04
5.73074e+01 1.61538e+04
5.73415e+01 1.47831e+04
5.73755e+01 1.49912e+04
5.74095e+01 1.48389e+04
5.74435e+01 1.46316e+04
5.74775e+01 1.40994e+04
5.75114e+01 1.48768e+04
5.75453e+01 1.39982e+04
5.75792e+01 1.28440e+04
5.76130e+01 1.57355e+04
5.76469e+01 1.72884e+04
5.76807e+01 1.48829e+04
5.77145e+01 1.39077e+04
5.77482e+01 1.26510e+04
5.77820e+01 1.24949e+04
5.78157e+01 1.32151e+04
5.78494e+01 1.39654e+04
5.78830e+01 1.37177e+04
5.79167e+01 1.30840e+04
5.79503e+01 1.11650e+04
5.79839e+01 9.31730e+03
5.80174e+01 1.04100e+04
5.80510e+01 1.07735e+04
5.80845e+01 1.10222e+04
5.81180e+01 1.21284e+04
5.81515e+01 1.23647e+04
5.81849e+01 1.09302e+04
5.82183e+01 1.05690e+04
5.82517e+01 1.00503e+04
5.82851e+01 1.17089e+04
5.83184e+01 1.16318e+04
5.83517e+01 1.29177e+04
5.83850e+01 1.24431e+04
5.84183e+01 1.08191e+04
5.84516e+01 1.04331e+04
5.84848e+01 9.65600e+03
5.85180e+01 8.88690e+03
5.85511e+01 1.00971e+04
5.85843e+01 8.83940e+03
5.86174e+01 9.51560e+03
5.86505e+01 9.62400e+03
5.86836e+01 8.68980e+03
5.87166e+01 8.88260e+03
5.87497e+01 8.28360e+03
5.87827e+01 9.11010e+03
5.88156e+01 8.33100e+03
5.88486e+01 9.87320e+03
5.88815e+01 1.00534e+04
5.89144e+01 1.03095e+04
5.89473e+01 7.43900e+03
5.89802e+01 9.11100e+03
5.90130e+01 1.05256e+04
5.90458e+01 1.05538e+04
5.90786e+01 9.42540e+03
5.91113e+01 8.67470e+03
5.91441e+01 8.40450e+03
5.91768e+01 9.38140e+03
5.92094e+01 9.04190e+03
5.92421e+01 1.13062e+04
5.92747e+01 9.77420e+03
5.93073e+01 8.98940e+03
5.93399e+01 9.20710e+03
5.93725e+01 9.70550e+03
5.94050e+01 9.94010e+03
5.94375e+01 9.18870e+03
5.94700e+01 9.17760e+03
5.95025e+01 8.23070e+03
5.95349e+01 8.52540e+03
5.95673e+01 1.00355e+04
5.95997e+01 1.00773e+04
5.96321e+01 8.43940e+03
5.96644e+01 7.33970e+03
5.96967e+01 8.09560e+03
5.97290e+01 8.76340e+03
5.97613e+01 8.50930e+03
5.97935e+01 8.08440e+03
5.98257e+01 6.63780e+03
5.98579e+01 8.22080e+03
5.98901e+01 8.81090e+03
5.99222e+01 8.02050e+03
5.99543e+01 7.87650e+03
5.99864e+01 8.15400e+03
6.00185e+01 8.10550e+03
6.00505e+01 8.16630e+03
6.00826e+01 8.30360e+03
6.01146e+01 1.06597e+04
6.01465e+01 1.13495e+04
6.01785e+01 1.07812e+04
6.02104e+01 9.73800e+03
6.02423e+01 1.00247e+04
6.02742e+01 1.02283e+04
6.03060e+01 9.85560e+03
6.03378e+01 8.69730e+03
6.03696e+01 8.14180e+03
6.04014e+01 9.30780e+03
6.04332e+01 8.99980e+03
6.04649e+01 8.86160e+03
6.04966e+01 8.70950e+03
6.05283e+01 9.22420e+03
6.05599e+01 9.62800e+03
6.05915e+01 8.61170e+03
6.06231e+01 7.74970e+03
6.06547e+01 8.10720e+03
6.06863e+01 9.21140e+03
6.07178e+01 9.57540e+03
6.07493e+01 9.58140e+03
6.07808e+01 8.39520e+03
6.08122e+01 8.21180e+03
6.08437e+01 8.34500e+03
6.08751e+01 8.38400e+03
6.09064e+01 8.83730e+03
6.09378e+01 9.71800e+03
6.09691e+01 9.62500e+03
6.10004e+01 1.01724e+04
6.10317e+01 8.05720e+03
6.10630e+01 7.86380e+03
6.10942e+01 7.57360e+03
6.11254e+01 7.75520e+03
6.11566e+01 7.81630e+03
6.11878e+01 8.33670e+03
6.12189e+01 8.20900e+03
6.12500e+01 8.22460e+03
6.12811e+01 8.99170e+03
6.13122e+01 9.51420e+03
6.13432e+01 8.08680e+03
6.13742e+01 9.22540e+03
6.14052e+01 8.53840e+03
6.14362e+01 8.77730e+03
6.14671e+01 6.99570e+03
6.14980e+01 7.64580e+03
6.15289e+01 7.04840e+03
6.15598e+01 8.79170e+03
6.15906e+01 9.88630e+03
6.16214e+01 8.16640e+03
6.16522e+01 7.67080e+03
6.16830e+01 8.27950e+03
6.17137e+01 8.19160e+03
6.17445e+01 9.22030e+03
6.17751e+01 7.65380e+03
6.18058e+01 7.12850e+03
6.18365e+01 7.56540e+03
6.18671e+01 8.80270e+03
6.18977e+01 8.19560e+03
6.19282e+01 8.47520e+03
6.19588e+01 8.25700e+03
6.19893e+01 8.79360e+03
6.20198e+01 7.26810e+03
6.20503e+01 7.29460e+03
6.20807e+01 6.86330e+03
6.21112e+01 6.52750e+03
6.21416e+01 5.93490e+03
6.21719e+01 5.82010e+03
6.22023e+01 6.95990e+03
6.22326e+01 6.75920e+03
6.22629e+01 8.57920e+03
6.22932e+01 6.81790e+03
6.23234e+01 7.18990e+03
6.23537e+01 7.92230e+03
6.23839e+01 7.89400e+03
6.24140e+01 8.12870e+03
6.24442e+01 7.41860e+03
6.24743e+01 7.57210e+03
6.25044e+01 7.45470e+03
6.25345e+01 8.45410e+03
6.25646e+01 8.80260e+03
6.25946e+01 7.50600e+03
6.26246e+01 8.40560e+03
6.26546e+01 6.78560e+03
6.26845e+01 7.82350e+03
6.27145e+01 7.44820e+03
6.27444e+01 9.11850e+03
6.27743e+01 6.86730e+03
6.28041e+01 7.35260e+03
6.28340e+01 7.94100e+03
6.28638e+01 8.45500e+03
6.28936e+01 7.29240e+03
6.29233e+01 6.83100e+03
6.29531e+01 7.86510e+03
6.29828e+01 8.68500e+03
6.30125e+01 8.63270e+03
6.30421e+01 7.67600e+03
6.30718e+01 8.23490e+03
6.31014e+01 8.80040e+03
6.31310e+01 8.40140e+03
6.31605e+01 7.28330e+03
6.31901e+01 8.00960e+03
6.32196e+01 7.48480e+03
6.32491e+01 7.99360e+03
6.32785e+01 7.77540e+03
6.33080e+01 8.15410e+03
6.33374e+01 6.79960e+03
6.33668e+01 6.34960e+03
6.33962e+01 6.48870e+03
6.34255e+01 6.54010e+03
6.34548e+01 7.11570e+03
6.34841e+01 6.93910e+03
6.35134e+01 5.96130e+03
6.35426e+01 5.74820e+03
6.35719e+01 5.67750e+03
6.36011e+01 4.53400e+03
6.36302e+01 3.30010e+03
6.36594e+01 2.46910e+03
6.36885e+01 2.56690e+03
6.37176e+01 1.46220e+03
