# La4Ni3O8 Ni L2 edge RIXS
# T = 300 K
# RIXS resolution ~ 0.4 eV
# Horizontal scattering geometry, theta = 15 degrees, 2theta = 95 degrees
# SEXTANTS beamline, SOLEIL synchrotron
# Energy loss 	 Intensity
-4.82790e+01 -9.11000e+01
-4.81994e+01 2.85700e+02
-4.81199e+01 3.07000e+02
-4.80404e+01 4.92200e+02
-4.79609e+01 1.10160e+03
-4.78814e+01 1.61880e+03
-4.78020e+01 2.22990e+03
-4.77226e+01 1.58890e+03
-4.76432e+01 2.62290e+03
-4.75638e+01 2.23930e+03
-4.74845e+01 2.17780e+03
-4.74052e+01 1.61800e+03
-4.73259e+01 2.21190e+03
-4.72466e+01 2.15640e+03
-4.71674e+01 2.73600e+03
-4.70882e+01 2.22270e+03
-4.70090e+01 2.80370e+03
-4.69298e+01 2.17670e+03
-4.68507e+01 1.69050e+03
-4.67716e+01 1.80380e+03
-4.66925e+01 2.30050e+03
-4.66134e+01 1.69220e+03
-4.65344e+01 1.93730e+03
-4.64554e+01 1.23530e+03
-4.63764e+01 2.46550e+03
-4.62974e+01 2.70330e+03
-4.62185e+01 1.73560e+03
-4.61396e+01 6.27100e+02
-4.60607e+01 1.62280e+03
-4.59818e+01 2.59090e+03
-4.59030e+01 2.05110e+03
-4.58241e+01 3.63770e+03
-4.57453e+01 2.28870e+03
-4.56666e+01 1.70760e+03
-4.55878e+01 5.52800e+02
-4.55091e+01 1.81150e+03
-4.54304e+01 1.59110e+03
-4.53517e+01 2.56190e+03
-4.52731e+01 1.54680e+03
-4.51945e+01 4.86900e+02
-4.51159e+01 8.39900e+02
-4.50373e+01 8.94100e+02
-4.49588e+01 1.38330e+03
-4.48802e+01 1.78640e+03
-4.48017e+01 1.21540e+03
-4.47233e+01 1.40250e+03
-4.46448e+01 1.85360e+03
-4.45664e+01 1.98560e+03
-4.44880e+01 1.88180e+03
-4.44096e+01 2.37550e+03
-4.43312e+01 1.75240e+03
-4.42529e+01 1.50320e+03
-4.41746e+01 2.25950e+03
-4.40963e+01 1.22350e+03
-4.40181e+01 9.22600e+02
-4.39398e+01 1.56510e+03
-4.38616e+01 1.41250e+03
-4.37835e+01 1.69300e+03
-4.37053e+01 2.36620e+03
-4.36272e+01 2.28150e+03
-4.35491e+01 1.68930e+03
-4.34710e+01 1.80690e+03
-4.33929e+01 2.75790e+03
-4.33149e+01 3.13750e+03
-4.32369e+01 2.83630e+03
-4.31589e+01 1.66110e+03
-4.30809e+01 2.03050e+03
-4.30030e+01 1.85810e+03
-4.29251e+01 2.82100e+03
-4.28472e+01 1.28080e+03
-4.27693e+01 1.83410e+03
-4.26915e+01 2.89740e+03
-4.26137e+01 3.58520e+03
-4.25359e+01 2.38910e+03
-4.24581e+01 2.90380e+03
-4.23804e+01 3.20650e+03
-4.23027e+01 2.69630e+03
-4.22250e+01 1.82210e+03
-4.21473e+01 1.72470e+03
-4.20697e+01 1.48360e+03
-4.19921e+01 1.23590e+03
-4.19145e+01 1.09600e+03
-4.18369e+01 1.35160e+03
-4.17594e+01 9.66500e+02
-4.16818e+01 2.15990e+03
-4.16043e+01 2.76920e+03
-4.15269e+01 2.83680e+03
-4.14494e+01 2.67470e+03
-4.13720e+01 2.75590e+03
-4.12946e+01 1.90670e+03
-4.12172e+01 2.27700e+03
-4.11399e+01 1.65970e+03
-4.10626e+01 1.57950e+03
-4.09853e+01 1.76670e+03
-4.09080e+01 1.78910e+03
-4.08308e+01 1.56220e+03
-4.07535e+01 2.18080e+03
-4.06763e+01 1.75840e+03
-4.05992e+01 3.12970e+03
-4.05220e+01 2.04510e+03
-4.04449e+01 2.58960e+03
-4.03678e+01 2.51900e+03
-4.02907e+01 2.47010e+03
-4.02137e+01 2.23050e+03
-4.01366e+01 1.84610e+03
-4.00596e+01 1.61450e+03
-3.99826e+01 2.80820e+03
-3.99057e+01 1.98200e+03
-3.98288e+01 2.90030e+03
-3.97519e+01 1.82920e+03
-3.96750e+01 2.31790e+03
-3.95981e+01 2.86260e+03
-3.95213e+01 2.07200e+03
-3.94445e+01 2.49080e+03
-3.93677e+01 2.64800e+03
-3.92909e+01 1.57690e+03
-3.92142e+01 2.54650e+03
-3.91375e+01 3.04950e+03
-3.90608e+01 2.87090e+03
-3.89842e+01 2.13860e+03
-3.89075e+01 2.31630e+03
-3.88309e+01 2.91420e+03
-3.87543e+01 3.07360e+03
-3.86778e+01 2.73270e+03
-3.86012e+01 3.07680e+03
-3.85247e+01 2.03390e+03
-3.84482e+01 2.24300e+03
-3.83718e+01 2.45160e+03
-3.82953e+01 2.03830e+03
-3.82189e+01 3.04060e+03
-3.81425e+01 2.02070e+03
-3.80662e+01 1.62190e+03
-3.79898e+01 2.03450e+03
-3.79135e+01 2.15710e+03
-3.78372e+01 3.00370e+03
-3.77609e+01 3.73310e+03
-3.76847e+01 2.84360e+03
-3.76085e+01 2.71190e+03
-3.75323e+01 2.70030e+03
-3.74561e+01 3.93030e+03
-3.73800e+01 2.81920e+03
-3.73039e+01 1.67470e+03
-3.72278e+01 2.06170e+03
-3.71517e+01 1.37240e+03
-3.70756e+01 2.16780e+03
-3.69996e+01 3.16100e+03
-3.69236e+01 2.30640e+03
-3.68477e+01 4.55100e+02
-3.67717e+01 1.34040e+03
-3.66958e+01 1.51990e+03
-3.66199e+01 1.84750e+03
-3.65440e+01 2.12880e+03
-3.64682e+01 2.08250e+03
-3.63923e+01 2.58640e+03
-3.63165e+01 2.62560e+03
-3.62408e+01 1.44720e+03
-3.61650e+01 1.69270e+03
-3.60893e+01 3.28260e+03
-3.60136e+01 3.03510e+03
-3.59379e+01 2.12450e+03
-3.58622e+01 1.75800e+03
-3.57866e+01 1.57300e+03
-3.57110e+01 2.20530e+03
-3.56354e+01 2.06260e+03
-3.55599e+01 3.22730e+03
-3.54843e+01 2.49650e+03
-3.54088e+01 1.95180e+03
-3.53334e+01 1.53560e+03
-3.52579e+01 2.47190e+03
-3.51825e+01 1.53770e+03
-3.51071e+01 2.44760e+03
-3.50317e+01 2.89670e+03
-3.49563e+01 2.73150e+03
-3.48810e+01 1.92300e+03
-3.48057e+01 2.09090e+03
-3.47304e+01 2.32540e+03
-3.46551e+01 2.25260e+03
-3.45799e+01 2.20210e+03
-3.45047e+01 2.73050e+03
-3.44295e+01 2.88420e+03
-3.43543e+01 2.49270e+03
-3.42792e+01 2.46750e+03
-3.42041e+01 3.57030e+03
-3.41290e+01 2.48510e+03
-3.40539e+01 3.07230e+03
-3.39789e+01 2.70960e+03
-3.39039e+01 3.50630e+03
-3.38289e+01 2.65340e+03
-3.37539e+01 2.88440e+03
-3.36790e+01 3.16820e+03
-3.36041e+01 3.23580e+03
-3.35292e+01 2.56830e+03
-3.34543e+01 2.95130e+03
-3.33794e+01 2.91080e+03
-3.33046e+01 4.35700e+03
-3.32298e+01 2.37610e+03
-3.31551e+01 3.47460e+03
-3.30803e+01 4.45260e+03
-3.30056e+01 4.60080e+03
-3.29309e+01 2.93800e+03
-3.28562e+01 1.38630e+03
-3.27816e+01 1.63160e+03
-3.27070e+01 1.91030e+03
-3.26324e+01 1.98020e+03
-3.25578e+01 2.72350e+03
-3.24832e+01 3.40820e+03
-3.24087e+01 2.43180e+03
-3.23342e+01 2.88020e+03
-3.22597e+01 2.38820e+03
-3.21853e+01 1.53480e+03
-3.21109e+01 2.01530e+03
-3.20365e+01 2.23380e+03
-3.19621e+01 3.10860e+03
-3.18877e+01 2.80900e+03
-3.18134e+01 2.78720e+03
-3.17391e+01 1.95070e+03
-3.16648e+01 2.48240e+03
-3.15906e+01 2.76500e+03
-3.15163e+01 2.21120e+03
-3.14421e+01 2.83000e+03
-3.13679e+01 3.64390e+03
-3.12938e+01 2.71950e+03
-3.12197e+01 2.27780e+03
-3.11456e+01 1.95810e+03
-3.10715e+01 2.10530e+03
-3.09974e+01 1.60930e+03
-3.09234e+01 2.27290e+03
-3.08494e+01 1.21130e+03
-3.07754e+01 1.98200e+03
-3.07014e+01 2.41060e+03
-3.06275e+01 2.08360e+03
-3.05536e+01 2.45320e+03
-3.04797e+01 2.13580e+03
-3.04058e+01 2.59910e+03
-3.03320e+01 2.37940e+03
-3.02582e+01 1.34780e+03
-3.01844e+01 1.93300e+03
-3.01106e+01 2.27040e+03
-3.00369e+01 2.34150e+03
-2.99632e+01 4.02160e+03
-2.98895e+01 3.42400e+03
-2.98158e+01 2.79080e+03
-2.97422e+01 2.28800e+03
-2.96686e+01 2.19590e+03
-2.95950e+01 2.18280e+03
-2.95214e+01 3.93670e+03
-2.94479e+01 1.56010e+03
-2.93743e+01 1.53410e+03
-2.93008e+01 2.75150e+03
-2.92274e+01 2.49790e+03
-2.91539e+01 2.12200e+03
-2.90805e+01 1.82860e+03
-2.90071e+01 2.45460e+03
-2.89337e+01 2.78300e+03
-2.88604e+01 1.89130e+03
-2.87871e+01 3.11750e+03
-2.87138e+01 2.75050e+03
-2.86405e+01 2.19160e+03
-2.85673e+01 1.80470e+03
-2.84940e+01 2.58980e+03
-2.84208e+01 2.51610e+03
-2.83477e+01 3.34620e+03
-2.82745e+01 2.11050e+03
-2.82014e+01 2.63830e+03
-2.81283e+01 2.06260e+03
-2.80552e+01 2.49950e+03
-2.79822e+01 2.00590e+03
-2.79091e+01 3.68270e+03
-2.78361e+01 2.90080e+03
-2.77631e+01 3.39110e+03
-2.76902e+01 2.20960e+03
-2.76173e+01 1.33520e+03
-2.75444e+01 2.19990e+03
-2.74715e+01 2.80540e+03
-2.73986e+01 2.96310e+03
-2.73258e+01 2.97370e+03
-2.72530e+01 1.57520e+03
-2.71802e+01 1.96710e+03
-2.71074e+01 2.22260e+03
-2.70347e+01 2.56080e+03
-2.69620e+01 2.52420e+03
-2.68893e+01 3.27970e+03
-2.68167e+01 3.45530e+03
-2.67440e+01 3.15570e+03
-2.66714e+01 2.52680e+03
-2.65988e+01 2.01710e+03
-2.65263e+01 1.43910e+03
-2.64537e+01 2.76690e+03
-2.63812e+01 2.56250e+03
-2.63087e+01 2.60390e+03
-2.62363e+01 1.21760e+03
-2.61638e+01 9.17100e+02
-2.60914e+01 2.75700e+03
-2.60190e+01 1.90520e+03
-2.59467e+01 2.26690e+03
-2.58743e+01 2.31590e+03
-2.58020e+01 2.47570e+03
-2.57297e+01 2.39290e+03
-2.56574e+01 2.08280e+03
-2.55852e+01 3.22030e+03
-2.55130e+01 2.26540e+03
-2.54408e+01 1.39260e+03
-2.53686e+01 2.72010e+03
-2.52965e+01 2.00780e+03
-2.52244e+01 2.63920e+03
-2.51523e+01 2.56440e+03
-2.50802e+01 2.54660e+03
-2.50082e+01 2.27380e+03
-2.49361e+01 2.40190e+03
-2.48641e+01 1.59210e+03
-2.47922e+01 2.00100e+03
-2.47202e+01 2.07930e+03
-2.46483e+01 2.84320e+03
-2.45764e+01 2.30460e+03
-2.45045e+01 2.16830e+03
-2.44327e+01 1.89720e+03
-2.43608e+01 2.44430e+03
-2.42890e+01 2.20240e+03
-2.42173e+01 2.86660e+03
-2.41455e+01 2.69900e+03
-2.40738e+01 2.65030e+03
-2.40021e+01 2.19150e+03
-2.39304e+01 2.64630e+03
-2.38588e+01 1.74960e+03
-2.37871e+01 1.72640e+03
-2.37155e+01 5.15400e+02
-2.36439e+01 2.55430e+03
-2.35724e+01 1.95040e+03
-2.35009e+01 2.64680e+03
-2.34294e+01 2.14780e+03
-2.33579e+01 1.61060e+03
-2.32864e+01 1.07020e+03
-2.32150e+01 1.96990e+03
-2.31436e+01 1.22630e+03
-2.30722e+01 2.18560e+03
-2.30008e+01 1.80480e+03
-2.29295e+01 3.12460e+03
-2.28582e+01 2.43490e+03
-2.27869e+01 2.42100e+03
-2.27156e+01 2.21430e+03
-2.26444e+01 4.04030e+03
-2.25732e+01 2.87350e+03
-2.25020e+01 2.65810e+03
-2.24308e+01 2.50200e+03
-2.23597e+01 2.91420e+03
-2.22886e+01 2.78470e+03
-2.22175e+01 3.45260e+03
-2.21464e+01 2.30370e+03
-2.20754e+01 1.48530e+03
-2.20044e+01 8.67100e+02
-2.19334e+01 1.95270e+03
-2.18624e+01 1.62890e+03
-2.17915e+01 8.28200e+02
-2.17206e+01 2.95580e+03
-2.16497e+01 1.63470e+03
-2.15788e+01 1.26060e+03
-2.15080e+01 2.54160e+03
-2.14372e+01 2.19920e+03
-2.13664e+01 2.20650e+03
-2.12956e+01 2.59910e+03
-2.12248e+01 2.45090e+03
-2.11541e+01 1.70250e+03
-2.10834e+01 2.05700e+03
-2.10128e+01 2.01500e+03
-2.09421e+01 1.82110e+03
-2.08715e+01 1.64250e+03
-2.08009e+01 2.43270e+03
-2.07303e+01 2.54450e+03
-2.06598e+01 2.39210e+03
-2.05892e+01 2.73320e+03
-2.05187e+01 2.19760e+03
-2.04483e+01 2.79450e+03
-2.03778e+01 2.43890e+03
-2.03074e+01 1.78150e+03
-2.02370e+01 6.02400e+02
-2.01666e+01 1.52930e+03
-2.00963e+01 2.61790e+03
-2.00259e+01 2.66640e+03
-1.99556e+01 2.46670e+03
-1.98853e+01 2.65850e+03
-1.98151e+01 2.72730e+03
-1.97449e+01 2.38240e+03
-1.96747e+01 2.34920e+03
-1.96045e+01 1.87310e+03
-1.95343e+01 2.39920e+03
-1.94642e+01 2.57880e+03
-1.93941e+01 1.52620e+03
-1.93240e+01 2.15400e+03
-1.92539e+01 3.05930e+03
-1.91839e+01 2.57000e+03
-1.91139e+01 2.08420e+03
-1.90439e+01 2.49140e+03
-1.89740e+01 1.81510e+03
-1.89040e+01 2.14170e+03
-1.88341e+01 5.71600e+02
-1.87642e+01 2.09980e+03
-1.86944e+01 2.75320e+03
-1.86245e+01 3.23270e+03
-1.85547e+01 1.46300e+03
-1.84849e+01 3.66900e+03
-1.84152e+01 2.03570e+03
-1.83454e+01 3.32580e+03
-1.82757e+01 3.56170e+03
-1.82060e+01 2.86900e+03
-1.81364e+01 2.84000e+03
-1.80667e+01 2.40180e+03
-1.79971e+01 2.54510e+03
-1.79275e+01 2.01070e+03
-1.78579e+01 2.46190e+03
-1.77884e+01 2.50890e+03
-1.77189e+01 2.22920e+03
-1.76494e+01 1.43130e+03
-1.75799e+01 1.65970e+03
-1.75105e+01 2.18400e+03
-1.74410e+01 1.72820e+03
-1.73717e+01 2.60350e+03
-1.73023e+01 3.93710e+03
-1.72329e+01 1.90860e+03
-1.71636e+01 2.00420e+03
-1.70943e+01 1.47160e+03
-1.70250e+01 3.70730e+03
-1.69558e+01 1.99290e+03
-1.68866e+01 3.01370e+03
-1.68174e+01 2.30500e+03
-1.67482e+01 2.66690e+03
-1.66791e+01 1.90430e+03
-1.66099e+01 1.95560e+03
-1.65408e+01 2.53420e+03
-1.64717e+01 1.92340e+03
-1.64027e+01 2.42140e+03
-1.63337e+01 2.85070e+03
-1.62647e+01 2.10030e+03
-1.61957e+01 2.54390e+03
-1.61267e+01 3.00640e+03
-1.60578e+01 3.99590e+03
-1.59889e+01 3.63960e+03
-1.59200e+01 2.64790e+03
-1.58512e+01 2.46580e+03
-1.57823e+01 2.58580e+03
-1.57135e+01 8.36800e+02
-1.56447e+01 2.25190e+03
-1.55760e+01 2.44570e+03
-1.55073e+01 2.86870e+03
-1.54385e+01 3.41530e+03
-1.53699e+01 3.44840e+03
-1.53012e+01 1.56990e+03
-1.52326e+01 2.25890e+03
-1.51640e+01 2.06140e+03
-1.50954e+01 2.48550e+03
-1.50268e+01 1.87970e+03
-1.49583e+01 2.60200e+03
-1.48898e+01 2.24350e+03
-1.48213e+01 4.27290e+03
-1.47528e+01 3.75900e+03
-1.46844e+01 4.16940e+03
-1.46160e+01 2.24470e+03
-1.45476e+01 2.02890e+03
-1.44792e+01 2.83940e+03
-1.44109e+01 3.83900e+03
-1.43426e+01 3.33480e+03
-1.42743e+01 3.96940e+03
-1.42060e+01 2.06990e+03
-1.41378e+01 1.81210e+03
-1.40695e+01 1.51780e+03
-1.40013e+01 3.01390e+03
-1.39332e+01 2.59820e+03
-1.38650e+01 3.16770e+03
-1.37969e+01 1.37810e+03
-1.37288e+01 2.47870e+03
-1.36607e+01 1.62510e+03
-1.35927e+01 3.14080e+03
-1.35247e+01 4.05650e+03
-1.34567e+01 3.76550e+03
-1.33887e+01 3.81820e+03
-1.33208e+01 3.62520e+03
-1.32528e+01 3.50540e+03
-1.31849e+01 4.22770e+03
-1.31171e+01 5.00370e+03
-1.30492e+01 2.74940e+03
-1.29814e+01 3.12550e+03
-1.29136e+01 3.16740e+03
-1.28458e+01 3.49890e+03
-1.27781e+01 3.61360e+03
-1.27103e+01 2.42680e+03
-1.26426e+01 2.93650e+03
-1.25750e+01 3.55010e+03
-1.25073e+01 1.96240e+03
-1.24397e+01 2.31940e+03
-1.23721e+01 3.25950e+03
-1.23045e+01 3.88220e+03
-1.22369e+01 3.52890e+03
-1.21694e+01 3.13870e+03
-1.21019e+01 2.90840e+03
-1.20344e+01 2.95920e+03
-1.19670e+01 3.31850e+03
-1.18995e+01 3.51810e+03
-1.18321e+01 2.29670e+03
-1.17647e+01 2.35940e+03
-1.16974e+01 2.82800e+03
-1.16301e+01 3.00860e+03
-1.15627e+01 3.37870e+03
-1.14955e+01 2.41880e+03
-1.14282e+01 1.41380e+03
-1.13610e+01 2.70670e+03
-1.12938e+01 2.93700e+03
-1.12266e+01 3.19340e+03
-1.11594e+01 2.66760e+03
-1.10923e+01 3.74610e+03
-1.10252e+01 3.33950e+03
-1.09581e+01 3.68100e+03
-1.08910e+01 3.04290e+03
-1.08240e+01 4.03220e+03
-1.07569e+01 3.62660e+03
-1.06900e+01 4.20450e+03
-1.06230e+01 3.90140e+03
-1.05561e+01 3.00860e+03
-1.04891e+01 2.75810e+03
-1.04222e+01 3.37270e+03
-1.03554e+01 3.94130e+03
-1.02885e+01 4.24490e+03
-1.02217e+01 3.76300e+03
-1.01549e+01 2.70630e+03
-1.00881e+01 2.23730e+03
-1.00214e+01 3.59590e+03
-9.95468e+00 2.87760e+03
-9.88799e+00 3.56750e+03
-9.82132e+00 3.28360e+03
-9.75467e+00 3.37120e+03
-9.68805e+00 3.40140e+03
-9.62145e+00 3.60140e+03
-9.55488e+00 4.05530e+03
-9.48833e+00 4.05460e+03
-9.42181e+00 3.62260e+03
-9.35530e+00 4.05560e+03
-9.28883e+00 4.54560e+03
-9.22238e+00 3.61750e+03
-9.15595e+00 4.24450e+03
-9.08955e+00 4.30610e+03
-9.02318e+00 3.54420e+03
-8.95682e+00 3.07330e+03
-8.89050e+00 3.03650e+03
-8.82419e+00 3.78530e+03
-8.75791e+00 4.17270e+03
-8.69166e+00 3.45690e+03
-8.62543e+00 3.85300e+03
-8.55922e+00 3.19400e+03
-8.49305e+00 1.99060e+03
-8.42689e+00 4.06150e+03
-8.36076e+00 4.66460e+03
-8.29465e+00 3.90760e+03
-8.22857e+00 2.79090e+03
-8.16251e+00 3.50810e+03
-8.09648e+00 4.67650e+03
-8.03047e+00 3.44770e+03
-7.96448e+00 3.40790e+03
-7.89853e+00 4.14680e+03
-7.83259e+00 5.27960e+03
-7.76668e+00 3.72900e+03
-7.70079e+00 4.48840e+03
-7.63493e+00 3.84880e+03
-7.56910e+00 4.23000e+03
-7.50328e+00 3.76120e+03
-7.43750e+00 4.60840e+03
-7.37173e+00 4.17580e+03
-7.30599e+00 4.51310e+03
-7.24028e+00 2.83760e+03
-7.17459e+00 2.80180e+03
-7.10893e+00 2.07220e+03
-7.04328e+00 3.74880e+03
-6.97767e+00 4.49410e+03
-6.91208e+00 3.87790e+03
-6.84651e+00 2.71290e+03
-6.78097e+00 3.39260e+03
-6.71545e+00 3.67760e+03
-6.64996e+00 4.46740e+03
-6.58449e+00 3.43410e+03
-6.51904e+00 3.32810e+03
-6.45362e+00 3.01930e+03
-6.38823e+00 3.82790e+03
-6.32286e+00 3.12850e+03
-6.25751e+00 2.68930e+03
-6.19219e+00 3.58640e+03
-6.12689e+00 3.11150e+03
-6.06162e+00 3.23910e+03
-5.99637e+00 4.15540e+03
-5.93115e+00 3.41560e+03
-5.86595e+00 4.59340e+03
-5.80078e+00 4.83740e+03
-5.73563e+00 4.01380e+03
-5.67050e+00 3.20570e+03
-5.60540e+00 4.90730e+03
-5.54033e+00 5.50460e+03
-5.47527e+00 4.58730e+03
-5.41025e+00 3.80530e+03
-5.34524e+00 4.55090e+03
-5.28027e+00 4.01510e+03
-5.21531e+00 5.23800e+03
-5.15038e+00 4.97560e+03
-5.08548e+00 5.52830e+03
-5.02060e+00 5.17640e+03
-4.95574e+00 5.02060e+03
-4.89091e+00 4.95940e+03
-4.82611e+00 4.76380e+03
-4.76133e+00 4.43740e+03
-4.69657e+00 4.90520e+03
-4.63184e+00 3.84400e+03
-4.56713e+00 4.92090e+03
-4.50244e+00 5.56190e+03
-4.43779e+00 5.61610e+03
-4.37315e+00 4.65610e+03
-4.30854e+00 4.77730e+03
-4.24396e+00 4.34100e+03
-4.17940e+00 4.11950e+03
-4.11486e+00 5.06300e+03
-4.05035e+00 5.14000e+03
-3.98586e+00 5.50660e+03
-3.92140e+00 6.10120e+03
-3.85696e+00 5.16400e+03
-3.79255e+00 5.80350e+03
-3.72816e+00 5.39420e+03
-3.66379e+00 5.80290e+03
-3.59945e+00 5.89050e+03
-3.53514e+00 5.96710e+03
-3.47085e+00 6.12150e+03
-3.40658e+00 5.81560e+03
-3.34234e+00 4.57170e+03
-3.27812e+00 4.37200e+03
-3.21393e+00 6.91950e+03
-3.14976e+00 9.72650e+03
-3.08562e+00 8.29820e+03
-3.02150e+00 5.43490e+03
-2.95741e+00 6.14930e+03
-2.89333e+00 6.43800e+03
-2.82929e+00 6.93630e+03
-2.76527e+00 5.86220e+03
-2.70127e+00 6.43860e+03
-2.63730e+00 5.54920e+03
-2.57335e+00 5.96740e+03
-2.50943e+00 5.70680e+03
-2.44553e+00 6.59070e+03
-2.38166e+00 6.05260e+03
-2.31781e+00 6.14840e+03
-2.25399e+00 7.43570e+03
-2.19019e+00 9.01860e+03
-2.12641e+00 8.90420e+03
-2.06266e+00 8.37970e+03
-1.99893e+00 7.10810e+03
-1.93523e+00 8.76460e+03
-1.87155e+00 9.22570e+03
-1.80790e+00 8.51420e+03
-1.74427e+00 7.86690e+03
-1.68067e+00 8.64000e+03
-1.61709e+00 8.28450e+03
-1.55354e+00 9.46280e+03
-1.49001e+00 1.05531e+04
-1.42650e+00 1.33761e+04
-1.36302e+00 1.29862e+04
-1.29956e+00 1.09097e+04
-1.23613e+00 9.89330e+03
-1.17272e+00 1.35556e+04
-1.10934e+00 1.39883e+04
-1.04598e+00 1.44096e+04
-9.82650e-01 1.35753e+04
-9.19341e-01 1.45744e+04
-8.56056e-01 1.48843e+04
-7.92796e-01 1.63539e+04
-7.29560e-01 1.69356e+04
-6.66349e-01 1.98344e+04
-6.03163e-01 2.52794e+04
-5.40001e-01 3.14057e+04
-4.76864e-01 3.83627e+04
-4.13751e-01 4.87039e+04
-3.50663e-01 6.11063e+04
-2.87599e-01 8.03930e+04
-2.24560e-01 1.25509e+05
-1.61545e-01 1.84190e+05
-9.85550e-02 2.47808e+05
-3.55900e-02 2.87514e+05
2.73510e-02 2.85520e+05
9.02680e-02 2.48277e+05
1.53160e-01 1.87255e+05
2.16027e-01 1.49482e+05
2.78870e-01 1.41373e+05
3.41688e-01 1.57262e+05
4.04482e-01 1.90530e+05
4.67251e-01 2.51730e+05
5.29996e-01 3.23282e+05
5.92716e-01 3.97547e+05
6.55412e-01 4.97158e+05
7.18083e-01 5.95739e+05
7.80729e-01 7.18433e+05
8.43351e-01 8.27111e+05
9.05949e-01 8.83089e+05
9.68521e-01 8.94568e+05
1.03107e+00 8.82454e+05
1.09359e+00 8.19723e+05
1.15609e+00 7.53406e+05
1.21857e+00 7.08767e+05
1.28102e+00 6.47885e+05
1.34344e+00 6.12269e+05
1.40584e+00 5.97483e+05
1.46822e+00 5.90113e+05
1.53057e+00 6.12126e+05
1.59290e+00 6.52704e+05
1.65520e+00 6.73318e+05
1.71748e+00 6.65636e+05
1.77974e+00 6.43986e+05
1.84197e+00 6.25732e+05
1.90417e+00 5.95468e+05
1.96635e+00 5.72476e+05
2.02851e+00 5.52204e+05
2.09064e+00 5.26542e+05
2.15274e+00 4.94107e+05
2.21482e+00 4.74199e+05
2.27688e+00 4.36698e+05
2.33892e+00 4.04335e+05
2.40092e+00 3.88042e+05
2.46291e+00 3.66389e+05
2.52487e+00 3.56319e+05
2.58680e+00 3.37119e+05
2.64871e+00 3.20642e+05
2.71060e+00 3.15292e+05
2.77246e+00 3.06344e+05
2.83430e+00 3.02210e+05
2.89611e+00 2.91335e+05
2.95790e+00 2.71970e+05
3.01966e+00 2.50580e+05
3.08140e+00 2.41557e+05
3.14311e+00 2.30837e+05
3.20480e+00 2.13827e+05
3.26647e+00 2.05177e+05
3.32811e+00 1.97843e+05
3.38972e+00 1.86708e+05
3.45131e+00 1.74379e+05
3.51288e+00 1.60248e+05
3.57442e+00 1.63266e+05
3.63594e+00 1.60407e+05
3.69743e+00 1.56934e+05
3.75890e+00 1.57193e+05
3.82035e+00 1.51588e+05
3.88176e+00 1.44012e+05
3.94316e+00 1.38866e+05
4.00453e+00 1.38112e+05
4.06588e+00 1.40865e+05
4.12720e+00 1.40876e+05
4.18849e+00 1.34826e+05
4.24977e+00 1.35299e+05
4.31101e+00 1.32556e+05
4.37224e+00 1.31736e+05
4.43344e+00 1.35924e+05
4.49461e+00 1.38727e+05
4.55576e+00 1.35444e+05
4.61688e+00 1.35047e+05
4.67798e+00 1.32514e+05
4.73906e+00 1.36272e+05
4.80011e+00 1.35879e+05
4.86114e+00 1.35871e+05
4.92214e+00 1.32324e+05
4.98312e+00 1.35067e+05
5.04407e+00 1.35534e+05
5.10500e+00 1.35037e+05
5.16590e+00 1.31379e+05
5.22678e+00 1.31183e+05
5.28764e+00 1.29330e+05
5.34847e+00 1.31524e+05
5.40927e+00 1.31911e+05
5.47006e+00 1.30281e+05
5.53081e+00 1.29428e+05
5.59154e+00 1.29514e+05
5.65225e+00 1.25951e+05
5.71294e+00 1.20264e+05
5.77359e+00 1.15438e+05
5.83423e+00 1.14006e+05
5.89484e+00 1.13119e+05
5.95542e+00 1.09641e+05
6.01598e+00 1.11219e+05
6.07652e+00 1.06084e+05
6.13703e+00 1.04342e+05
6.19752e+00 1.03984e+05
6.25798e+00 9.82070e+04
6.31842e+00 9.49005e+04
6.37883e+00 8.72136e+04
6.43922e+00 8.55525e+04
6.49958e+00 8.43663e+04
6.55992e+00 8.62623e+04
6.62024e+00 8.61498e+04
6.68053e+00 8.50881e+04
6.74080e+00 7.96813e+04
6.80104e+00 8.01262e+04
6.86125e+00 8.02970e+04
6.92145e+00 7.88066e+04
6.98161e+00 7.48714e+04
7.04176e+00 7.12739e+04
7.10188e+00 7.09513e+04
7.16197e+00 7.34585e+04
7.22204e+00 6.79992e+04
7.28209e+00 6.94391e+04
7.34211e+00 7.00065e+04
7.40210e+00 6.79615e+04
7.46207e+00 6.23798e+04
7.52202e+00 6.38127e+04
7.58194e+00 6.40262e+04
7.64184e+00 6.15601e+04
7.70171e+00 6.06819e+04
7.76156e+00 5.94660e+04
7.82139e+00 5.47831e+04
7.88119e+00 5.31381e+04
7.94096e+00 5.15043e+04
8.00071e+00 5.24944e+04
8.06044e+00 5.01455e+04
8.12014e+00 5.19105e+04
8.17982e+00 5.12735e+04
8.23947e+00 4.98199e+04
8.29910e+00 4.96432e+04
8.35870e+00 4.78025e+04
8.41828e+00 4.31585e+04
8.47783e+00 4.39157e+04
8.53736e+00 4.31372e+04
8.59687e+00 4.50254e+04
8.65635e+00 4.11045e+04
8.71581e+00 4.26936e+04
8.77524e+00 4.39104e+04
8.83464e+00 4.52360e+04
8.89403e+00 4.12415e+04
8.95339e+00 3.75715e+04
9.01272e+00 3.94125e+04
9.07203e+00 4.17424e+04
9.13131e+00 4.12854e+04
9.19057e+00 4.04111e+04
9.24981e+00 4.12060e+04
9.30902e+00 4.15282e+04
9.36820e+00 3.92792e+04
9.42736e+00 4.05162e+04
9.48650e+00 3.70404e+04
9.54561e+00 3.61028e+04
9.60470e+00 3.76558e+04
9.66377e+00 3.67005e+04
9.72280e+00 3.49132e+04
9.78182e+00 3.63672e+04
9.84081e+00 3.35459e+04
9.89977e+00 3.44306e+04
9.95872e+00 3.41330e+04
1.00176e+01 3.31540e+04
1.00765e+01 3.35610e+04
1.01354e+01 3.65100e+04
1.01942e+01 3.75657e+04
1.02531e+01 3.66754e+04
1.03118e+01 3.70926e+04
1.03706e+01 3.53353e+04
1.04294e+01 3.55118e+04
1.04881e+01 3.77207e+04
1.05468e+01 3.62174e+04
1.06054e+01 3.44749e+04
1.06641e+01 3.36214e+04
1.07227e+01 3.32324e+04
1.07813e+01 3.50439e+04
1.08399e+01 3.54393e+04
1.08984e+01 3.50775e+04
1.09570e+01 3.55044e+04
1.10155e+01 3.37739e+04
1.10739e+01 3.21328e+04
1.11324e+01 3.36633e+04
1.11908e+01 3.46815e+04
1.12492e+01 3.51727e+04
1.13076e+01 3.44653e+04
1.13659e+01 3.19445e+04
1.14243e+01 3.13395e+04
1.14826e+01 3.25603e+04
1.15408e+01 3.37924e+04
1.15991e+01 3.70298e+04
1.16573e+01 3.51816e+04
1.17155e+01 3.37961e+04
1.17737e+01 3.64170e+04
1.18319e+01 3.70654e+04
1.18900e+01 3.67699e+04
1.19481e+01 3.43979e+04
1.20062e+01 3.54611e+04
1.20642e+01 3.79513e+04
1.21223e+01 3.73907e+04
1.21803e+01 3.86637e+04
1.22383e+01 3.88824e+04
1.22962e+01 3.80594e+04
1.23542e+01 4.22412e+04
1.24121e+01 4.27537e+04
1.24700e+01 4.31730e+04
1.25278e+01 4.18428e+04
1.25856e+01 4.62730e+04
1.26435e+01 4.81591e+04
1.27012e+01 4.61777e+04
1.27590e+01 4.50648e+04
1.28168e+01 4.71681e+04
1.28745e+01 4.65848e+04
1.29322e+01 4.68504e+04
1.29898e+01 5.06267e+04
1.30475e+01 5.04012e+04
1.31051e+01 4.41875e+04
1.31627e+01 4.86385e+04
1.32202e+01 5.17120e+04
1.32778e+01 5.08650e+04
1.33353e+01 5.16791e+04
1.33928e+01 5.55407e+04
1.34503e+01 5.72930e+04
1.35077e+01 5.23625e+04
1.35651e+01 5.57598e+04
1.36225e+01 5.70133e+04
1.36799e+01 6.31331e+04
1.37372e+01 6.20158e+04
1.37945e+01 6.12948e+04
1.38518e+01 6.30730e+04
1.39091e+01 6.18215e+04
1.39664e+01 6.24953e+04
1.40236e+01 6.14487e+04
1.40808e+01 6.41508e+04
1.41380e+01 6.06876e+04
1.41951e+01 6.10835e+04
1.42522e+01 6.00285e+04
1.43093e+01 6.50894e+04
1.43664e+01 7.02192e+04
1.44235e+01 7.12691e+04
1.44805e+01 7.27019e+04
1.45375e+01 7.14345e+04
1.45945e+01 7.50809e+04
1.46514e+01 8.09393e+04
1.47083e+01 8.17936e+04
1.47652e+01 7.62999e+04
1.48221e+01 8.13437e+04
1.48790e+01 8.39713e+04
1.49358e+01 8.59284e+04
1.49926e+01 8.70238e+04
1.50494e+01 8.66413e+04
1.51062e+01 8.58704e+04
1.51629e+01 8.45548e+04
1.52196e+01 9.34573e+04
1.52763e+01 9.62811e+04
1.53329e+01 9.75534e+04
1.53896e+01 9.88533e+04
1.54462e+01 1.01307e+05
1.55028e+01 1.06222e+05
1.55593e+01 1.07634e+05
1.56159e+01 1.07624e+05
1.56724e+01 1.12584e+05
1.57289e+01 1.18316e+05
1.57853e+01 1.21265e+05
1.58418e+01 1.19902e+05
1.58982e+01 1.19417e+05
1.59546e+01 1.25817e+05
1.60109e+01 1.28651e+05
1.60673e+01 1.35328e+05
1.61236e+01 1.34738e+05
1.61799e+01 1.39397e+05
1.62361e+01 1.40771e+05
1.62924e+01 1.45294e+05
1.63486e+01 1.48458e+05
1.64048e+01 1.47795e+05
1.64610e+01 1.49746e+05
1.65171e+01 1.50484e+05
1.65732e+01 1.58393e+05
1.66293e+01 1.64430e+05
1.66854e+01 1.64802e+05
1.67414e+01 1.61756e+05
1.67974e+01 1.66045e+05
1.68534e+01 1.68812e+05
1.69094e+01 1.74885e+05
1.69654e+01 1.81450e+05
1.70213e+01 1.86957e+05
1.70772e+01 2.00830e+05
1.71330e+01 2.11655e+05
1.71889e+01 2.14498e+05
1.72447e+01 2.26571e+05
1.73005e+01 2.25865e+05
1.73563e+01 2.30028e+05
1.74120e+01 2.33150e+05
1.74678e+01 2.39322e+05
1.75235e+01 2.51151e+05
1.75791e+01 2.65498e+05
1.76348e+01 2.65326e+05
1.76904e+01 2.77793e+05
1.77460e+01 2.82358e+05
1.78016e+01 2.97410e+05
1.78572e+01 3.09488e+05
1.79127e+01 3.22051e+05
1.79682e+01 3.35642e+05
1.80237e+01 3.43860e+05
1.80791e+01 3.61221e+05
1.81346e+01 3.82834e+05
1.81900e+01 3.94631e+05
1.82454e+01 4.11012e+05
1.83007e+01 4.18828e+05
1.83560e+01 4.32465e+05
1.84114e+01 4.32831e+05
1.84666e+01 4.29008e+05
1.85219e+01 4.23359e+05
1.85771e+01 4.10043e+05
1.86323e+01 3.90821e+05
1.86875e+01 3.76754e+05
1.87427e+01 3.56590e+05
1.87978e+01 3.39527e+05
1.88529e+01 3.18359e+05
1.89080e+01 2.96976e+05
1.89631e+01 2.69151e+05
1.90181e+01 2.42734e+05
1.90731e+01 2.28754e+05
1.91281e+01 2.06206e+05
1.91831e+01 1.79294e+05
1.92380e+01 1.67042e+05
1.92930e+01 1.57836e+05
1.93478e+01 1.48840e+05
1.94027e+01 1.42762e+05
1.94576e+01 1.36752e+05
1.95124e+01 1.24638e+05
1.95672e+01 1.13837e+05
1.96219e+01 1.07333e+05
1.96767e+01 1.08940e+05
1.97314e+01 1.11251e+05
1.97861e+01 1.09169e+05
1.98408e+01 1.06963e+05
1.98954e+01 1.00345e+05
1.99500e+01 1.02911e+05
2.00046e+01 1.04600e+05
2.00592e+01 1.03886e+05
2.01138e+01 1.00314e+05
2.01683e+01 1.02233e+05
2.02228e+01 1.06654e+05
2.02772e+01 1.06731e+05
2.03317e+01 1.13473e+05
2.03861e+01 1.16159e+05
2.04405e+01 1.14132e+05
2.04949e+01 1.17923e+05
2.05493e+01 1.19378e+05
2.06036e+01 1.16083e+05
2.06579e+01 1.15999e+05
2.07122e+01 1.16239e+05
2.07664e+01 1.19988e+05
2.08206e+01 1.23030e+05
2.08748e+01 1.19337e+05
2.09290e+01 1.22744e+05
2.09832e+01 1.32065e+05
2.10373e+01 1.32524e+05
2.10914e+01 1.30146e+05
2.11455e+01 1.26488e+05
2.11996e+01 1.30902e+05
2.12536e+01 1.24794e+05
2.13076e+01 1.20822e+05
2.13616e+01 1.28131e+05
2.14155e+01 1.30608e+05
2.14695e+01 1.33244e+05
2.15234e+01 1.37096e+05
2.15773e+01 1.36338e+05
2.16311e+01 1.31046e+05
2.16850e+01 1.29741e+05
2.17388e+01 1.26793e+05
2.17926e+01 1.26999e+05
2.18463e+01 1.32140e+05
2.19001e+01 1.35380e+05
2.19538e+01 1.33205e+05
2.20075e+01 1.25491e+05
2.20611e+01 1.20752e+05
2.21148e+01 1.25798e+05
2.21684e+01 1.30342e+05
2.22220e+01 1.31274e+05
2.22755e+01 1.24121e+05
2.23291e+01 1.25148e+05
2.23826e+01 1.23591e+05
2.24361e+01 1.20982e+05
2.24896e+01 1.18807e+05
2.25430e+01 1.21463e+05
2.25964e+01 1.23044e+05
2.26498e+01 1.24147e+05
2.27032e+01 1.22349e+05
2.27565e+01 1.21748e+05
2.28099e+01 1.15417e+05
2.28632e+01 1.13159e+05
2.29164e+01 1.12494e+05
2.29697e+01 1.08863e+05
2.30229e+01 1.10335e+05
2.30761e+01 1.14508e+05
2.31293e+01 1.05806e+05
2.31824e+01 1.03784e+05
2.32355e+01 9.97675e+04
2.32886e+01 9.99656e+04
2.33417e+01 1.00644e+05
2.33948e+01 9.55792e+04
2.34478e+01 9.77568e+04
2.35008e+01 9.48724e+04
2.35538e+01 9.10172e+04
2.36067e+01 8.72070e+04
2.36597e+01 8.55556e+04
2.37126e+01 8.52506e+04
2.37654e+01 8.18767e+04
2.38183e+01 7.89985e+04
2.38711e+01 7.89873e+04
2.39239e+01 7.95825e+04
2.39767e+01 7.80082e+04
2.40295e+01 7.81935e+04
2.40822e+01 7.94336e+04
2.41349e+01 7.05535e+04
2.41876e+01 6.82180e+04
2.42402e+01 7.17701e+04
2.42929e+01 6.98303e+04
2.43455e+01 6.51858e+04
2.43981e+01 6.34339e+04
2.44506e+01 6.32340e+04
2.45032e+01 6.26350e+04
2.45557e+01 6.06727e+04
2.46082e+01 5.84205e+04
2.46606e+01 5.44854e+04
2.47131e+01 5.69508e+04
2.47655e+01 5.31229e+04
2.48179e+01 5.33184e+04
2.48702e+01 5.37024e+04
2.49226e+01 5.46944e+04
2.49749e+01 5.37698e+04
2.50272e+01 5.48447e+04
2.50794e+01 4.94166e+04
2.51317e+01 4.78702e+04
2.51839e+01 4.99638e+04
2.52361e+01 4.95961e+04
2.52883e+01 4.77414e+04
2.53404e+01 4.42155e+04
2.53925e+01 4.68911e+04
2.54446e+01 4.41042e+04
2.54967e+01 4.22790e+04
2.55487e+01 3.96307e+04
2.56007e+01 4.09189e+04
2.56527e+01 3.85876e+04
2.57047e+01 4.19138e+04
2.57567e+01 4.07408e+04
2.58086e+01 3.99824e+04
2.58605e+01 4.03907e+04
2.59123e+01 3.98975e+04
2.59642e+01 3.92703e+04
2.60160e+01 3.81528e+04
2.60678e+01 3.58178e+04
2.61196e+01 3.50225e+04
2.61713e+01 3.32097e+04
2.62231e+01 3.51763e+04
2.62748e+01 3.58301e+04
2.63264e+01 3.64961e+04
2.63781e+01 3.39975e+04
2.64297e+01 3.45804e+04
2.64813e+01 3.29325e+04
2.65329e+01 3.29404e+04
2.65845e+01 3.30184e+04
2.66360e+01 3.12352e+04
2.66875e+01 2.86770e+04
2.67390e+01 2.97782e+04
2.67904e+01 2.95631e+04
2.68419e+01 3.05242e+04
2.68933e+01 3.27843e+04
2.69446e+01 3.22266e+04
2.69960e+01 2.92671e+04
2.70473e+01 3.17114e+04
2.70986e+01 3.13824e+04
2.71499e+01 2.99182e+04
2.72012e+01 2.86430e+04
2.72524e+01 2.78761e+04
2.73036e+01 2.55609e+04
2.73548e+01 2.59453e+04
2.74060e+01 2.81063e+04
2.74571e+01 2.68902e+04
2.75082e+01 2.66150e+04
2.75593e+01 2.74749e+04
2.76104e+01 2.35207e+04
2.76614e+01 2.26750e+04
2.77124e+01 2.37930e+04
2.77634e+01 2.52777e+04
2.78144e+01 2.35462e+04
2.78653e+01 2.27325e+04
2.79162e+01 2.39341e+04
2.79671e+01 2.42141e+04
2.80180e+01 2.18461e+04
2.80688e+01 2.10456e+04
2.81197e+01 2.18770e+04
2.81705e+01 2.12146e+04
2.82212e+01 2.20577e+04
2.82720e+01 2.39833e+04
2.83227e+01 2.02630e+04
2.83734e+01 2.16045e+04
2.84241e+01 2.31843e+04
2.84747e+01 2.09461e+04
2.85253e+01 2.04946e+04
2.85759e+01 2.25899e+04
2.86265e+01 1.93356e+04
2.86770e+01 1.97456e+04
2.87276e+01 1.93633e+04
2.87781e+01 2.19296e+04
2.88285e+01 1.94606e+04
2.88790e+01 1.95210e+04
2.89294e+01 1.90031e+04
2.89798e+01 1.81663e+04
2.90302e+01 1.85978e+04
2.90805e+01 2.08414e+04
2.91309e+01 2.05897e+04
2.91812e+01 1.87740e+04
2.92314e+01 1.78419e+04
2.92817e+01 1.77501e+04
2.93319e+01 1.85640e+04
2.93821e+01 1.98581e+04
2.94323e+01 2.08901e+04
2.94825e+01 2.05582e+04
2.95326e+01 1.97981e+04
2.95827e+01 1.99101e+04
2.96328e+01 1.90485e+04
2.96828e+01 1.73730e+04
2.97329e+01 1.83325e+04
2.97829e+01 1.93278e+04
2.98329e+01 1.76437e+04
2.98828e+01 1.63472e+04
2.99328e+01 1.59933e+04
2.99827e+01 1.62389e+04
3.00325e+01 1.70144e+04
3.00824e+01 1.76203e+04
3.01322e+01 1.74288e+04
3.01821e+01 1.70053e+04
3.02318e+01 1.89277e+04
3.02816e+01 1.83565e+04
3.03313e+01 1.91266e+04
3.03811e+01 1.71421e+04
3.04307e+01 1.89142e+04
3.04804e+01 1.56210e+04
3.05300e+01 1.52718e+04
3.05797e+01 1.67396e+04
3.06293e+01 1.80739e+04
3.06788e+01 1.85676e+04
3.07284e+01 1.50515e+04
3.07779e+01 1.75073e+04
3.08274e+01 1.74502e+04
3.08768e+01 1.56624e+04
3.09263e+01 1.56287e+04
3.09757e+01 1.68010e+04
3.10251e+01 1.60351e+04
3.10745e+01 1.82523e+04
3.11238e+01 1.85233e+04
3.11731e+01 1.82649e+04
3.12224e+01 1.82950e+04
3.12717e+01 1.76213e+04
3.13209e+01 1.93443e+04
3.13702e+01 1.82932e+04
3.14194e+01 1.72423e+04
3.14685e+01 1.69661e+04
3.15177e+01 1.60631e+04
3.15668e+01 1.66524e+04
3.16159e+01 1.94202e+04
3.16650e+01 1.92901e+04
3.17140e+01 2.02844e+04
3.17631e+01 1.81317e+04
3.18121e+01 1.63347e+04
3.18610e+01 1.80778e+04
3.19100e+01 1.82488e+04
3.19589e+01 1.67688e+04
3.20078e+01 1.59834e+04
3.20567e+01 1.36965e+04
3.21056e+01 1.48313e+04
3.21544e+01 1.72227e+04
3.22032e+01 1.84898e+04
3.22520e+01 1.60367e+04
3.23007e+01 1.39731e+04
3.23495e+01 1.39336e+04
3.23982e+01 1.72964e+04
3.24468e+01 1.74856e+04
3.24955e+01 1.62278e+04
3.25441e+01 1.65103e+04
3.25928e+01 1.70005e+04
3.26413e+01 1.44535e+04
3.26899e+01 1.56062e+04
3.27384e+01 1.75036e+04
3.27869e+01 1.75984e+04
3.28354e+01 1.45607e+04
3.28839e+01 1.67619e+04
3.29323e+01 1.60883e+04
3.29807e+01 1.59060e+04
3.30291e+01 1.57766e+04
3.30775e+01 1.61951e+04
3.31258e+01 1.55401e+04
3.31741e+01 1.41571e+04
3.32224e+01 1.49522e+04
3.32707e+01 1.55542e+04
3.33189e+01 1.55900e+04
3.33672e+01 1.51616e+04
3.34153e+01 1.49067e+04
3.34635e+01 1.70438e+04
3.35117e+01 1.56698e+04
3.35598e+01 1.53459e+04
3.36079e+01 1.63147e+04
3.36559e+01 1.55273e+04
3.37040e+01 1.54943e+04
3.37520e+01 1.57549e+04
3.38000e+01 1.37225e+04
3.38480e+01 1.64896e+04
3.38959e+01 1.68831e+04
3.39438e+01 1.75163e+04
3.39917e+01 1.57866e+04
3.40396e+01 1.60333e+04
3.40875e+01 1.46208e+04
3.41353e+01 1.65820e+04
3.41831e+01 1.65914e+04
3.42308e+01 1.65457e+04
3.42786e+01 1.74628e+04
3.43263e+01 1.78330e+04
3.43740e+01 1.70657e+04
3.44217e+01 1.68233e+04
3.44694e+01 1.86002e+04
3.45170e+01 1.69975e+04
3.45646e+01 1.85797e+04
3.46122e+01 1.62584e+04
3.46597e+01 1.73122e+04
3.47072e+01 1.80860e+04
3.47548e+01 2.09048e+04
3.48022e+01 1.97857e+04
3.48497e+01 2.09450e+04
3.48971e+01 2.20718e+04
3.49445e+01 2.14684e+04
3.49919e+01 1.97503e+04
3.50393e+01 1.96686e+04
3.50866e+01 2.28104e+04
3.51339e+01 2.38055e+04
3.51812e+01 2.18973e+04
3.52284e+01 2.06563e+04
3.52757e+01 2.35217e+04
3.53229e+01 2.34808e+04
3.53701e+01 2.40225e+04
3.54172e+01 2.47884e+04
3.54644e+01 2.46248e+04
3.55115e+01 2.32137e+04
3.55586e+01 2.31127e+04
3.56056e+01 2.55918e+04
3.56527e+01 2.51094e+04
3.56997e+01 2.44119e+04
3.57467e+01 2.49501e+04
3.57936e+01 2.63997e+04
3.58406e+01 2.30880e+04
3.58875e+01 2.37552e+04
3.59344e+01 2.45829e+04
3.59813e+01 2.46092e+04
3.60281e+01 2.21323e+04
3.60749e+01 2.49587e+04
3.61217e+01 2.54784e+04
3.61685e+01 2.44407e+04
3.62152e+01 2.16298e+04
3.62619e+01 2.55644e+04
3.63086e+01 2.56651e+04
3.63553e+01 2.42352e+04
3.64019e+01 2.06204e+04
3.64486e+01 2.16182e+04
3.64952e+01 2.42289e+04
3.65417e+01 2.08767e+04
3.65883e+01 2.08606e+04
3.66348e+01 2.19127e+04
3.66813e+01 1.96444e+04
3.67278e+01 1.98109e+04
3.67742e+01 2.08736e+04
3.68207e+01 2.01655e+04
3.68671e+01 2.11203e+04
3.69134e+01 2.14173e+04
3.69598e+01 1.99734e+04
3.70061e+01 1.94269e+04
3.70524e+01 2.22642e+04
3.70987e+01 2.41647e+04
3.71449e+01 2.25987e+04
3.71912e+01 2.25910e+04
3.72374e+01 2.14582e+04
3.72835e+01 2.12432e+04
3.73297e+01 2.14860e+04
3.73758e+01 1.98891e+04
3.74219e+01 1.64546e+04
3.74680e+01 1.82045e+04
3.75141e+01 1.96009e+04
3.75601e+01 1.98181e+04
3.76061e+01 2.10474e+04
3.76521e+01 2.29308e+04
3.76981e+01 2.19333e+04
3.77440e+01 2.08942e+04
3.77899e+01 2.05902e+04
3.78358e+01 2.32176e+04
3.78816e+01 2.12341e+04
3.79275e+01 2.01513e+04
3.79733e+01 2.17635e+04
3.80191e+01 2.25037e+04
3.80648e+01 2.12780e+04
3.81106e+01 2.08211e+04
3.81563e+01 2.10329e+04
3.82020e+01 1.85524e+04
3.82476e+01 1.94514e+04
3.82933e+01 1.84127e+04
3.83389e+01 1.84428e+04
3.83845e+01 2.11233e+04
3.84301e+01 2.10409e+04
3.84756e+01 2.09368e+04
3.85211e+01 2.22368e+04
3.85666e+01 2.17043e+04
3.86121e+01 2.27367e+04
3.86575e+01 1.95782e+04
3.87029e+01 2.27115e+04
3.87483e+01 2.03154e+04
3.87937e+01 2.14186e+04
3.88390e+01 2.32144e+04
3.88844e+01 2.38212e+04
3.89297e+01 2.10553e+04
3.89749e+01 2.03184e+04
3.90202e+01 2.00283e+04
3.90654e+01 2.14317e+04
3.91106e+01 2.08966e+04
3.91558e+01 1.96715e+04
3.92009e+01 1.84955e+04
3.92460e+01 1.74927e+04
3.92911e+01 1.73154e+04
3.93362e+01 1.66964e+04
3.93813e+01 1.86579e+04
3.94263e+01 1.85477e+04
3.94713e+01 1.80005e+04
3.95163e+01 1.83872e+04
3.95612e+01 1.79116e+04
3.96062e+01 2.00935e+04
3.96511e+01 1.85334e+04
3.96959e+01 2.02348e+04
3.97408e+01 1.86722e+04
3.97856e+01 2.02891e+04
3.98304e+01 1.88125e+04
3.98752e+01 1.72293e+04
3.99200e+01 1.69974e+04
3.99647e+01 1.81133e+04
4.00094e+01 1.92917e+04
4.00541e+01 1.84840e+04
4.00987e+01 1.82326e+04
4.01434e+01 1.89954e+04
4.01880e+01 1.87206e+04
4.02326e+01 1.76516e+04
4.02771e+01 1.79593e+04
4.03217e+01 1.78307e+04
4.03662e+01 1.85502e+04
4.04107e+01 1.68607e+04
4.04551e+01 1.72027e+04
4.04996e+01 1.84983e+04
4.05440e+01 1.62169e+04
4.05884e+01 1.63038e+04
4.06327e+01 1.72965e+04
4.06771e+01 1.80910e+04
4.07214e+01 1.76865e+04
4.07657e+01 1.75253e+04
4.08099e+01 1.55423e+04
4.08542e+01 1.51168e+04
4.08984e+01 1.59548e+04
4.09426e+01 1.55668e+04
4.09867e+01 1.51347e+04
4.10309e+01 1.66871e+04
4.10750e+01 1.47338e+04
4.11191e+01 1.51670e+04
4.11632e+01 1.60900e+04
4.12072e+01 1.70257e+04
4.12512e+01 1.72968e+04
4.12952e+01 1.71828e+04
4.13392e+01 1.58829e+04
4.13831e+01 1.51943e+04
4.14271e+01 1.95507e+04
4.14710e+01 1.90346e+04
4.15148e+01 1.69818e+04
4.15587e+01 1.63285e+04
4.16025e+01 1.83166e+04
4.16463e+01 1.80660e+04
4.16901e+01 1.85246e+04
4.17338e+01 1.90353e+04
4.17775e+01 1.76141e+04
4.18212e+01 1.84063e+04
4.18649e+01 1.63611e+04
4.19086e+01 1.72822e+04
4.19522e+01 1.85956e+04
4.19958e+01 1.79337e+04
4.20394e+01 1.80775e+04
4.20829e+01 1.69061e+04
4.21265e+01 1.75114e+04
4.21700e+01 1.74272e+04
4.22134e+01 1.69344e+04
4.22569e+01 1.65557e+04
4.23003e+01 1.80757e+04
4.23437e+01 1.80077e+04
4.23871e+01 1.73457e+04
4.24305e+01 1.87089e+04
4.24738e+01 2.12209e+04
4.25171e+01 1.84725e+04
4.25604e+01 2.00671e+04
4.26037e+01 2.03869e+04
4.26469e+01 1.92502e+04
4.26901e+01 1.98654e+04
4.27333e+01 1.87596e+04
4.27765e+01 1.81044e+04
4.28196e+01 1.67512e+04
4.28627e+01 1.56363e+04
4.29058e+01 1.69780e+04
4.29488e+01 1.61129e+04
4.29919e+01 1.61690e+04
4.30349e+01 1.59240e+04
4.30779e+01 1.70291e+04
4.31209e+01 1.81057e+04
4.31638e+01 1.77566e+04
4.32067e+01 1.45789e+04
4.32496e+01 1.88290e+04
4.32925e+01 1.93195e+04
4.33353e+01 1.76516e+04
4.33781e+01 1.60745e+04
4.34209e+01 1.51859e+04
4.34637e+01 1.56026e+04
4.35064e+01 1.49162e+04
4.35491e+01 1.78732e+04
4.35918e+01 1.81756e+04
4.36345e+01 1.67064e+04
4.36772e+01 1.78547e+04
4.37198e+01 1.74256e+04
4.37624e+01 1.59167e+04
4.38049e+01 1.48947e+04
4.38475e+01 1.69264e+04
4.38900e+01 1.68268e+04
4.39325e+01 1.64572e+04
4.39750e+01 1.61769e+04
4.40174e+01 1.73035e+04
4.40599e+01 1.61025e+04
4.41023e+01 1.45048e+04
4.41446e+01 1.44761e+04
4.41870e+01 1.64015e+04
4.42293e+01 1.50681e+04
4.42716e+01 1.40966e+04
4.43139e+01 1.70898e+04
4.43561e+01 1.50500e+04
4.43984e+01 1.54642e+04
4.44406e+01 1.55710e+04
4.44828e+01 1.48817e+04
4.45249e+01 1.32991e+04
4.45670e+01 1.24713e+04
4.46091e+01 1.34994e+04
4.46512e+01 1.22648e+04
4.46933e+01 1.13225e+04
4.47353e+01 1.13458e+04
4.47773e+01 1.11988e+04
4.48193e+01 1.20874e+04
4.48613e+01 1.60576e+04
4.49032e+01 1.49457e+04
4.49451e+01 1.39717e+04
4.49870e+01 1.32045e+04
4.50288e+01 1.26842e+04
4.50707e+01 1.17673e+04
4.51125e+01 1.09418e+04
4.51543e+01 1.02872e+04
4.51960e+01 9.43050e+03
4.52378e+01 1.07494e+04
4.52795e+01 1.10015e+04
4.53212e+01 1.22252e+04
4.53628e+01 1.20542e+04
4.54045e+01 1.26411e+04
4.54461e+01 1.36117e+04
4.54877e+01 1.20369e+04
4.55293e+01 1.07340e+04
4.55708e+01 1.08730e+04
4.56123e+01 1.24163e+04
4.56538e+01 1.12646e+04
4.56953e+01 1.18798e+04
4.57367e+01 1.24578e+04
4.57781e+01 1.21139e+04
4.58195e+01 9.99340e+03
4.58609e+01 1.01086e+04
4.59022e+01 1.17061e+04
4.59436e+01 1.08300e+04
4.59849e+01 1.14148e+04
4.60261e+01 8.99880e+03
4.60674e+01 9.00650e+03
4.61086e+01 1.08818e+04
4.61498e+01 1.12180e+04
4.61910e+01 1.12372e+04
4.62321e+01 1.16122e+04
4.62732e+01 1.05905e+04
4.63143e+01 9.58110e+03
4.63554e+01 9.75620e+03
4.63965e+01 1.06851e+04
4.64375e+01 9.47220e+03
4.64785e+01 1.17570e+04
4.65195e+01 1.29444e+04
4.65604e+01 1.09764e+04
4.66013e+01 9.80580e+03
4.66422e+01 1.16940e+04
4.66831e+01 1.19456e+04
4.67240e+01 9.53790e+03
4.67648e+01 9.87640e+03
4.68056e+01 1.11881e+04
4.68464e+01 9.72210e+03
4.68871e+01 1.02120e+04
4.69279e+01 1.09712e+04
4.69686e+01 1.22663e+04
4.70093e+01 1.04617e+04
4.70499e+01 1.13930e+04
4.70906e+01 1.14168e+04
4.71312e+01 1.29295e+04
4.71718e+01 1.17216e+04
4.72123e+01 1.03297e+04
4.72528e+01 1.06652e+04
4.72934e+01 1.23053e+04
4.73338e+01 1.26833e+04
4.73743e+01 1.07234e+04
4.74147e+01 1.24324e+04
4.74552e+01 1.23478e+04
4.74955e+01 1.24611e+04
4.75359e+01 1.12954e+04
4.75762e+01 1.16099e+04
4.76166e+01 1.16951e+04
4.76568e+01 1.14205e+04
4.76971e+01 1.50976e+04
4.77373e+01 1.16363e+04
4.77776e+01 1.20201e+04
4.78178e+01 1.12839e+04
4.78579e+01 1.23317e+04
4.78981e+01 1.12053e+04
4.79382e+01 1.12794e+04
4.79783e+01 1.19884e+04
4.80183e+01 1.27011e+04
4.80584e+01 1.21485e+04
4.80984e+01 1.23090e+04
4.81384e+01 1.12079e+04
4.81784e+01 1.16991e+04
4.82183e+01 1.13442e+04
4.82582e+01 1.29640e+04
4.82981e+01 1.31194e+04
4.83380e+01 1.37886e+04
4.83779e+01 1.37386e+04
4.84177e+01 1.34762e+04
4.84575e+01 1.12084e+04
4.84973e+01 1.11370e+04
4.85370e+01 1.12601e+04
4.85767e+01 1.37252e+04
4.86164e+01 1.05195e+04
4.86561e+01 1.02907e+04
4.86958e+01 1.11661e+04
4.87354e+01 1.34997e+04
4.87750e+01 1.22237e+04
4.88146e+01 1.16136e+04
4.88541e+01 9.33050e+03
4.88936e+01 1.15607e+04
4.89331e+01 1.36174e+04
4.89726e+01 1.34957e+04
4.90121e+01 1.18402e+04
4.90515e+01 1.25191e+04
4.90909e+01 1.14697e+04
4.91303e+01 1.01992e+04
4.91697e+01 1.09894e+04
4.92090e+01 1.11650e+04
4.92483e+01 1.12538e+04
4.92876e+01 1.24702e+04
4.93268e+01 1.13411e+04
4.93661e+01 9.69720e+03
4.94053e+01 9.54740e+03
4.94445e+01 1.08580e+04
4.94836e+01 1.09004e+04
4.95228e+01 9.04910e+03
4.95619e+01 9.34530e+03
4.96010e+01 1.07463e+04
4.96400e+01 1.21084e+04
4.96791e+01 1.26152e+04
4.97181e+01 1.34522e+04
4.97571e+01 1.19053e+04
4.97960e+01 1.13783e+04
4.98350e+01 1.08750e+04
4.98739e+01 1.07056e+04
4.99128e+01 1.26296e+04
4.99516e+01 1.29050e+04
4.99905e+01 1.18995e+04
5.00293e+01 1.14196e+04
5.00681e+01 1.15334e+04
5.01069e+01 1.11820e+04
5.01456e+01 1.19322e+04
5.01843e+01 1.08453e+04
5.02230e+01 1.00641e+04
5.02617e+01 1.03315e+04
5.03003e+01 1.19624e+04
5.03389e+01 1.19042e+04
5.03775e+01 1.00469e+04
5.04161e+01 8.79590e+03
5.04547e+01 8.84360e+03
5.04932e+01 1.17404e+04
5.05317e+01 1.23060e+04
5.05702e+01 1.08534e+04
5.06086e+01 1.04973e+04
5.06470e+01 1.14607e+04
5.06854e+01 1.13482e+04
5.07238e+01 1.03670e+04
5.07622e+01 1.01509e+04
5.08005e+01 9.62310e+03
5.08388e+01 1.11331e+04
5.08771e+01 9.49350e+03
5.09153e+01 8.11560e+03
5.09535e+01 9.07320e+03
5.09917e+01 1.07018e+04
5.10299e+01 1.12678e+04
5.10681e+01 1.08900e+04
5.11062e+01 1.16653e+04
5.11443e+01 1.27341e+04
5.11824e+01 1.19517e+04
5.12204e+01 1.17573e+04
5.12585e+01 1.14872e+04
5.12965e+01 1.11214e+04
5.13345e+01 1.08853e+04
5.13724e+01 1.00538e+04
5.14104e+01 1.19002e+04
5.14483e+01 1.25167e+04
5.14862e+01 1.26388e+04
5.15240e+01 1.11963e+04
5.15618e+01 9.83880e+03
5.15997e+01 9.96440e+03
5.16374e+01 1.06354e+04
5.16752e+01 1.08679e+04
5.17129e+01 1.10966e+04
5.17507e+01 1.06398e+04
5.17883e+01 8.57900e+03
5.18260e+01 9.10760e+03
5.18636e+01 1.10318e+04
5.19013e+01 1.12960e+04
5.19389e+01 1.03298e+04
5.19764e+01 1.11041e+04
5.20140e+01 9.09080e+03
5.20515e+01 9.30240e+03
5.20890e+01 1.01028e+04
5.21264e+01 1.11624e+04
5.21639e+01 1.11122e+04
5.22013e+01 1.14533e+04
5.22387e+01 8.53190e+03
5.22761e+01 9.20350e+03
5.23134e+01 9.46600e+03
5.23507e+01 9.73230e+03
5.23880e+01 9.67910e+03
5.24253e+01 9.76330e+03
5.24625e+01 1.02129e+04
5.24998e+01 1.12803e+04
5.25370e+01 1.12877e+04
5.25741e+01 1.04299e+04
5.26113e+01 9.69760e+03
5.26484e+01 1.00319e+04
5.26855e+01 9.73160e+03
5.27226e+01 1.03687e+04
5.27596e+01 9.14090e+03
5.27966e+01 9.38510e+03
5.28336e+01 8.95800e+03
5.28706e+01 9.80810e+03
5.29076e+01 9.55310e+03
5.29445e+01 8.94340e+03
5.29814e+01 1.05341e+04
5.30183e+01 1.12726e+04
5.30551e+01 1.05030e+04
5.30920e+01 9.33270e+03
5.31288e+01 9.58530e+03
5.31655e+01 1.11558e+04
5.32023e+01 1.02688e+04
5.32390e+01 9.51160e+03
5.32757e+01 8.77370e+03
5.33124e+01 1.04908e+04
5.33491e+01 1.01253e+04
5.33857e+01 8.78620e+03
5.34223e+01 1.11400e+04
5.34589e+01 9.96950e+03
5.34955e+01 9.26650e+03
5.35320e+01 1.16055e+04
5.35685e+01 9.63580e+03
5.36050e+01 6.66410e+03
5.36415e+01 6.67950e+03
5.36779e+01 7.87630e+03
5.37143e+01 9.60130e+03
5.37507e+01 1.07119e+04
5.37871e+01 1.09138e+04
5.38234e+01 1.01496e+04
5.38597e+01 9.16150e+03
5.38960e+01 9.93970e+03
5.39323e+01 1.16111e+04
5.39685e+01 1.04695e+04
5.40047e+01 1.20636e+04
5.40409e+01 9.02750e+03
5.40771e+01 9.77370e+03
5.41132e+01 1.12458e+04
5.41493e+01 9.50600e+03
5.41854e+01 8.91100e+03
5.42215e+01 9.25400e+03
5.42575e+01 1.08086e+04
5.42936e+01 8.73320e+03
5.43295e+01 9.49400e+03
5.43655e+01 9.22000e+03
5.44015e+01 9.05210e+03
5.44374e+01 8.64800e+03
5.44733e+01 9.85090e+03
5.45092e+01 1.14868e+04
5.45450e+01 1.06374e+04
5.45808e+01 8.64810e+03
5.46166e+01 9.68580e+03
5.46524e+01 1.00815e+04
5.46881e+01 9.47150e+03
5.47239e+01 9.92600e+03
5.47596e+01 1.02491e+04
5.47952e+01 1.02451e+04
5.48309e+01 9.43700e+03
5.48665e+01 8.31740e+03
5.49021e+01 7.99510e+03
5.49377e+01 9.97140e+03
5.49733e+01 1.11480e+04
5.50088e+01 1.14885e+04
5.50443e+01 9.64240e+03
5.50798e+01 1.02554e+04
5.51152e+01 1.02348e+04
5.51507e+01 1.10020e+04
5.51861e+01 1.02105e+04
5.52214e+01 1.21245e+04
5.52568e+01 1.21088e+04
5.52921e+01 1.30905e+04
5.53274e+01 1.22046e+04
5.53627e+01 1.07945e+04
5.53980e+01 7.74980e+03
5.54332e+01 8.49670e+03
5.54684e+01 9.11490e+03
5.55036e+01 9.15320e+03
5.55388e+01 8.28080e+03
5.55739e+01 8.84830e+03
5.56090e+01 1.19785e+04
5.56441e+01 1.29156e+04
5.56792e+01 1.14088e+04
5.57142e+01 9.69000e+03
5.57492e+01 1.05150e+04
5.57842e+01 9.76940e+03
5.58192e+01 1.14498e+04
5.58541e+01 1.27037e+04
5.58890e+01 1.34872e+04
5.59239e+01 1.08341e+04
5.59588e+01 1.22976e+04
5.59936e+01 1.26469e+04
5.60284e+01 1.30102e+04
5.60632e+01 1.14144e+04
5.60980e+01 1.48902e+04
5.61327e+01 1.37726e+04
5.61675e+01 1.18186e+04
5.62021e+01 1.30107e+04
5.62368e+01 1.34683e+04
5.62715e+01 1.37949e+04
5.63061e+01 1.33372e+04
5.63407e+01 1.38067e+04
5.63752e+01 1.36039e+04
5.64098e+01 1.44628e+04
5.64443e+01 1.55067e+04
5.64788e+01 1.45505e+04
5.65133e+01 1.53924e+04
5.65477e+01 1.48222e+04
5.65822e+01 1.41159e+04
5.66166e+01 1.44168e+04
5.66509e+01 1.41897e+04
5.66853e+01 1.31813e+04
5.67196e+01 1.39244e+04
5.67539e+01 1.45089e+04
5.67882e+01 1.57631e+04
5.68224e+01 1.59105e+04
5.68567e+01 1.51457e+04
5.68909e+01 1.51779e+04
5.69251e+01 1.68214e+04
5.69592e+01 1.86488e+04
5.69933e+01 1.72313e+04
5.70274e+01 1.75048e+04
5.70615e+01 1.69286e+04
5.70956e+01 1.67151e+04
5.71296e+01 1.64508e+04
5.71636e+01 1.38527e+04
5.71976e+01 1.49607e+04
5.72316e+01 1.80085e+04
5.72655e+01 1.59486e+04
5.72994e+01 1.52406e+04
5.73333e+01 1.82131e+04
5.73671e+01 1.81978e+04
5.74010e+01 1.68829e+04
5.74348e+01 1.65573e+04
5.74686e+01 1.57312e+04
5.75023e+01 1.56652e+04
5.75361e+01 1.42516e+04
5.75698e+01 1.33546e+04
5.76035e+01 1.38046e+04
5.76371e+01 1.41000e+04
5.76708e+01 1.29422e+04
5.77044e+01 1.25593e+04
5.77380e+01 1.21961e+04
5.77715e+01 1.08032e+04
5.78051e+01 1.12109e+04
5.78386e+01 1.42200e+04
5.78721e+01 1.53504e+04
5.79056e+01 1.38190e+04
5.79390e+01 1.21502e+04
5.79724e+01 1.13305e+04
5.80058e+01 1.22173e+04
5.80392e+01 1.13397e+04
5.80725e+01 1.17686e+04
5.81058e+01 9.78350e+03
5.81391e+01 8.68810e+03
5.81724e+01 7.99410e+03
5.82057e+01 1.03168e+04
5.82389e+01 9.27970e+03
5.82721e+01 7.90920e+03
5.83052e+01 1.06580e+04
5.83384e+01 1.06959e+04
5.83715e+01 1.04605e+04
5.84046e+01 1.10385e+04
5.84377e+01 9.49870e+03
5.84707e+01 1.04451e+04
5.85038e+01 9.47530e+03
5.85368e+01 9.86590e+03
5.85697e+01 1.11711e+04
5.86027e+01 1.10936e+04
5.86356e+01 7.72900e+03
5.86685e+01 6.66800e+03
5.87014e+01 1.04933e+04
5.87343e+01 1.12013e+04
5.87671e+01 9.63980e+03
5.87999e+01 9.32770e+03
5.88327e+01 9.63660e+03
5.88654e+01 7.99300e+03
5.88982e+01 6.98580e+03
5.89309e+01 8.98560e+03
5.89635e+01 7.10310e+03
5.89962e+01 8.89360e+03
5.90288e+01 7.52260e+03
5.90614e+01 7.06000e+03
5.90940e+01 8.72630e+03
5.91266e+01 8.60890e+03
5.91591e+01 8.53390e+03
5.91916e+01 7.30260e+03
5.92241e+01 8.59700e+03
5.92566e+01 7.88730e+03
5.92890e+01 8.27860e+03
5.93214e+01 8.39780e+03
5.93538e+01 8.23660e+03
5.93862e+01 7.31280e+03
5.94185e+01 7.74170e+03
5.94508e+01 8.34540e+03
5.94831e+01 9.04230e+03
5.95154e+01 1.00704e+04
5.95476e+01 9.86720e+03
5.95798e+01 6.83090e+03
5.96120e+01 7.99570e+03
5.96442e+01 7.55110e+03
5.96763e+01 7.88130e+03
5.97084e+01 9.29530e+03
5.97405e+01 7.78280e+03
5.97726e+01 7.37060e+03
5.98046e+01 6.27220e+03
5.98367e+01 6.37540e+03
5.98687e+01 7.98100e+03
5.99006e+01 7.97480e+03
5.99326e+01 7.64340e+03
5.99645e+01 7.72630e+03
5.99964e+01 6.38170e+03
6.00283e+01 7.67410e+03
6.00601e+01 8.02130e+03
6.00919e+01 9.52050e+03
6.01237e+01 7.98540e+03
6.01555e+01 5.89680e+03
6.01873e+01 5.29650e+03
6.02190e+01 8.06280e+03
6.02507e+01 9.70590e+03
6.02824e+01 8.65540e+03
6.03140e+01 7.25490e+03
6.03456e+01 8.34420e+03
6.03772e+01 7.71740e+03
6.04088e+01 6.52300e+03
6.04404e+01 6.81410e+03
6.04719e+01 4.50660e+03
6.05034e+01 7.70570e+03
6.05349e+01 8.25650e+03
6.05663e+01 7.23400e+03
6.05978e+01 5.71650e+03
6.06292e+01 7.02320e+03
6.06605e+01 8.15070e+03
6.06919e+01 7.61240e+03
6.07232e+01 6.22670e+03
6.07545e+01 7.51390e+03
6.07858e+01 6.29600e+03
6.08171e+01 7.74620e+03
6.08483e+01 7.48420e+03
6.08795e+01 7.20960e+03
6.09107e+01 7.20630e+03
6.09419e+01 7.47710e+03
6.09730e+01 4.77270e+03
6.10041e+01 5.41440e+03
6.10352e+01 5.73430e+03
6.10663e+01 5.94600e+03
6.10973e+01 5.95700e+03
6.11283e+01 7.32270e+03
6.11593e+01 4.96760e+03
6.11903e+01 5.72130e+03
6.12212e+01 5.31570e+03
6.12521e+01 5.68040e+03
6.12830e+01 7.48840e+03
6.13139e+01 8.65400e+03
6.13447e+01 8.85880e+03
6.13755e+01 6.53230e+03
6.14063e+01 7.42370e+03
6.14371e+01 7.24450e+03
6.14678e+01 7.38740e+03
6.14986e+01 8.70370e+03
6.15292e+01 7.44040e+03
6.15599e+01 7.64400e+03
6.15906e+01 8.62280e+03
6.16212e+01 8.20400e+03
6.16518e+01 5.92800e+03
6.16823e+01 6.93440e+03
6.17129e+01 6.94790e+03
6.17434e+01 6.58680e+03
6.17739e+01 4.87810e+03
6.18044e+01 3.96730e+03
6.18348e+01 5.24560e+03
6.18653e+01 5.47170e+03
6.18957e+01 4.77090e+03
6.19260e+01 7.02060e+03
6.19564e+01 8.00920e+03
6.19867e+01 8.40190e+03
6.20170e+01 8.45520e+03
6.20473e+01 6.16170e+03
6.20775e+01 4.77520e+03
6.21078e+01 4.43670e+03
6.21380e+01 4.86210e+03
6.21681e+01 5.47940e+03
6.21983e+01 5.50110e+03
6.22284e+01 7.28560e+03
6.22585e+01 7.14740e+03
6.22886e+01 7.59870e+03
6.23187e+01 8.39770e+03
6.23487e+01 7.95390e+03
6.23787e+01 8.72930e+03
6.24087e+01 6.60110e+03
6.24386e+01 5.25080e+03
6.24686e+01 4.69680e+03
6.24985e+01 6.74120e+03
6.25284e+01 6.21080e+03
6.25582e+01 5.38040e+03
6.25881e+01 6.65300e+03
6.26179e+01 8.01700e+03
6.26477e+01 4.80520e+03
6.26774e+01 4.95060e+03
6.27072e+01 5.52660e+03
6.27369e+01 5.62790e+03
6.27666e+01 7.78320e+03
6.27962e+01 7.76770e+03
6.28259e+01 5.67930e+03
6.28555e+01 7.47250e+03
6.28851e+01 8.26210e+03
6.29146e+01 6.29020e+03
6.29442e+01 7.11080e+03
6.29737e+01 7.81920e+03
6.30032e+01 6.46140e+03
6.30326e+01 5.37610e+03
6.30621e+01 5.35030e+03
6.30915e+01 5.57350e+03
6.31209e+01 5.13950e+03
6.31503e+01 6.13890e+03
6.31796e+01 6.21500e+03
6.32089e+01 5.06230e+03
6.32382e+01 6.37520e+03
6.32675e+01 4.16610e+03
6.32967e+01 4.48430e+03
6.33260e+01 4.19600e+03
6.33552e+01 3.93300e+03
6.33843e+01 2.43970e+03
6.34135e+01 1.19080e+03
6.34426e+01 8.75900e+02
6.34717e+01 6.56000e+02
