# La4Ni3O8 Ni L3 edge RIXS
# T = 25 K
# RIXS resolution ~ 0.4 eV
# Horizontal scattering geometry, theta = 15 degrees, 2theta = 95 degrees
# SEXTANTS beamline, SOLEIL synchrotron
# Energy loss 	 Intensity
-1.00000e+01 -1.56105e+03
-9.93802e+00 -1.20297e+03
-9.87603e+00 -1.12934e+03
-9.81405e+00 -8.58820e+02
-9.75207e+00 -1.06470e+03
-9.69008e+00 -1.11932e+03
-9.62810e+00 -1.50670e+03
-9.56612e+00 -1.50270e+03
-9.50413e+00 -1.12334e+03
-9.44215e+00 -4.36460e+02
-9.38017e+00 -5.57242e+02
-9.31818e+00 -1.31476e+03
-9.25620e+00 -6.11464e+02
-9.19421e+00 6.87787e+01
-9.13223e+00 -1.21952e+03
-9.07025e+00 -1.30716e+03
-9.00826e+00 -8.14306e+02
-8.94628e+00 -4.86516e+02
-8.88430e+00 -1.20716e+03
-8.82231e+00 -7.75323e+02
-8.76033e+00 -5.01144e+02
-8.69835e+00 -6.44978e+02
-8.63636e+00 -4.41859e+02
-8.57438e+00 -1.10959e+03
-8.51240e+00 -1.06298e+03
-8.45041e+00 -1.31181e+03
-8.38843e+00 -9.95971e+02
-8.32645e+00 -8.77241e+02
-8.26446e+00 -7.81637e+02
-8.20248e+00 -2.75103e+02
-8.14050e+00 6.44180e+02
-8.07851e+00 9.20150e+02
-8.01653e+00 8.50548e+02
-7.95455e+00 6.17498e+02
-7.89256e+00 6.21222e+02
-7.83058e+00 1.23155e+03
-7.76860e+00 7.87792e+02
-7.70661e+00 -7.19432e+02
-7.64463e+00 -1.30619e+02
-7.58264e+00 3.43808e+02
-7.52066e+00 -5.75989e+02
-7.45868e+00 -1.06632e+03
-7.39669e+00 -6.45228e+02
-7.33471e+00 -9.92643e+02
-7.27273e+00 -6.25845e+02
-7.21074e+00 -4.26318e+02
-7.14876e+00 8.97989e+01
-7.08678e+00 -4.98160e+02
-7.02479e+00 -3.72643e+02
-6.96281e+00 4.10096e+02
-6.90083e+00 -3.41775e+02
-6.83884e+00 1.87627e+01
-6.77686e+00 1.78899e+03
-6.71488e+00 1.96075e+03
-6.65289e+00 1.27145e+03
-6.59091e+00 2.16494e+02
-6.52893e+00 -4.80873e+02
-6.46694e+00 3.03209e+02
-6.40496e+00 9.08084e+01
-6.34298e+00 -1.51691e+02
-6.28099e+00 5.74707e+02
-6.21901e+00 1.94634e+03
-6.15702e+00 1.37738e+03
-6.09504e+00 1.46450e+01
-6.03306e+00 2.81431e+01
-5.97107e+00 2.29891e+02
-5.90909e+00 5.48484e+02
-5.84711e+00 7.88157e+02
-5.78512e+00 7.60012e+02
-5.72314e+00 1.58711e+03
-5.66116e+00 2.01088e+03
-5.59917e+00 4.71512e+02
-5.53719e+00 5.15625e+02
-5.47521e+00 1.27953e+03
-5.41322e+00 2.04649e+03
-5.35124e+00 1.65142e+03
-5.28926e+00 1.19241e+03
-5.22727e+00 1.12711e+03
-5.16529e+00 1.70821e+03
-5.10331e+00 9.43682e+02
-5.04132e+00 1.79106e+03
-4.97934e+00 1.57446e+03
-4.91736e+00 1.17064e+03
-4.85537e+00 1.43349e+03
-4.79339e+00 1.05654e+03
-4.73140e+00 1.08267e+03
-4.66942e+00 1.62637e+03
-4.60744e+00 2.72025e+03
-4.54545e+00 3.78376e+03
-4.48347e+00 2.64040e+03
-4.42149e+00 1.72000e+03
-4.35950e+00 2.36442e+03
-4.29752e+00 3.81093e+03
-4.23554e+00 4.80930e+03
-4.17355e+00 5.12691e+03
-4.11157e+00 4.25492e+03
-4.04959e+00 4.10784e+03
-3.98760e+00 4.58459e+03
-3.92562e+00 4.20881e+03
-3.86364e+00 3.97044e+03
-3.80165e+00 4.65717e+03
-3.73967e+00 4.14504e+03
-3.67769e+00 5.13911e+03
-3.61570e+00 5.12361e+03
-3.55372e+00 5.54622e+03
-3.49174e+00 6.88301e+03
-3.42975e+00 6.89784e+03
-3.36777e+00 6.84765e+03
-3.30579e+00 5.41837e+03
-3.24380e+00 7.06535e+03
-3.18182e+00 8.39636e+03
-3.11983e+00 7.82343e+03
-3.05785e+00 8.90921e+03
-2.99587e+00 8.46510e+03
-2.93388e+00 8.20982e+03
-2.87190e+00 9.06856e+03
-2.80992e+00 8.93533e+03
-2.74793e+00 1.03049e+04
-2.68595e+00 1.21868e+04
-2.62397e+00 1.21748e+04
-2.56198e+00 1.10628e+04
-2.50000e+00 1.00955e+04
-2.43802e+00 1.25615e+04
-2.37603e+00 1.33519e+04
-2.31405e+00 1.41488e+04
-2.25207e+00 1.57946e+04
-2.19008e+00 1.39855e+04
-2.12810e+00 1.66480e+04
-2.06612e+00 1.77844e+04
-2.00413e+00 1.98457e+04
-1.94215e+00 1.96685e+04
-1.88017e+00 1.99576e+04
-1.81818e+00 2.36298e+04
-1.75620e+00 2.28595e+04
-1.69421e+00 2.40601e+04
-1.63223e+00 2.73130e+04
-1.57025e+00 3.05781e+04
-1.50826e+00 3.83951e+04
-1.44628e+00 4.89856e+04
-1.38430e+00 5.71878e+04
-1.32231e+00 6.18922e+04
-1.26033e+00 6.94318e+04
-1.19835e+00 6.95323e+04
-1.13636e+00 6.97940e+04
-1.07438e+00 6.88558e+04
-1.01240e+00 7.22031e+04
-9.50413e-01 7.92664e+04
-8.88430e-01 9.46283e+04
-8.26446e-01 1.16546e+05
-7.64463e-01 1.37582e+05
-7.02479e-01 1.64437e+05
-6.40496e-01 2.06281e+05
-5.78512e-01 2.61561e+05
-5.16529e-01 3.43781e+05
-4.54545e-01 5.08815e+05
-3.92562e-01 8.28760e+05
-3.30579e-01 1.40841e+06
-2.68595e-01 2.39424e+06
-2.06612e-01 4.12211e+06
-1.44628e-01 6.60886e+06
-8.26446e-02 9.54760e+06
-2.06612e-02 1.16027e+07
4.13223e-02 1.11818e+07
1.03306e-01 8.66512e+06
1.65289e-01 5.59532e+06
2.27273e-01 3.32245e+06
2.89256e-01 1.94319e+06
3.51240e-01 1.18494e+06
4.13223e-01 8.05934e+05
4.75207e-01 6.34978e+05
5.37190e-01 5.37072e+05
5.99174e-01 4.52898e+05
6.61157e-01 3.60318e+05
7.23140e-01 2.79576e+05
7.85124e-01 2.20685e+05
8.47107e-01 1.80060e+05
9.09091e-01 1.48259e+05
9.71074e-01 1.29194e+05
1.03306e+00 1.15495e+05
1.09504e+00 1.12568e+05
1.15702e+00 1.11306e+05
1.21901e+00 1.09792e+05
1.28099e+00 1.11449e+05
1.34298e+00 1.08954e+05
1.40496e+00 1.00016e+05
1.46694e+00 8.78865e+04
1.52893e+00 7.70697e+04
1.59091e+00 7.24843e+04
1.65289e+00 6.29767e+04
1.71488e+00 6.00514e+04
1.77686e+00 5.70073e+04
1.83884e+00 5.12327e+04
1.90083e+00 4.79272e+04
1.96281e+00 4.44897e+04
2.02479e+00 4.06758e+04
2.08678e+00 4.02518e+04
2.14876e+00 3.95516e+04
2.21074e+00 3.89486e+04
2.27273e+00 3.51846e+04
2.33471e+00 3.48495e+04
2.39669e+00 3.10573e+04
2.45868e+00 2.71697e+04
2.52066e+00 2.54827e+04
2.58264e+00 2.52206e+04
2.64463e+00 2.36944e+04
2.70661e+00 2.20077e+04
2.76860e+00 2.18476e+04
2.83058e+00 2.15989e+04
2.89256e+00 2.19823e+04
2.95455e+00 2.03969e+04
3.01653e+00 2.00524e+04
3.07851e+00 2.15765e+04
3.14050e+00 2.13822e+04
3.20248e+00 1.97762e+04
3.26446e+00 1.87277e+04
3.32645e+00 1.76004e+04
3.38843e+00 1.45724e+04
3.45041e+00 1.65724e+04
3.51240e+00 1.71403e+04
3.57438e+00 1.47022e+04
3.63636e+00 1.50532e+04
3.69835e+00 1.38579e+04
3.76033e+00 1.26121e+04
3.82231e+00 1.31827e+04
3.88430e+00 1.61519e+04
3.94628e+00 1.58438e+04
4.00826e+00 1.24359e+04
4.07025e+00 1.25676e+04
4.13223e+00 1.20372e+04
4.19421e+00 1.15783e+04
4.25620e+00 1.05386e+04
4.31818e+00 1.01641e+04
4.38017e+00 1.02645e+04
4.44215e+00 1.12890e+04
4.50413e+00 1.15638e+04
4.56612e+00 1.33524e+04
4.62810e+00 1.35145e+04
4.69008e+00 1.30304e+04
4.75207e+00 1.37584e+04
4.81405e+00 1.05308e+04
4.87603e+00 1.07496e+04
4.93802e+00 1.26969e+04
5.00000e+00 1.00713e+04
5.06198e+00 9.92236e+03
5.12397e+00 1.07545e+04
5.18595e+00 1.34692e+04
5.24793e+00 1.19745e+04
5.30992e+00 1.25804e+04
5.37190e+00 1.17233e+04
5.43388e+00 1.20290e+04
5.49587e+00 1.21551e+04
5.55785e+00 1.27809e+04
5.61983e+00 1.29790e+04
5.68182e+00 1.07669e+04
5.74380e+00 9.37419e+03
5.80579e+00 1.14718e+04
5.86777e+00 9.82237e+03
5.92975e+00 1.11255e+04
5.99174e+00 1.11246e+04
6.05372e+00 9.57286e+03
6.11570e+00 1.08806e+04
6.17769e+00 9.96090e+03
6.23967e+00 8.81987e+03
6.30165e+00 1.07123e+04
6.36364e+00 1.04476e+04
6.42562e+00 9.98754e+03
6.48760e+00 1.03102e+04
6.54959e+00 9.86264e+03
6.61157e+00 9.37584e+03
6.67355e+00 9.23779e+03
6.73554e+00 8.90777e+03
6.79752e+00 9.01373e+03
6.85950e+00 7.81593e+03
6.92149e+00 6.82177e+03
6.98347e+00 6.45428e+03
7.04545e+00 6.94172e+03
7.10744e+00 7.40659e+03
7.16942e+00 6.22065e+03
7.23140e+00 5.24235e+03
7.29339e+00 8.81032e+03
7.35537e+00 8.63245e+03
7.41736e+00 8.83001e+03
7.47934e+00 9.96069e+03
7.54132e+00 1.01167e+04
7.60331e+00 9.18779e+03
7.66529e+00 8.23791e+03
7.72727e+00 6.50253e+03
7.78926e+00 6.07003e+03
7.85124e+00 6.72145e+03
7.91322e+00 6.82158e+03
7.97521e+00 7.77233e+03
8.03719e+00 7.47108e+03
8.09917e+00 6.56520e+03
8.16116e+00 7.16502e+03
8.22314e+00 7.66075e+03
8.28512e+00 8.97886e+03
8.34711e+00 9.92079e+03
8.40909e+00 1.03933e+04
8.47107e+00 9.66054e+03
8.53306e+00 8.86554e+03
8.59504e+00 8.31654e+03
8.65702e+00 1.06888e+04
8.71901e+00 9.08965e+03
8.78099e+00 9.19670e+03
8.84298e+00 9.62014e+03
8.90496e+00 9.04276e+03
8.96694e+00 8.87633e+03
9.02893e+00 9.55586e+03
9.09091e+00 1.15422e+04
9.15289e+00 1.18612e+04
9.21488e+00 1.17154e+04
9.27686e+00 1.13610e+04
9.33884e+00 1.26561e+04
9.40083e+00 1.22977e+04
9.46281e+00 1.23711e+04
9.52479e+00 1.19527e+04
9.58678e+00 1.22039e+04
9.64876e+00 1.02647e+04
9.71074e+00 1.14145e+04
9.77273e+00 1.19928e+04
9.83471e+00 1.21405e+04
9.89669e+00 1.31035e+04
9.95868e+00 1.27230e+04
1.00207e+01 1.31410e+04
1.00826e+01 1.30540e+04
1.01446e+01 1.16252e+04
1.02066e+01 1.15035e+04
1.02686e+01 1.08212e+04
1.03306e+01 1.27136e+04
1.03926e+01 1.54746e+04
1.04545e+01 1.41291e+04
1.05165e+01 1.14765e+04
1.05785e+01 1.31696e+04
1.06405e+01 1.19694e+04
1.07025e+01 1.10262e+04
1.07645e+01 1.05172e+04
1.08264e+01 1.01660e+04
1.08884e+01 1.16713e+04
1.09504e+01 1.19990e+04
1.10124e+01 9.35991e+03
1.10744e+01 1.00047e+04
1.11364e+01 1.10320e+04
1.11983e+01 9.96307e+03
1.12603e+01 9.19719e+03
1.13223e+01 8.98583e+03
1.13843e+01 7.75674e+03
1.14463e+01 9.11992e+03
1.15083e+01 8.21121e+03
1.15702e+01 7.99088e+03
1.16322e+01 8.38581e+03
1.16942e+01 7.63523e+03
1.17562e+01 7.43606e+03
1.18182e+01 7.79189e+03
1.18802e+01 7.07443e+03
1.19421e+01 6.10369e+03
1.20041e+01 7.10429e+03
1.20661e+01 7.41270e+03
1.21281e+01 7.21992e+03
1.21901e+01 5.62078e+03
1.22521e+01 7.11489e+03
1.23140e+01 9.29240e+03
1.23760e+01 7.32668e+03
1.24380e+01 4.82722e+03
1.25000e+01 6.48251e+03
1.25620e+01 5.56534e+03
1.26240e+01 5.22784e+03
1.26860e+01 5.76758e+03
1.27479e+01 4.57759e+03
1.28099e+01 4.61130e+03
1.28719e+01 4.76577e+03
1.29339e+01 5.76654e+03
1.29959e+01 5.09601e+03
1.30579e+01 5.54663e+03
1.31198e+01 6.26280e+03
1.31818e+01 4.23556e+03
1.32438e+01 3.68704e+03
1.33058e+01 4.85955e+03
1.33678e+01 6.08959e+03
1.34298e+01 4.62521e+03
1.34917e+01 5.47738e+03
1.35537e+01 6.18004e+03
1.36157e+01 4.59988e+03
1.36777e+01 3.33255e+03
1.37397e+01 4.18505e+03
1.38017e+01 4.96579e+03
1.38636e+01 4.25873e+03
1.39256e+01 4.41363e+03
1.39876e+01 6.18335e+03
1.40496e+01 5.06059e+03
1.41116e+01 3.68289e+03
1.41736e+01 4.68609e+03
1.42355e+01 5.67879e+03
1.42975e+01 4.23206e+03
1.43595e+01 3.94388e+03
1.44215e+01 4.82201e+03
1.44835e+01 6.90473e+03
1.45455e+01 6.22845e+03
1.46074e+01 6.32128e+03
1.46694e+01 7.03359e+03
1.47314e+01 5.42344e+03
1.47934e+01 6.87953e+03
1.48554e+01 8.35806e+03
1.49174e+01 7.43678e+03
1.49793e+01 8.80234e+03
1.50413e+01 1.04474e+04
1.51033e+01 1.18508e+04
1.51653e+01 1.23336e+04
1.52273e+01 1.17157e+04
1.52893e+01 1.31784e+04
1.53512e+01 1.73756e+04
1.54132e+01 1.71163e+04
1.54752e+01 2.18817e+04
1.55372e+01 2.37509e+04
1.55992e+01 2.37804e+04
1.56612e+01 2.35468e+04
1.57231e+01 2.99819e+04
1.57851e+01 3.66438e+04
1.58471e+01 3.73025e+04
1.59091e+01 3.92053e+04
1.59711e+01 4.27602e+04
1.60331e+01 4.56357e+04
1.60950e+01 4.69919e+04
1.61570e+01 4.48444e+04
1.62190e+01 4.01880e+04
1.62810e+01 3.78412e+04
1.63430e+01 3.81346e+04
1.64050e+01 3.96741e+04
1.64669e+01 3.12985e+04
1.65289e+01 2.88106e+04
1.65909e+01 2.91119e+04
1.66529e+01 2.59762e+04
1.67149e+01 1.98603e+04
1.67769e+01 1.86741e+04
1.68388e+01 2.20944e+04
1.69008e+01 2.06527e+04
1.69628e+01 2.00030e+04
1.70248e+01 1.85041e+04
1.70868e+01 1.50221e+04
1.71488e+01 1.63467e+04
1.72107e+01 1.31532e+04
1.72727e+01 1.27502e+04
1.73347e+01 1.21137e+04
1.73967e+01 1.24413e+04
1.74587e+01 1.14345e+04
1.75207e+01 1.35402e+04
1.75826e+01 1.54716e+04
1.76446e+01 1.52872e+04
1.77066e+01 1.64955e+04
1.77686e+01 1.69702e+04
1.78306e+01 1.72111e+04
1.78926e+01 1.47506e+04
1.79545e+01 1.89170e+04
1.80165e+01 2.14139e+04
1.80785e+01 2.37411e+04
1.81405e+01 2.65638e+04
1.82025e+01 2.80844e+04
1.82645e+01 3.15926e+04
1.83264e+01 3.43046e+04
1.83884e+01 4.04750e+04
1.84504e+01 4.37119e+04
1.85124e+01 4.42251e+04
1.85744e+01 4.49869e+04
1.86364e+01 4.61818e+04
1.86983e+01 4.18507e+04
1.87603e+01 4.14985e+04
1.88223e+01 4.10822e+04
1.88843e+01 3.51091e+04
1.89463e+01 3.34904e+04
1.90083e+01 3.20055e+04
1.90702e+01 2.93315e+04
1.91322e+01 3.00657e+04
1.91942e+01 2.72856e+04
1.92562e+01 2.12978e+04
1.93182e+01 2.32366e+04
1.93802e+01 2.13354e+04
1.94421e+01 1.68407e+04
1.95041e+01 1.85224e+04
1.95661e+01 1.60743e+04
1.96281e+01 1.59722e+04
1.96901e+01 1.78128e+04
1.97521e+01 1.75707e+04
1.98140e+01 1.50907e+04
1.98760e+01 1.71819e+04
1.99380e+01 1.84510e+04
2.00000e+01 1.70265e+04
2.00620e+01 1.64979e+04
2.01240e+01 1.70766e+04
2.01860e+01 1.64287e+04
2.02479e+01 1.41458e+04
2.03099e+01 1.74271e+04
2.03719e+01 1.42322e+04
2.04339e+01 1.50815e+04
2.04959e+01 1.47049e+04
2.05579e+01 1.39627e+04
2.06198e+01 1.29669e+04
2.06818e+01 1.47196e+04
2.07438e+01 1.44741e+04
2.08058e+01 1.36453e+04
2.08678e+01 1.03329e+04
2.09298e+01 1.07468e+04
2.09917e+01 1.33273e+04
2.10537e+01 1.26706e+04
2.11157e+01 1.28797e+04
2.11777e+01 1.33367e+04
2.12397e+01 1.24846e+04
2.13017e+01 1.54445e+04
2.13636e+01 1.63510e+04
2.14256e+01 1.56963e+04
2.14876e+01 1.63441e+04
2.15496e+01 1.80896e+04
2.16116e+01 1.91972e+04
2.16736e+01 1.95550e+04
2.17355e+01 2.08557e+04
2.17975e+01 2.31643e+04
2.18595e+01 2.10871e+04
2.19215e+01 2.16751e+04
2.19835e+01 2.14771e+04
2.20455e+01 2.15174e+04
2.21074e+01 2.11194e+04
2.21694e+01 1.97024e+04
2.22314e+01 1.89431e+04
2.22934e+01 1.83006e+04
2.23554e+01 1.68852e+04
2.24174e+01 1.39461e+04
2.24793e+01 1.36729e+04
2.25413e+01 1.18103e+04
2.26033e+01 1.01625e+04
2.26653e+01 1.10896e+04
2.27273e+01 1.05010e+04
2.27893e+01 7.11195e+03
2.28512e+01 9.24801e+03
2.29132e+01 9.62274e+03
2.29752e+01 6.70487e+03
2.30372e+01 7.55929e+03
2.30992e+01 6.99606e+03
2.31612e+01 8.16450e+03
2.32231e+01 7.87566e+03
2.32851e+01 7.28268e+03
2.33471e+01 5.97196e+03
2.34091e+01 6.81396e+03
2.34711e+01 6.68921e+03
2.35331e+01 6.82607e+03
2.35950e+01 6.63362e+03
2.36570e+01 4.43067e+03
2.37190e+01 4.56747e+03
2.37810e+01 4.59752e+03
2.38430e+01 4.57132e+03
2.39050e+01 3.89038e+03
2.39669e+01 3.90916e+03
2.40289e+01 5.07697e+03
2.40909e+01 3.48757e+03
2.41529e+01 3.31223e+03
2.42149e+01 4.61152e+03
2.42769e+01 5.37783e+03
2.43388e+01 4.73449e+03
2.44008e+01 3.07906e+03
2.44628e+01 4.24353e+03
2.45248e+01 4.00165e+03
2.45868e+01 4.04568e+03
2.46488e+01 4.11680e+03
2.47107e+01 4.84629e+03
2.47727e+01 4.85766e+03
2.48347e+01 4.47455e+03
2.48967e+01 3.05362e+03
2.49587e+01 6.21570e+03
2.50207e+01 6.49870e+03
2.50826e+01 5.59147e+03
2.51446e+01 4.20853e+03
2.52066e+01 3.46304e+03
2.52686e+01 4.48915e+03
2.53306e+01 4.62594e+03
2.53926e+01 4.57933e+03
2.54545e+01 4.08421e+03
2.55165e+01 4.46902e+03
2.55785e+01 5.22979e+03
2.56405e+01 3.98902e+03
2.57025e+01 2.93738e+03
2.57645e+01 4.21805e+03
2.58264e+01 3.39717e+03
2.58884e+01 3.52703e+03
2.59504e+01 4.01949e+03
2.60124e+01 3.37320e+03
2.60744e+01 5.37565e+03
2.61364e+01 3.85220e+03
2.61983e+01 3.20215e+03
2.62603e+01 3.21683e+03
2.63223e+01 2.76779e+03
2.63843e+01 2.85645e+03
2.64463e+01 2.98583e+03
2.65083e+01 2.10040e+03
2.65702e+01 3.13162e+03
2.66322e+01 3.23512e+03
2.66942e+01 3.73615e+03
2.67562e+01 3.95621e+03
2.68182e+01 4.27371e+03
2.68802e+01 4.73288e+03
2.69421e+01 5.37579e+03
2.70041e+01 4.96235e+03
2.70661e+01 3.06804e+03
2.71281e+01 3.48464e+03
2.71901e+01 3.52364e+03
2.72521e+01 4.83191e+03
2.73140e+01 5.69444e+03
2.73760e+01 3.64782e+03
2.74380e+01 3.41375e+03
2.75000e+01 3.84929e+03
2.75620e+01 4.05754e+03
2.76240e+01 2.42710e+03
2.76860e+01 2.64987e+03
2.77479e+01 3.60987e+03
2.78099e+01 4.12344e+03
2.78719e+01 4.90789e+03
2.79339e+01 4.93825e+03
2.79959e+01 5.45901e+03
2.80579e+01 4.08201e+03
2.81198e+01 4.27229e+03
2.81818e+01 5.28708e+03
2.82438e+01 4.90310e+03
2.83058e+01 3.47287e+03
2.83678e+01 4.70446e+03
2.84298e+01 4.49989e+03
2.84917e+01 4.61378e+03
2.85537e+01 5.56480e+03
2.86157e+01 4.27123e+03
2.86777e+01 4.47305e+03
2.87397e+01 4.40369e+03
2.88017e+01 4.61863e+03
2.88636e+01 4.96085e+03
2.89256e+01 4.70956e+03
2.89876e+01 5.56139e+03
2.90496e+01 4.64088e+03
2.91116e+01 3.97694e+03
2.91736e+01 5.20294e+03
2.92355e+01 6.15269e+03
2.92975e+01 5.10047e+03
2.93595e+01 4.79249e+03
2.94215e+01 5.81791e+03
2.94835e+01 6.21761e+03
2.95455e+01 5.66912e+03
2.96074e+01 4.03626e+03
2.96694e+01 4.89550e+03
2.97314e+01 5.73702e+03
2.97934e+01 4.24105e+03
2.98554e+01 4.59663e+03
2.99174e+01 5.43119e+03
2.99793e+01 5.40724e+03
3.00413e+01 4.65715e+03
3.01033e+01 5.35047e+03
3.01653e+01 4.05413e+03
3.02273e+01 4.96537e+03
3.02893e+01 2.48663e+03
3.03512e+01 5.03600e+03
3.04132e+01 4.61126e+03
3.04752e+01 4.80000e+03
3.05372e+01 3.71261e+03
3.05992e+01 4.07778e+03
3.06612e+01 3.82462e+03
3.07231e+01 4.08506e+03
3.07851e+01 3.69997e+03
3.08471e+01 4.66137e+03
3.09091e+01 5.13688e+03
3.09711e+01 6.00807e+03
3.10331e+01 4.58628e+03
3.10950e+01 4.09156e+03
3.11570e+01 4.39030e+03
3.12190e+01 3.95065e+03
3.12810e+01 3.70601e+03
3.13430e+01 4.18586e+03
3.14050e+01 4.75323e+03
3.14669e+01 3.24995e+03
3.15289e+01 3.43239e+03
3.15909e+01 3.04352e+03
3.16529e+01 4.89216e+03
3.17149e+01 5.02576e+03
3.17769e+01 4.29821e+03
3.18388e+01 4.01393e+03
3.19008e+01 4.09302e+03
3.19628e+01 3.64680e+03
3.20248e+01 4.40936e+03
3.20868e+01 3.08046e+03
3.21488e+01 3.31504e+03
3.22107e+01 3.07553e+03
3.22727e+01 4.13589e+03
3.23347e+01 5.49380e+03
3.23967e+01 5.15711e+03
3.24587e+01 5.10172e+03
3.25207e+01 3.53624e+03
3.25826e+01 4.89339e+03
3.26446e+01 4.70925e+03
3.27066e+01 3.54393e+03
3.27686e+01 5.03773e+03
3.28306e+01 4.32704e+03
3.28926e+01 4.67192e+03
3.29545e+01 4.73643e+03
3.30165e+01 4.55107e+03
3.30785e+01 4.80105e+03
3.31405e+01 3.15155e+03
3.32025e+01 3.14151e+03
3.32645e+01 4.82445e+03
3.33264e+01 5.07256e+03
3.33884e+01 3.56672e+03
3.34504e+01 3.44526e+03
3.35124e+01 3.75463e+03
3.35744e+01 5.11488e+03
3.36364e+01 4.77975e+03
3.36983e+01 4.61577e+03
3.37603e+01 3.53881e+03
3.38223e+01 4.39074e+03
3.38843e+01 3.84733e+03
3.39463e+01 4.70575e+03
3.40083e+01 4.69299e+03
3.40702e+01 3.74228e+03
3.41322e+01 4.08889e+03
3.41942e+01 3.28863e+03
3.42562e+01 3.78897e+03
3.43182e+01 4.36610e+03
3.43802e+01 3.09788e+03
3.44421e+01 5.42586e+03
3.45041e+01 5.02842e+03
3.45661e+01 5.16207e+03
3.46281e+01 3.17401e+03
3.46901e+01 2.16518e+03
3.47521e+01 4.23394e+03
3.48140e+01 3.67430e+03
3.48760e+01 4.24545e+03
3.49380e+01 3.25229e+03
3.50000e+01 2.79914e+03
