# La4Ni3O10 Ni L3 edge RIXS
# Room temperature
# RIXS resolution ~ 0.4 eV
# Horizontal scattering geometry, theta = 15 degrees, 2theta = 95 degrees
# SEXTANTS beamline, SOLEIL synchrotron
# Energy loss 	 Intensity
-1.00000e+01 2.69570e-03
-9.90306e+00 -7.39489e-04
-9.80613e+00 1.53173e-03
-9.70919e+00 -1.56159e-03
-9.61226e+00 2.40218e-04
-9.51532e+00 9.87701e-04
-9.41838e+00 -3.32210e-04
-9.32145e+00 -2.52903e-04
-9.22451e+00 -1.58874e-03
-9.12757e+00 -3.14598e-04
-9.03064e+00 2.20508e-03
-8.93370e+00 1.00563e-03
-8.83677e+00 -8.63562e-04
-8.73983e+00 3.07822e-03
-8.64289e+00 2.76039e-03
-8.54596e+00 2.51127e-03
-8.44902e+00 1.49653e-04
-8.35209e+00 1.43484e-03
-8.25515e+00 1.24419e-03
-8.15821e+00 1.44581e-04
-8.06128e+00 2.60026e-04
-7.96434e+00 -3.63461e-04
-7.86740e+00 -1.80107e-03
-7.77047e+00 -8.85474e-04
-7.67353e+00 1.67262e-04
-7.57660e+00 1.37243e-03
-7.47966e+00 -1.06278e-03
-7.38272e+00 4.06280e-03
-7.28579e+00 -1.28706e-03
-7.18885e+00 -3.09201e-04
-7.09192e+00 9.53962e-04
-6.99498e+00 1.51481e-03
-6.89804e+00 6.59623e-04
-6.80111e+00 -1.22148e-03
-6.70417e+00 1.77436e-03
-6.60723e+00 -1.06479e-03
-6.51030e+00 -1.61931e-03
-6.41336e+00 -1.00237e-03
-6.31643e+00 -1.07007e-03
-6.21949e+00 1.21029e-03
-6.12255e+00 2.18289e-04
-6.02562e+00 -3.76813e-04
-5.92868e+00 -2.70095e-04
-5.83175e+00 8.57668e-04
-5.73481e+00 1.47085e-03
-5.63787e+00 -5.48974e-04
-5.54094e+00 -1.81185e-03
-5.44400e+00 -1.99475e-03
-5.34706e+00 -1.22236e-03
-5.25013e+00 6.54900e-04
-5.15319e+00 -1.65305e-03
-5.05626e+00 -6.26862e-04
-4.95932e+00 4.16450e-04
-4.86238e+00 -1.31846e-05
-4.76545e+00 2.25240e-03
-4.66851e+00 2.68353e-04
-4.57158e+00 -1.01974e-03
-4.47464e+00 -3.07447e-03
-4.37770e+00 -1.14601e-03
-4.28077e+00 -1.30960e-03
-4.18383e+00 -3.25027e-03
-4.08689e+00 -2.57869e-04
-3.98996e+00 -3.46490e-03
-3.89302e+00 -3.16902e-03
-3.79609e+00 -2.14841e-03
-3.69915e+00 -6.44207e-04
-3.60221e+00 2.01045e-03
-3.50528e+00 -7.66724e-04
-3.40834e+00 -1.87683e-03
-3.31141e+00 -5.59580e-05
-3.21447e+00 4.63541e-04
-3.11753e+00 4.01785e-03
-3.02060e+00 1.53821e-03
-2.92366e+00 1.85627e-03
-2.82672e+00 -9.19236e-04
-2.72979e+00 2.38799e-03
-2.63285e+00 1.38784e-03
-2.53592e+00 -1.00197e-04
-2.43898e+00 -2.22513e-03
-2.34204e+00 -2.30270e-03
-2.24511e+00 -1.55272e-03
-2.14817e+00 1.41034e-03
-2.05124e+00 1.96596e-03
-1.95430e+00 2.47687e-03
-1.85736e+00 -1.25454e-03
-1.76043e+00 9.39517e-04
-1.66349e+00 -8.82475e-04
-1.56655e+00 5.73217e-04
-1.46962e+00 1.85196e-03
-1.37268e+00 2.70217e-03
-1.27575e+00 1.62537e-03
-1.17881e+00 3.76495e-03
-1.08187e+00 7.96248e-03
-9.84938e-01 3.29635e-03
-8.88002e-01 7.35933e-03
-7.91066e-01 1.40040e-02
-6.94129e-01 1.78164e-02
-5.97193e-01 3.06290e-02
-5.00257e-01 4.32219e-02
-4.03321e-01 9.66707e-02
-3.06385e-01 1.92427e-01
-2.09449e-01 3.19860e-01
-1.12513e-01 5.13185e-01
-1.55764e-02 6.64035e-01
8.13597e-02 6.54407e-01
1.78296e-01 4.60991e-01
2.75232e-01 2.63158e-01
3.72168e-01 1.34988e-01
4.69104e-01 5.77099e-02
5.66040e-01 3.71461e-02
6.62977e-01 2.02677e-02
7.59913e-01 1.50232e-02
8.56849e-01 1.76923e-02
9.53785e-01 1.43635e-02
1.05072e+00 1.74048e-02
1.14766e+00 1.25572e-02
1.24459e+00 1.08717e-02
1.34153e+00 1.28500e-02
1.43847e+00 9.17626e-03
1.53540e+00 7.42954e-03
1.63234e+00 7.35441e-03
1.72927e+00 8.58156e-03
1.82621e+00 7.12491e-03
1.92315e+00 6.02363e-03
2.02008e+00 6.44475e-03
2.11702e+00 2.41581e-03
2.21396e+00 2.57305e-03
2.31089e+00 6.40186e-03
2.40783e+00 4.42204e-03
2.50476e+00 6.36422e-03
2.60170e+00 2.30934e-03
2.69864e+00 2.17095e-03
2.79557e+00 3.38771e-03
2.89251e+00 9.41978e-05
2.98944e+00 3.23152e-04
3.08638e+00 3.33325e-03
3.18332e+00 4.45828e-03
3.28025e+00 3.20783e-03
3.37719e+00 1.37761e-05
3.47413e+00 3.68797e-03
3.57106e+00 2.95402e-03
3.66800e+00 2.70611e-03
3.76493e+00 2.77632e-03
3.86187e+00 2.14380e-03
3.95881e+00 9.61138e-04
4.05574e+00 1.82057e-03
4.15268e+00 -4.16430e-05
4.24961e+00 1.32469e-03
4.34655e+00 2.97542e-04
4.44349e+00 -1.06887e-04
4.54042e+00 2.47195e-03
4.63736e+00 8.02811e-04
4.73429e+00 1.44758e-03
4.83123e+00 3.23927e-03
4.92817e+00 9.12315e-04
5.02510e+00 -1.70887e-03
5.12204e+00 1.25270e-03
5.21898e+00 1.50205e-03
5.31591e+00 3.27109e-04
5.41285e+00 3.51459e-04
5.50978e+00 2.18786e-05
5.60672e+00 -1.56976e-03
5.70366e+00 -2.13878e-03
5.80059e+00 -5.28970e-04
5.89753e+00 1.06344e-03
5.99446e+00 1.63715e-04
6.09140e+00 6.51758e-04
6.18834e+00 -1.49629e-03
6.28527e+00 7.07925e-04
6.38221e+00 1.78552e-03
6.47915e+00 3.73456e-04
6.57608e+00 2.70404e-03
6.67302e+00 1.36017e-04
6.76995e+00 -2.08164e-03
6.86689e+00 -2.57251e-03
6.96383e+00 -2.47703e-04
7.06076e+00 -7.78491e-04
7.15770e+00 -4.23668e-04
7.25463e+00 -2.10298e-03
7.35157e+00 -2.58017e-03
7.44851e+00 -7.11006e-04
7.54544e+00 -2.99027e-03
7.64238e+00 -2.06898e-03
7.73932e+00 -1.60836e-03
7.83625e+00 -4.51435e-04
7.93319e+00 -2.35091e-03
8.03012e+00 -4.17318e-03
8.12706e+00 -3.51059e-03
8.22400e+00 -1.28224e-03
8.32093e+00 -6.90699e-04
8.41787e+00 5.46383e-05
8.51480e+00 1.39464e-03
8.61174e+00 -4.75260e-04
8.70868e+00 4.87643e-04
8.80561e+00 1.50379e-03
8.90255e+00 8.53636e-04
8.99949e+00 6.60689e-04
9.09642e+00 -3.09447e-04
9.19336e+00 1.31941e-04
9.29029e+00 -1.17019e-03
9.38723e+00 6.81777e-04
9.48417e+00 1.75416e-03
9.58110e+00 1.27053e-03
9.67804e+00 1.62534e-03
9.77497e+00 8.42465e-04
9.87191e+00 9.20059e-04
9.96885e+00 1.63785e-03
1.00658e+01 3.31323e-03
1.01627e+01 4.29346e-03
1.02597e+01 2.16023e-03
1.03566e+01 2.94110e-03
1.04535e+01 -1.17646e-03
1.05505e+01 1.04175e-03
1.06474e+01 4.16099e-03
1.07443e+01 2.23751e-03
1.08413e+01 4.47188e-03
1.09382e+01 5.41179e-03
1.10351e+01 4.47172e-03
1.11321e+01 2.42740e-03
1.12290e+01 1.32730e-03
1.13260e+01 1.19243e-04
1.14229e+01 6.39380e-04
1.15198e+01 3.52191e-03
1.16168e+01 2.19139e-03
1.17137e+01 7.28937e-04
1.18106e+01 3.70854e-04
1.19076e+01 3.70792e-04
1.20045e+01 2.21374e-03
1.21014e+01 2.21691e-03
1.21984e+01 -1.28825e-03
1.22953e+01 5.42390e-04
1.23923e+01 -1.38260e-04
1.24892e+01 -1.58011e-04
1.25861e+01 -3.24385e-03
1.26831e+01 -2.37486e-03
1.27800e+01 -2.37748e-03
1.28769e+01 -3.43936e-05
1.29739e+01 -2.04033e-03
1.30708e+01 7.60229e-04
1.31677e+01 -1.63144e-03
1.32647e+01 1.63482e-03
1.33616e+01 -3.41136e-03
1.34585e+01 9.30695e-04
1.35555e+01 -1.45776e-03
1.36524e+01 -2.36079e-03
1.37494e+01 -1.71496e-03
1.38463e+01 2.13442e-05
1.39432e+01 -2.89141e-03
1.40402e+01 -8.01970e-04
1.41371e+01 -1.38046e-03
1.42340e+01 -1.93737e-03
1.43310e+01 6.10356e-04
1.44279e+01 -8.96787e-04
1.45248e+01 -3.03557e-03
1.46218e+01 -2.46549e-03
1.47187e+01 -2.42726e-03
1.48157e+01 3.17002e-04
1.49126e+01 -3.40505e-03
1.50095e+01 -1.62138e-03
1.51065e+01 -1.93298e-03
1.52034e+01 2.21705e-03
1.53003e+01 -2.39598e-04
1.53973e+01 -2.16718e-03
1.54942e+01 -4.01624e-04
1.55911e+01 2.27546e-04
1.56881e+01 2.61173e-03
1.57850e+01 2.56666e-03
1.58820e+01 8.86897e-04
1.59789e+01 1.77823e-03
1.60758e+01 1.94426e-03
1.61728e+01 2.40624e-03
1.62697e+01 3.02651e-03
1.63666e+01 2.14435e-03
1.64636e+01 4.34095e-03
1.65605e+01 3.08671e-03
1.66574e+01 1.06458e-02
1.67544e+01 1.30559e-02
1.68513e+01 1.72640e-02
1.69483e+01 1.52690e-02
1.70452e+01 1.88673e-02
1.71421e+01 2.11240e-02
1.72391e+01 1.86418e-02
1.73360e+01 2.12519e-02
1.74329e+01 1.42090e-02
1.75299e+01 1.31826e-02
1.76268e+01 1.05333e-02
1.77237e+01 5.78522e-03
1.78207e+01 9.42060e-03
1.79176e+01 8.63693e-03
1.80145e+01 6.01545e-03
1.81115e+01 6.48668e-03
1.82084e+01 5.47109e-03
1.83054e+01 4.93481e-03
1.84023e+01 3.13080e-03
1.84992e+01 3.83059e-03
1.85962e+01 2.07856e-03
1.86931e+01 7.98433e-03
1.87900e+01 5.77219e-03
1.88870e+01 7.30779e-03
1.89839e+01 2.97443e-03
1.90808e+01 -1.45058e-04
1.91778e+01 7.31495e-03
1.92747e+01 6.15709e-03
1.93717e+01 6.57367e-03
1.94686e+01 4.38467e-03
1.95655e+01 3.73466e-03
1.96625e+01 4.37583e-03
1.97594e+01 4.62738e-03
1.98563e+01 3.13064e-03
1.99533e+01 3.24053e-03
2.00502e+01 5.65188e-03
2.01471e+01 7.33321e-03
2.02441e+01 4.04220e-03
2.03410e+01 3.67919e-03
2.04380e+01 2.05180e-03
2.05349e+01 2.98853e-03
2.06318e+01 1.61125e-03
2.07288e+01 2.19644e-03
2.08257e+01 2.15494e-03
2.09226e+01 2.05787e-03
2.10196e+01 1.99514e-03
2.11165e+01 -1.48979e-03
2.12134e+01 2.53296e-03
2.13104e+01 4.80920e-03
2.14073e+01 1.82702e-03
2.15042e+01 3.09911e-03
2.16012e+01 6.24363e-03
2.16981e+01 1.42353e-03
2.17951e+01 2.11103e-03
2.18920e+01 4.30253e-03
2.19889e+01 3.87301e-03
2.20859e+01 4.76789e-03
2.21828e+01 3.70783e-03
2.22797e+01 3.63822e-03
2.23767e+01 4.39245e-03
2.24736e+01 7.23692e-04
2.25705e+01 2.42844e-03
2.26675e+01 -1.00366e-03
2.27644e+01 8.26576e-04
2.28614e+01 -6.80002e-04
2.29583e+01 1.15870e-03
2.30552e+01 -2.97608e-04
2.31522e+01 -2.06086e-03
2.32491e+01 -8.87111e-04
2.33460e+01 -5.83223e-04
2.34430e+01 -2.35099e-05
2.35399e+01 -1.73701e-03
2.36368e+01 -2.30137e-03
2.37338e+01 -4.73990e-04
2.38307e+01 1.11336e-03
2.39277e+01 -4.95587e-03
2.40246e+01 -2.05777e-03
2.41215e+01 -1.03011e-03
2.42185e+01 -3.50605e-03
2.43154e+01 6.62311e-05
2.44123e+01 -2.54157e-03
2.45093e+01 -1.08483e-03
2.46062e+01 -6.12761e-03
2.47031e+01 -3.14975e-04
2.48001e+01 -4.15122e-03
2.48970e+01 -4.75706e-03
2.49940e+01 -2.57077e-03
2.50909e+01 -2.99549e-03
2.51878e+01 -1.49236e-03
2.52848e+01 -3.02690e-03
2.53817e+01 -2.04813e-03
2.54786e+01 -2.25193e-03
2.55756e+01 -9.15469e-04
2.56725e+01 -1.11291e-03
2.57694e+01 -2.91170e-04
2.58664e+01 -1.12511e-03
2.59633e+01 -2.07349e-03
2.60602e+01 -1.60933e-03
2.61572e+01 -2.42426e-03
2.62541e+01 -3.52614e-03
2.63511e+01 -4.79305e-03
2.64480e+01 -3.63172e-03
2.65449e+01 -3.85222e-03
2.66419e+01 -2.23709e-03
2.67388e+01 -3.89344e-03
2.68357e+01 -2.29755e-03
2.69327e+01 -3.96615e-03
2.70296e+01 -4.05577e-03
2.71265e+01 -1.41005e-03
2.72235e+01 -2.51946e-03
2.73204e+01 -2.98918e-03
2.74174e+01 -2.19378e-03
2.75143e+01 -3.95132e-03
2.76112e+01 -2.22432e-03
2.77082e+01 -3.61069e-03
2.78051e+01 -4.43866e-04
2.79020e+01 -1.25545e-03
2.79990e+01 -3.06517e-03
2.80959e+01 -3.33366e-03
2.81928e+01 -1.05040e-03
2.82898e+01 -2.65246e-03
2.83867e+01 -1.83742e-03
2.84837e+01 -2.77380e-03
2.85806e+01 -1.00746e-03
2.86775e+01 -3.24970e-03
2.87745e+01 -1.34435e-03
2.88714e+01 1.44308e-04
2.89683e+01 1.36477e-03
2.90653e+01 2.07652e-04
2.91622e+01 1.05946e-03
2.92591e+01 -3.27455e-03
2.93561e+01 4.51706e-04
2.94530e+01 1.21372e-04
2.95499e+01 1.24709e-03
2.96469e+01 2.40565e-03
2.97438e+01 -3.33839e-03
2.98408e+01 -1.28520e-03
2.99377e+01 2.49864e-03
3.00346e+01 -2.91867e-03
3.01316e+01 4.19111e-04
3.02285e+01 5.82244e-04
3.03254e+01 -7.82284e-04
3.04224e+01 -2.11597e-03
3.05193e+01 -2.44534e-03
3.06162e+01 -1.82253e-03
3.07132e+01 -6.33146e-03
3.08101e+01 -3.85118e-03
3.09071e+01 -3.45079e-03
3.10040e+01 -4.51046e-03
3.11009e+01 -2.05140e-03
3.11979e+01 -4.28063e-03
3.12948e+01 -3.00668e-03
3.13917e+01 -2.48395e-03
3.14887e+01 2.58676e-04
3.15856e+01 -1.81632e-03
3.16825e+01 -1.16911e-03
3.17795e+01 -6.47955e-04
3.18764e+01 -3.35374e-03
3.19734e+01 -3.19284e-03
3.20703e+01 1.85753e-04
3.21672e+01 -3.36729e-03
3.22642e+01 -2.26234e-03
3.23611e+01 1.33277e-03
3.24580e+01 1.18236e-03
3.25550e+01 1.12697e-04
3.26519e+01 -5.16566e-05
3.27488e+01 -1.44303e-03
3.28458e+01 -2.37373e-04
3.29427e+01 -1.54960e-03
3.30397e+01 -2.47130e-03
3.31366e+01 -4.58334e-03
3.32335e+01 -1.77474e-03
3.33305e+01 -3.13650e-03
3.34274e+01 -1.03636e-03
3.35243e+01 -1.23304e-03
3.36213e+01 -1.45919e-03
3.37182e+01 -2.15044e-03
3.38151e+01 -2.47708e-03
3.39121e+01 -1.71773e-03
3.40090e+01 -2.73162e-03
3.41059e+01 -2.42531e-04
3.42029e+01 -1.77547e-03
3.42998e+01 -2.82563e-03
3.43968e+01 -2.83746e-03
3.44937e+01 -2.05658e-03
3.45906e+01 -4.20699e-03
3.46876e+01 -8.47573e-04
3.47845e+01 -1.24656e-03
3.48814e+01 -4.79449e-03
3.49784e+01 -1.49675e-03
3.50753e+01 4.16734e-03
3.51722e+01 1.53079e-03
3.52692e+01 4.42808e-03
3.53661e+01 -1.98380e-03
3.54631e+01 -7.89659e-04
3.55600e+01 2.27139e-04
3.56569e+01 2.65977e-03
3.57539e+01 -4.33048e-04
3.58508e+01 1.06131e-03
3.59477e+01 2.78450e-03
3.60447e+01 -9.90603e-05
3.61416e+01 1.89945e-03
3.62385e+01 4.14387e-04
3.63355e+01 2.14617e-03
3.64324e+01 5.48200e-03
3.65294e+01 3.64311e-03
3.66263e+01 3.51466e-03
3.67232e+01 1.21440e-04
3.68202e+01 2.09021e-03
3.69171e+01 1.24788e-03
3.70140e+01 3.06053e-03
3.71110e+01 6.19820e-04
3.72079e+01 1.37671e-03
3.73048e+01 -3.03905e-04
3.74018e+01 -1.66364e-03
3.74987e+01 -3.73914e-04
3.75957e+01 1.20607e-03
3.76926e+01 -3.74920e-03
3.77895e+01 -1.31830e-03
3.78865e+01 2.39971e-03
3.79834e+01 -1.52098e-03
3.80803e+01 -5.28174e-03
3.81773e+01 9.96404e-04
3.82742e+01 -1.29369e-03
3.83711e+01 -2.66816e-03
3.84681e+01 -3.86802e-04
3.85650e+01 -2.83269e-03
3.86619e+01 -2.81225e-03
3.87589e+01 -1.07925e-03
3.88558e+01 -5.32886e-04
3.89528e+01 -1.23872e-03
3.90497e+01 1.22893e-05
3.91466e+01 -1.55661e-03
3.92436e+01 -5.25050e-04
3.93405e+01 -8.27627e-04
3.94374e+01 -8.03271e-04
3.95344e+01 7.14396e-04
3.96313e+01 -7.48272e-04
3.97282e+01 -1.86630e-03
3.98252e+01 -4.08042e-03
3.99221e+01 -5.44498e-03
4.00191e+01 -3.63488e-03
4.01160e+01 -3.17116e-03
4.02129e+01 -1.74241e-03
4.03099e+01 -3.29933e-03
4.04068e+01 -6.66735e-03
4.05037e+01 -3.40515e-03
4.06007e+01 -1.35847e-03
4.06976e+01 2.30756e-04
4.07945e+01 -3.12419e-03
4.08915e+01 -1.15143e-03
4.09884e+01 -2.12990e-03
4.10854e+01 1.30724e-04
4.11823e+01 -2.99736e-03
4.12792e+01 -3.16030e-03
4.13762e+01 -9.38012e-04
4.14731e+01 -1.89555e-03
4.15700e+01 -1.09510e-03
4.16670e+01 -1.61681e-03
4.17639e+01 -1.24201e-03
4.18608e+01 -2.24257e-03
4.19578e+01 -2.35213e-03
4.20547e+01 -2.49789e-03
4.21516e+01 -5.41529e-04
4.22486e+01 -1.47933e-03
4.23455e+01 -3.72831e-03
4.24425e+01 -8.61680e-04
4.25394e+01 -2.73031e-03
4.26363e+01 -3.13448e-03
4.27333e+01 -3.59267e-03
4.28302e+01 -7.26137e-04
4.29271e+01 -4.18698e-03
4.30241e+01 -2.57842e-03
4.31210e+01 -5.04023e-03
4.32179e+01 -5.71444e-03
4.33149e+01 -2.35369e-03
4.34118e+01 -1.10916e-03
4.35088e+01 -1.86463e-03
4.36057e+01 5.66251e-04
4.37026e+01 -1.28883e-03
4.37996e+01 5.15024e-04
4.38965e+01 1.17553e-03
4.39934e+01 -1.39427e-03
4.40904e+01 -4.27025e-05
4.41873e+01 -2.08585e-03
4.42842e+01 2.58094e-04
4.43812e+01 8.37702e-04
4.44781e+01 -2.55109e-03
4.45751e+01 -4.12220e-03
4.46720e+01 4.26695e-04
4.47689e+01 -1.82400e-03
4.48659e+01 -2.11580e-03
4.49628e+01 -1.32399e-03
4.50597e+01 -7.86166e-04
4.51567e+01 -5.89921e-04
4.52536e+01 -5.92018e-04
4.53505e+01 4.16833e-03
4.54475e+01 3.32553e-04
4.55444e+01 -7.27333e-04
4.56414e+01 -6.34051e-04
4.57383e+01 -1.11019e-03
4.58352e+01 -1.11019e-03
4.59322e+01 -1.11019e-03
4.60291e+01 -1.11019e-03
4.61260e+01 -1.11019e-03
4.62230e+01 -1.11019e-03
4.63199e+01 -1.11019e-03
4.64168e+01 -1.11019e-03
4.65138e+01 -1.11019e-03
4.66107e+01 -1.11019e-03
4.67076e+01 -1.11019e-03
4.68046e+01 -1.11019e-03
4.69015e+01 -1.11019e-03
4.69985e+01 -1.11019e-03
4.70954e+01 -1.11019e-03
4.71923e+01 -1.11019e-03
4.72893e+01 -1.11019e-03
4.73862e+01 -1.11019e-03
4.74831e+01 -1.11019e-03
4.75801e+01 -1.11019e-03
4.76770e+01 -1.11019e-03
4.77739e+01 -1.11019e-03
4.78709e+01 -1.11019e-03
4.79678e+01 -1.11019e-03
4.80648e+01 -1.11019e-03
4.81617e+01 -1.11019e-03
4.82586e+01 -1.11019e-03
4.83556e+01 -1.11019e-03
4.84525e+01 -1.11019e-03
4.85494e+01 -1.11019e-03
4.86464e+01 -1.11019e-03
4.87433e+01 -1.11019e-03
4.88402e+01 -1.11019e-03
4.89372e+01 -1.11019e-03
4.90341e+01 -1.11019e-03
4.91311e+01 -1.11019e-03
4.92280e+01 -1.11019e-03
4.93249e+01 -1.11019e-03
4.94219e+01 -1.11019e-03
4.95188e+01 -1.11019e-03
4.96157e+01 -1.11019e-03
4.97127e+01 -1.11019e-03
4.98096e+01 -1.11019e-03
4.99065e+01 -1.11019e-03
5.00035e+01 -1.11019e-03
5.01004e+01 -1.11019e-03
5.01973e+01 -1.11019e-03
5.02943e+01 -1.11019e-03
5.03912e+01 -1.11019e-03
5.04882e+01 -1.11019e-03
5.05851e+01 -1.11019e-03
5.06820e+01 -1.11019e-03
5.07790e+01 -1.11019e-03
5.08759e+01 -1.11019e-03
5.09728e+01 -1.11019e-03
5.10698e+01 -1.11019e-03
5.11667e+01 -1.11019e-03
5.12636e+01 -1.11019e-03
5.13606e+01 -1.11019e-03
5.14575e+01 -1.11019e-03
5.15545e+01 -1.11019e-03
5.16514e+01 -1.11019e-03
5.17483e+01 -1.11019e-03
5.18453e+01 -1.11019e-03
5.19422e+01 -1.11019e-03
5.20391e+01 -1.11019e-03
5.21361e+01 -1.11019e-03
5.22330e+01 -1.11019e-03
5.23299e+01 -1.11019e-03
5.24269e+01 -1.11019e-03
5.25238e+01 -1.11019e-03
5.26208e+01 -1.11019e-03
5.27177e+01 -1.11019e-03
5.28146e+01 -1.11019e-03
5.29116e+01 -1.11019e-03
5.30085e+01 -1.11019e-03
5.31054e+01 -1.11019e-03
5.32024e+01 -1.11019e-03
5.32993e+01 -1.11019e-03
5.33962e+01 -1.11019e-03
5.34932e+01 -1.11019e-03
5.35901e+01 -1.11019e-03
5.36871e+01 -1.11019e-03
5.37840e+01 -1.11019e-03
5.38809e+01 -1.11019e-03
5.39779e+01 -1.11019e-03
5.40748e+01 -1.11019e-03
5.41717e+01 -1.11019e-03
5.42687e+01 -1.11019e-03
5.43656e+01 -1.11019e-03
5.44625e+01 -1.11019e-03
5.45595e+01 -1.11019e-03
5.46564e+01 -1.11019e-03
5.47533e+01 -1.11019e-03
5.48503e+01 -1.11019e-03
5.49472e+01 -1.11019e-03
5.50442e+01 -1.11019e-03
5.51411e+01 -1.11019e-03
5.52380e+01 -1.11019e-03
5.53350e+01 -1.11019e-03
5.54319e+01 -1.11019e-03
5.55288e+01 -1.11019e-03
5.56258e+01 -1.11019e-03
5.57227e+01 -1.11019e-03
5.58196e+01 -1.11019e-03
5.59166e+01 -1.11019e-03
5.60135e+01 -1.11019e-03
5.61105e+01 -1.11019e-03
5.62074e+01 -1.11019e-03
5.63043e+01 -1.11019e-03
5.64013e+01 -1.11019e-03
5.64982e+01 -1.11019e-03
5.65951e+01 -1.11019e-03
5.66921e+01 -1.11019e-03
5.67890e+01 -1.11019e-03
5.68859e+01 -1.11019e-03
5.69829e+01 -1.11019e-03
5.70798e+01 -1.11019e-03
5.71768e+01 -1.11019e-03
5.72737e+01 -1.11019e-03
5.73706e+01 -1.11019e-03
5.74676e+01 -1.11019e-03
5.75645e+01 -1.11019e-03
5.76614e+01 -1.11019e-03
5.77584e+01 -1.11019e-03
5.78553e+01 -1.11019e-03
5.79522e+01 -1.11019e-03
5.80492e+01 -1.11019e-03
5.81461e+01 -1.11019e-03
5.82431e+01 -1.11019e-03
5.83400e+01 -1.11019e-03
5.84369e+01 -1.11019e-03
5.85339e+01 -1.11019e-03
5.86308e+01 -1.11019e-03
5.87277e+01 -1.11019e-03
5.88247e+01 -1.11019e-03
5.89216e+01 -1.11019e-03
5.90185e+01 -1.11019e-03
5.91155e+01 -1.11019e-03
5.92124e+01 -1.11019e-03
5.93093e+01 -1.11019e-03
5.94063e+01 -1.11019e-03
5.95032e+01 -1.11019e-03
5.96002e+01 -1.11019e-03
5.96971e+01 -1.11019e-03
5.97940e+01 -1.11019e-03
5.98910e+01 -1.11019e-03
5.99879e+01 -1.11019e-03
