# La4Ni3O8 Ni L2 edge RIXS
# T = 25 K
# RIXS resolution ~ 0.4 eV
# Horizontal scattering geometry, theta = 15 degrees, 2theta = 95 degrees
# SEXTANTS beamline, SOLEIL synchrotron
# Energy loss 	 Intensity
-1.00000e+01 -1.43226e+02
-9.93802e+00 -2.19367e+02
-9.87603e+00 1.03130e+02
-9.81405e+00 -2.23952e+02
-9.75207e+00 1.04344e+03
-9.69008e+00 4.16141e+02
-9.62810e+00 -1.52991e+02
-9.56612e+00 2.14076e+02
-9.50413e+00 5.81633e+02
-9.44215e+00 -3.71006e+02
-9.38017e+00 1.99498e+02
-9.31818e+00 2.06964e+02
-9.25620e+00 5.58617e+02
-9.19421e+00 7.47954e+01
-9.13223e+00 -2.29529e+02
-9.07025e+00 5.21789e+01
-9.00826e+00 1.20408e+02
-8.94628e+00 -3.60196e+02
-8.88430e+00 -4.48806e+02
-8.82231e+00 -1.38335e+02
-8.76033e+00 -2.91771e+02
-8.69835e+00 -2.55836e+02
-8.63636e+00 -1.19746e+02
-8.57438e+00 -2.18799e+02
-8.51240e+00 -5.62935e+02
-8.45041e+00 2.96025e+02
-8.38843e+00 1.88221e+02
-8.32645e+00 2.72816e+02
-8.26446e+00 -7.42199e+02
-8.20248e+00 -1.76160e+02
-8.14050e+00 -6.89547e+01
-8.07851e+00 -1.36180e+02
-8.01653e+00 -3.43311e+02
-7.95455e+00 4.74487e+02
-7.89256e+00 7.15245e+02
-7.83058e+00 -2.98961e+02
-7.76860e+00 -5.11962e+02
-7.70661e+00 -1.74093e+02
-7.64463e+00 -2.69176e+02
-7.58264e+00 2.59572e+02
-7.52066e+00 2.76508e+02
-7.45868e+00 2.36408e+01
-7.39669e+00 -3.78637e+02
-7.33471e+00 1.17952e+02
-7.27273e+00 4.11392e+00
-7.21074e+00 9.54265e+01
-7.14876e+00 -5.17873e+01
-7.08678e+00 4.59411e+02
-7.02479e+00 3.08947e+02
-6.96281e+00 6.85214e+02
-6.90083e+00 1.43839e+02
-6.83884e+00 2.05527e+02
-6.77686e+00 -2.84575e+02
-6.71488e+00 -1.48945e+02
-6.65289e+00 1.60214e+02
-6.59091e+00 -1.78132e+02
-6.52893e+00 -4.39939e+02
-6.46694e+00 -4.78563e+02
-6.40496e+00 -7.35185e+01
-6.34298e+00 3.25008e+02
-6.28099e+00 -3.69037e+01
-6.21901e+00 -5.29031e+02
-6.15702e+00 4.99437e+02
-6.09504e+00 -4.12419e+02
-6.03306e+00 3.14275e+01
-5.97107e+00 5.83042e+02
-5.90909e+00 4.84391e+02
-5.84711e+00 2.33538e+02
-5.78512e+00 4.10245e+02
-5.72314e+00 -1.75079e+02
-5.66116e+00 -2.21322e+02
-5.59917e+00 -6.48181e+01
-5.53719e+00 1.15559e+01
-5.47521e+00 -1.87591e+02
-5.41322e+00 -2.00630e+02
-5.35124e+00 -6.93236e+01
-5.28926e+00 2.03117e+02
-5.22727e+00 8.16559e+01
-5.16529e+00 3.17219e+02
-5.10331e+00 -4.69663e+02
-5.04132e+00 -5.80314e+02
-4.97934e+00 2.52199e+02
-4.91736e+00 -2.87643e+02
-4.85537e+00 6.19099e+01
-4.79339e+00 -2.76530e+02
-4.73140e+00 1.09916e+02
-4.66942e+00 5.89014e+02
-4.60744e+00 9.10694e+02
-4.54545e+00 -6.94459e+01
-4.48347e+00 1.96635e+02
-4.42149e+00 6.98315e+01
-4.35950e+00 2.35091e+02
-4.29752e+00 1.19416e+03
-4.23554e+00 6.42578e+02
-4.17355e+00 1.49951e+02
-4.11157e+00 7.04945e+02
-4.04959e+00 5.47788e+02
-3.98760e+00 5.72938e+02
-3.92562e+00 4.75311e+02
-3.86364e+00 2.54714e+02
-3.80165e+00 3.60650e+02
-3.73967e+00 -1.48873e+02
-3.67769e+00 -3.57365e+02
-3.61570e+00 3.47885e+02
-3.55372e+00 5.82986e+02
-3.49174e+00 6.07224e+02
-3.42975e+00 3.29730e+02
-3.36777e+00 2.37485e+02
-3.30579e+00 1.09777e+03
-3.24380e+00 8.34532e+02
-3.18182e+00 5.82726e+02
-3.11983e+00 1.08352e+03
-3.05785e+00 8.22282e+02
-2.99587e+00 6.04783e+02
-2.93388e+00 1.07153e+03
-2.87190e+00 1.20195e+03
-2.80992e+00 9.28950e+02
-2.74793e+00 5.09025e+02
-2.68595e+00 -1.29871e+01
-2.62397e+00 6.20353e+01
-2.56198e+00 7.13169e+02
-2.50000e+00 7.71051e+02
-2.43802e+00 4.02209e+02
-2.37603e+00 2.66748e+02
-2.31405e+00 4.94396e+02
-2.25207e+00 3.82154e+02
-2.19008e+00 6.65571e+02
-2.12810e+00 5.03137e+00
-2.06612e+00 4.24691e+02
-2.00413e+00 1.54131e+02
-1.94215e+00 1.11681e+03
-1.88017e+00 7.61839e+02
-1.81818e+00 6.63559e+02
-1.75620e+00 1.87336e+03
-1.69421e+00 1.53263e+03
-1.63223e+00 1.01230e+03
-1.57025e+00 7.24448e+02
-1.50826e+00 5.25016e+02
-1.44628e+00 1.43753e+03
-1.38430e+00 7.14747e+02
-1.32231e+00 1.37410e+03
-1.26033e+00 1.83626e+03
-1.19835e+00 1.86339e+03
-1.13636e+00 1.67060e+03
-1.07438e+00 1.69904e+03
-1.01240e+00 1.40932e+03
-9.50413e-01 1.53110e+03
-8.88430e-01 1.79306e+03
-8.26446e-01 1.92649e+03
-7.64463e-01 2.93742e+03
-7.02479e-01 1.28096e+03
-6.40496e-01 1.94047e+03
-5.78512e-01 2.99780e+03
-5.16529e-01 4.40884e+03
-4.54545e-01 4.61124e+03
-3.92562e-01 6.79946e+03
-3.30579e-01 1.15220e+04
-2.68595e-01 1.97701e+04
-2.06612e-01 3.08308e+04
-1.44628e-01 4.78510e+04
-8.26446e-02 6.63890e+04
-2.06612e-02 7.77175e+04
4.13223e-02 7.51783e+04
1.03306e-01 5.98078e+04
1.65289e-01 4.06932e+04
2.27273e-01 2.93171e+04
2.89256e-01 2.69398e+04
3.51240e-01 3.03199e+04
4.13223e-01 3.76778e+04
4.75207e-01 4.91040e+04
5.37190e-01 6.10209e+04
5.99174e-01 8.28409e+04
6.61157e-01 1.07974e+05
7.23140e-01 1.39437e+05
7.85124e-01 1.79206e+05
8.47107e-01 2.12378e+05
9.09091e-01 2.39738e+05
9.71074e-01 2.50320e+05
1.03306e+00 2.44515e+05
1.09504e+00 2.21640e+05
1.15702e+00 2.04846e+05
1.21901e+00 1.90673e+05
1.28099e+00 1.74474e+05
1.34298e+00 1.60055e+05
1.40496e+00 1.42014e+05
1.46694e+00 1.29199e+05
1.52893e+00 1.27027e+05
1.59091e+00 1.14604e+05
1.65289e+00 1.06091e+05
1.71488e+00 9.70734e+04
1.77686e+00 9.64699e+04
1.83884e+00 9.30647e+04
1.90083e+00 8.70901e+04
1.96281e+00 8.00497e+04
2.02479e+00 7.66656e+04
2.08678e+00 7.51697e+04
2.14876e+00 7.15707e+04
2.21074e+00 7.20356e+04
2.27273e+00 7.04180e+04
2.33471e+00 6.31647e+04
2.39669e+00 5.76150e+04
2.45868e+00 5.45441e+04
2.52066e+00 5.70069e+04
2.58264e+00 5.22156e+04
2.64463e+00 4.57817e+04
2.70661e+00 4.38695e+04
2.76860e+00 3.97212e+04
2.83058e+00 3.79757e+04
2.89256e+00 3.83047e+04
2.95455e+00 3.07685e+04
3.01653e+00 2.62894e+04
3.07851e+00 2.64554e+04
3.14050e+00 2.38501e+04
3.20248e+00 2.38353e+04
3.26446e+00 2.31998e+04
3.32645e+00 2.33747e+04
3.38843e+00 2.16250e+04
3.45041e+00 1.89289e+04
3.51240e+00 1.80007e+04
3.57438e+00 1.77540e+04
3.63636e+00 2.06302e+04
3.69835e+00 2.19789e+04
3.76033e+00 1.88397e+04
3.82231e+00 1.68757e+04
3.88430e+00 1.58212e+04
3.94628e+00 1.58306e+04
4.00826e+00 1.57255e+04
4.07025e+00 1.56222e+04
4.13223e+00 1.48636e+04
4.19421e+00 1.32666e+04
4.25620e+00 1.26779e+04
4.31818e+00 1.30291e+04
4.38017e+00 1.00049e+04
4.44215e+00 1.01192e+04
4.50413e+00 1.08417e+04
4.56612e+00 1.21233e+04
4.62810e+00 1.23872e+04
4.69008e+00 1.25727e+04
4.75207e+00 1.33807e+04
4.81405e+00 1.36163e+04
4.87603e+00 1.23956e+04
4.93802e+00 1.12348e+04
5.00000e+00 1.11138e+04
5.06198e+00 1.14238e+04
5.12397e+00 1.19835e+04
5.18595e+00 1.12921e+04
5.24793e+00 1.05586e+04
5.30992e+00 1.22493e+04
5.37190e+00 1.23980e+04
5.43388e+00 1.15971e+04
5.49587e+00 1.14268e+04
5.55785e+00 1.06269e+04
5.61983e+00 1.03997e+04
5.68182e+00 1.09708e+04
5.74380e+00 1.08663e+04
5.80579e+00 1.09610e+04
5.86777e+00 1.16058e+04
5.92975e+00 1.06007e+04
5.99174e+00 7.68564e+03
6.05372e+00 8.92942e+03
6.11570e+00 1.06289e+04
6.17769e+00 1.11400e+04
6.23967e+00 1.00980e+04
6.30165e+00 1.06521e+04
6.36364e+00 1.06470e+04
6.42562e+00 9.21623e+03
6.48760e+00 8.44177e+03
6.54959e+00 8.25020e+03
6.61157e+00 9.27103e+03
6.67355e+00 8.72382e+03
6.73554e+00 8.88747e+03
6.79752e+00 7.74943e+03
6.85950e+00 7.07837e+03
6.92149e+00 7.25726e+03
6.98347e+00 7.01824e+03
7.04545e+00 5.31635e+03
7.10744e+00 6.20204e+03
7.16942e+00 8.16387e+03
7.23140e+00 6.89781e+03
7.29339e+00 6.24438e+03
7.35537e+00 5.39186e+03
7.41736e+00 5.89386e+03
7.47934e+00 6.94846e+03
7.54132e+00 7.71677e+03
7.60331e+00 6.96011e+03
7.66529e+00 6.06971e+03
7.72727e+00 6.52360e+03
7.78926e+00 5.90045e+03
7.85124e+00 5.93000e+03
7.91322e+00 6.26054e+03
7.97521e+00 5.75963e+03
8.03719e+00 6.13421e+03
8.09917e+00 7.06354e+03
8.16116e+00 5.80629e+03
8.22314e+00 4.27822e+03
8.28512e+00 4.59947e+03
8.34711e+00 4.77797e+03
8.40909e+00 5.13456e+03
8.47107e+00 5.63325e+03
8.53306e+00 4.85987e+03
8.59504e+00 5.03965e+03
8.65702e+00 4.92429e+03
8.71901e+00 4.92204e+03
8.78099e+00 3.90328e+03
8.84298e+00 4.06514e+03
8.90496e+00 4.41343e+03
8.96694e+00 6.03262e+03
9.02893e+00 6.57672e+03
9.09091e+00 6.01203e+03
9.15289e+00 4.61463e+03
9.21488e+00 4.79497e+03
9.27686e+00 5.59568e+03
9.33884e+00 5.97695e+03
9.40083e+00 4.61473e+03
9.46281e+00 3.81618e+03
9.52479e+00 4.55900e+03
9.58678e+00 5.36085e+03
9.64876e+00 5.44392e+03
9.71074e+00 5.85399e+03
9.77273e+00 4.96848e+03
9.83471e+00 4.10354e+03
9.89669e+00 4.06723e+03
9.95868e+00 4.45608e+03
1.00207e+01 3.64303e+03
1.00826e+01 4.22668e+03
1.01446e+01 5.57708e+03
1.02066e+01 5.63172e+03
1.02686e+01 5.07576e+03
1.03306e+01 5.44816e+03
1.03926e+01 5.83052e+03
1.04545e+01 5.58136e+03
1.05165e+01 5.63613e+03
1.05785e+01 5.78855e+03
1.06405e+01 5.64953e+03
1.07025e+01 4.75056e+03
1.07645e+01 4.40412e+03
1.08264e+01 4.51630e+03
1.08884e+01 5.04012e+03
1.09504e+01 6.14734e+03
1.10124e+01 7.06496e+03
1.10744e+01 6.53214e+03
1.11364e+01 5.82486e+03
1.11983e+01 6.76993e+03
1.12603e+01 7.27108e+03
1.13223e+01 8.09314e+03
1.13843e+01 8.19877e+03
1.14463e+01 9.09090e+03
1.15083e+01 8.54081e+03
1.15702e+01 8.95397e+03
1.16322e+01 7.74470e+03
1.16942e+01 7.68166e+03
1.17562e+01 7.34906e+03
1.18182e+01 7.62330e+03
1.18802e+01 7.66046e+03
1.19421e+01 9.43229e+03
1.20041e+01 8.44411e+03
1.20661e+01 7.44259e+03
1.21281e+01 9.01904e+03
1.21901e+01 1.09120e+04
1.22521e+01 1.03202e+04
1.23140e+01 1.00907e+04
1.23760e+01 1.00339e+04
1.24380e+01 1.08558e+04
1.25000e+01 1.39808e+04
1.25620e+01 1.34383e+04
1.26240e+01 1.25312e+04
1.26860e+01 1.45085e+04
1.27479e+01 1.44811e+04
1.28099e+01 1.23379e+04
1.28719e+01 1.09508e+04
1.29339e+01 1.30209e+04
1.29959e+01 1.45097e+04
1.30579e+01 1.45280e+04
1.31198e+01 1.59065e+04
1.31818e+01 1.72723e+04
1.32438e+01 1.70912e+04
1.33058e+01 1.85691e+04
1.33678e+01 2.13026e+04
1.34298e+01 2.19981e+04
1.34917e+01 2.15177e+04
1.35537e+01 2.16308e+04
1.36157e+01 2.09907e+04
1.36777e+01 2.33155e+04
1.37397e+01 2.34868e+04
1.38017e+01 2.40262e+04
1.38636e+01 2.34085e+04
1.39256e+01 2.54382e+04
1.39876e+01 2.61927e+04
1.40496e+01 2.72218e+04
1.41116e+01 2.90888e+04
1.41736e+01 2.92697e+04
1.42355e+01 3.08749e+04
1.42975e+01 3.33649e+04
1.43595e+01 3.22511e+04
1.44215e+01 3.08143e+04
1.44835e+01 3.24805e+04
1.45455e+01 3.63493e+04
1.46074e+01 3.57420e+04
1.46694e+01 3.60594e+04
1.47314e+01 3.58577e+04
1.47934e+01 3.48144e+04
1.48554e+01 3.69311e+04
1.49174e+01 3.92128e+04
1.49793e+01 4.01996e+04
1.50413e+01 4.20414e+04
1.51033e+01 4.53694e+04
1.51653e+01 4.98546e+04
1.52273e+01 5.26718e+04
1.52893e+01 5.17621e+04
1.53512e+01 5.72191e+04
1.54132e+01 6.12506e+04
1.54752e+01 5.85142e+04
1.55372e+01 6.43933e+04
1.55992e+01 6.91476e+04
1.56612e+01 7.21496e+04
1.57231e+01 7.58329e+04
1.57851e+01 7.94345e+04
1.58471e+01 8.58191e+04
1.59091e+01 8.85646e+04
1.59711e+01 9.66592e+04
1.60331e+01 1.03209e+05
1.60950e+01 1.02620e+05
1.61570e+01 1.08247e+05
1.62190e+01 1.16706e+05
1.62810e+01 1.20883e+05
1.63430e+01 1.16586e+05
1.64050e+01 1.24612e+05
1.64669e+01 1.27885e+05
1.65289e+01 1.24823e+05
1.65909e+01 1.17010e+05
1.66529e+01 1.13703e+05
1.67149e+01 1.11101e+05
1.67769e+01 1.04167e+05
1.68388e+01 9.38785e+04
1.69008e+01 8.20885e+04
1.69628e+01 7.35242e+04
1.70248e+01 6.66820e+04
1.70868e+01 6.23748e+04
1.71488e+01 5.94804e+04
1.72107e+01 5.15282e+04
1.72727e+01 4.16196e+04
1.73347e+01 3.92267e+04
1.73967e+01 3.71716e+04
1.74587e+01 3.32490e+04
1.75207e+01 3.20202e+04
1.75826e+01 3.11892e+04
1.76446e+01 2.77943e+04
1.77066e+01 2.65058e+04
1.77686e+01 2.60892e+04
1.78306e+01 2.62495e+04
1.78926e+01 2.17419e+04
1.79545e+01 2.19801e+04
1.80165e+01 2.68473e+04
1.80785e+01 2.78324e+04
1.81405e+01 2.80622e+04
1.82025e+01 2.61052e+04
1.82645e+01 2.74839e+04
1.83264e+01 2.79738e+04
1.83884e+01 3.02443e+04
1.84504e+01 3.06949e+04
1.85124e+01 3.28608e+04
1.85744e+01 3.30757e+04
1.86364e+01 3.30198e+04
1.86983e+01 3.34293e+04
1.87603e+01 3.61174e+04
1.88223e+01 3.44453e+04
1.88843e+01 3.57501e+04
1.89463e+01 3.78254e+04
1.90083e+01 3.40514e+04
1.90702e+01 3.53705e+04
1.91322e+01 3.76343e+04
1.91942e+01 3.87074e+04
1.92562e+01 4.17372e+04
1.93182e+01 3.94158e+04
1.93802e+01 3.56464e+04
1.94421e+01 3.90348e+04
1.95041e+01 4.01386e+04
1.95661e+01 3.94396e+04
1.96281e+01 3.85011e+04
1.96901e+01 3.70765e+04
1.97521e+01 3.81322e+04
1.98140e+01 3.97582e+04
1.98760e+01 4.00183e+04
1.99380e+01 4.17723e+04
2.00000e+01 4.10493e+04
2.00620e+01 4.05889e+04
2.01240e+01 4.11786e+04
2.01860e+01 3.92819e+04
2.02479e+01 4.21786e+04
2.03099e+01 4.04940e+04
2.03719e+01 4.03861e+04
2.04339e+01 4.21704e+04
2.04959e+01 3.95531e+04
2.05579e+01 3.97485e+04
2.06198e+01 4.06275e+04
2.06818e+01 4.30473e+04
2.07438e+01 4.42497e+04
2.08058e+01 3.85957e+04
2.08678e+01 3.84182e+04
2.09298e+01 3.81027e+04
2.09917e+01 3.41077e+04
2.10537e+01 3.21552e+04
2.11157e+01 3.42535e+04
2.11777e+01 3.47942e+04
2.12397e+01 3.08341e+04
2.13017e+01 3.06275e+04
2.13636e+01 2.95072e+04
2.14256e+01 2.91203e+04
2.14876e+01 2.88727e+04
2.15496e+01 2.89054e+04
2.16116e+01 2.88488e+04
2.16736e+01 2.80263e+04
2.17355e+01 2.70372e+04
2.17975e+01 2.45318e+04
2.18595e+01 2.47871e+04
2.19215e+01 2.40072e+04
2.19835e+01 2.44217e+04
2.20455e+01 2.10471e+04
2.21074e+01 1.94197e+04
2.21694e+01 2.11605e+04
2.22314e+01 2.14238e+04
2.22934e+01 2.11423e+04
2.23554e+01 1.82195e+04
2.24174e+01 1.78104e+04
2.24793e+01 1.68750e+04
2.25413e+01 1.65976e+04
2.26033e+01 1.62100e+04
2.26653e+01 1.77039e+04
2.27273e+01 1.63299e+04
2.27893e+01 1.36664e+04
2.28512e+01 1.17348e+04
2.29132e+01 1.14977e+04
2.29752e+01 1.24483e+04
2.30372e+01 1.23463e+04
2.30992e+01 1.22309e+04
2.31612e+01 1.04716e+04
2.32231e+01 1.15806e+04
2.32851e+01 1.03262e+04
2.33471e+01 9.17834e+03
2.34091e+01 8.48473e+03
2.34711e+01 9.53123e+03
2.35331e+01 9.62471e+03
2.35950e+01 9.52261e+03
2.36570e+01 8.26311e+03
2.37190e+01 9.72389e+03
2.37810e+01 9.72230e+03
2.38430e+01 7.44465e+03
2.39050e+01 6.66354e+03
2.39669e+01 7.38040e+03
2.40289e+01 6.29278e+03
2.40909e+01 7.20626e+03
2.41529e+01 7.23354e+03
2.42149e+01 7.97579e+03
2.42769e+01 6.24455e+03
2.43388e+01 5.94270e+03
2.44008e+01 6.94893e+03
2.44628e+01 5.42093e+03
2.45248e+01 6.32490e+03
2.45868e+01 5.54592e+03
2.46488e+01 5.48301e+03
2.47107e+01 4.64285e+03
2.47727e+01 4.74684e+03
2.48347e+01 4.93563e+03
2.48967e+01 5.93907e+03
2.49587e+01 4.67807e+03
2.50207e+01 5.51518e+03
2.50826e+01 5.23512e+03
2.51446e+01 5.30873e+03
2.52066e+01 5.27596e+03
2.52686e+01 5.98538e+03
2.53306e+01 4.13071e+03
2.53926e+01 3.64070e+03
2.54545e+01 4.49918e+03
2.55165e+01 4.19422e+03
2.55785e+01 4.13801e+03
2.56405e+01 3.43415e+03
2.57025e+01 4.01796e+03
2.57645e+01 5.40729e+03
2.58264e+01 4.08341e+03
2.58884e+01 2.32645e+03
2.59504e+01 3.42626e+03
2.60124e+01 3.56923e+03
2.60744e+01 5.25328e+03
2.61364e+01 4.26683e+03
2.61983e+01 4.47476e+03
2.62603e+01 3.54566e+03
2.63223e+01 3.33589e+03
2.63843e+01 3.52534e+03
2.64463e+01 2.59338e+03
2.65083e+01 2.60867e+03
2.65702e+01 2.06018e+03
2.66322e+01 2.40432e+03
2.66942e+01 2.62903e+03
2.67562e+01 2.76985e+03
2.68182e+01 2.90759e+03
2.68802e+01 4.26702e+03
2.69421e+01 3.17255e+03
2.70041e+01 2.98029e+03
2.70661e+01 3.05076e+03
2.71281e+01 3.29359e+03
2.71901e+01 2.08951e+03
2.72521e+01 2.45582e+03
2.73140e+01 1.88837e+03
2.73760e+01 1.96614e+03
2.74380e+01 2.24325e+03
2.75000e+01 2.56643e+03
2.75620e+01 3.22625e+03
2.76240e+01 3.91951e+03
2.76860e+01 3.42520e+03
2.77479e+01 3.36133e+03
2.78099e+01 3.10115e+03
2.78719e+01 3.80765e+03
2.79339e+01 3.45188e+03
2.79959e+01 4.65835e+03
2.80579e+01 4.80595e+03
2.81198e+01 2.52690e+03
2.81818e+01 2.59526e+03
2.82438e+01 2.05200e+03
2.83058e+01 2.24366e+03
2.83678e+01 2.70757e+03
2.84298e+01 3.25869e+03
2.84917e+01 2.60693e+03
2.85537e+01 2.46603e+03
2.86157e+01 1.85419e+03
2.86777e+01 2.58889e+03
2.87397e+01 3.20223e+03
2.88017e+01 2.89498e+03
2.88636e+01 3.25818e+03
2.89256e+01 2.19304e+03
2.89876e+01 2.37748e+03
2.90496e+01 2.47029e+03
2.91116e+01 3.28917e+03
2.91736e+01 2.98439e+03
2.92355e+01 3.30256e+03
2.92975e+01 3.98388e+03
2.93595e+01 2.55380e+03
2.94215e+01 2.22842e+03
2.94835e+01 2.06414e+03
2.95455e+01 2.52275e+03
2.96074e+01 2.81744e+03
2.96694e+01 2.60389e+03
2.97314e+01 2.28416e+03
2.97934e+01 2.46609e+03
2.98554e+01 2.85334e+03
2.99174e+01 2.08497e+03
2.99793e+01 2.15683e+03
3.00413e+01 2.33486e+03
3.01033e+01 2.48997e+03
3.01653e+01 2.79690e+03
3.02273e+01 2.63816e+03
3.02893e+01 3.02328e+03
3.03512e+01 3.31549e+03
3.04132e+01 3.12143e+03
3.04752e+01 3.58377e+03
3.05372e+01 3.60958e+03
3.05992e+01 3.34188e+03
3.06612e+01 3.24479e+03
3.07231e+01 2.93019e+03
3.07851e+01 2.29050e+03
3.08471e+01 2.37699e+03
3.09091e+01 2.46150e+03
3.09711e+01 1.73117e+03
3.10331e+01 2.73857e+03
3.10950e+01 3.61019e+03
3.11570e+01 3.44682e+03
3.12190e+01 3.17767e+03
3.12810e+01 2.63403e+03
3.13430e+01 3.67968e+03
3.14050e+01 2.95701e+03
3.14669e+01 4.15246e+03
3.15289e+01 3.79330e+03
3.15909e+01 2.69718e+03
3.16529e+01 2.33837e+03
3.17149e+01 2.43081e+03
3.17769e+01 3.63596e+03
3.18388e+01 3.60882e+03
3.19008e+01 2.87006e+03
3.19628e+01 3.40437e+03
3.20248e+01 3.04533e+03
3.20868e+01 2.55770e+03
3.21488e+01 3.13516e+03
3.22107e+01 4.33243e+03
3.22727e+01 3.08242e+03
3.23347e+01 4.31476e+03
3.23967e+01 3.45259e+03
3.24587e+01 3.70548e+03
3.25207e+01 3.88066e+03
3.25826e+01 3.75239e+03
3.26446e+01 4.22122e+03
3.27066e+01 4.84163e+03
3.27686e+01 5.44368e+03
3.28306e+01 6.23606e+03
3.28926e+01 6.20547e+03
3.29545e+01 6.24758e+03
3.30165e+01 5.31352e+03
3.30785e+01 6.34623e+03
3.31405e+01 8.65079e+03
3.32025e+01 8.05971e+03
3.32645e+01 8.16580e+03
3.33264e+01 7.41328e+03
3.33884e+01 8.15538e+03
3.34504e+01 6.67396e+03
3.35124e+01 6.98559e+03
3.35744e+01 7.16667e+03
3.36364e+01 6.80666e+03
3.36983e+01 6.78778e+03
3.37603e+01 7.58272e+03
3.38223e+01 8.58825e+03
3.38843e+01 7.60315e+03
3.39463e+01 7.60401e+03
3.40083e+01 6.81579e+03
3.40702e+01 6.42876e+03
3.41322e+01 8.09158e+03
3.41942e+01 9.40311e+03
3.42562e+01 6.47559e+03
3.43182e+01 5.67610e+03
3.43802e+01 7.37872e+03
3.44421e+01 8.09088e+03
3.45041e+01 7.79870e+03
3.45661e+01 7.08884e+03
3.46281e+01 6.38101e+03
3.46901e+01 5.90351e+03
3.47521e+01 5.40172e+03
3.48140e+01 6.22296e+03
3.48760e+01 7.22563e+03
3.49380e+01 4.47951e+03
3.50000e+01 5.63221e+03
