# La4Ni3O8 Ni L2 edge RIXS
# T = 25 K
# RIXS resolution ~ 0.4 eV
# Horizontal scattering geometry, theta = 15 degrees, 2theta = 95 degrees
# SEXTANTS beamline, SOLEIL synchrotron
# Energy loss 	 Intensity
-4.47238e+01 4.16400e+02
-4.46514e+01 9.73400e+02
-4.45791e+01 1.31210e+03
-4.45067e+01 1.38090e+03
-4.44344e+01 1.70090e+03
-4.43622e+01 2.47350e+03
-4.42899e+01 2.89370e+03
-4.42177e+01 2.59770e+03
-4.41455e+01 2.85380e+03
-4.40733e+01 3.50560e+03
-4.40011e+01 4.13260e+03
-4.39290e+01 4.38890e+03
-4.38569e+01 3.50400e+03
-4.37848e+01 3.89610e+03
-4.37127e+01 4.16450e+03
-4.36407e+01 4.08330e+03
-4.35686e+01 4.41710e+03
-4.34966e+01 4.40180e+03
-4.34246e+01 4.34980e+03
-4.33527e+01 4.33340e+03
-4.32807e+01 4.50430e+03
-4.32088e+01 4.68570e+03
-4.31369e+01 4.40880e+03
-4.30651e+01 4.37020e+03
-4.29932e+01 4.08790e+03
-4.29214e+01 4.67390e+03
-4.28496e+01 4.46750e+03
-4.27778e+01 4.69640e+03
-4.27061e+01 4.60420e+03
-4.26343e+01 4.89680e+03
-4.25626e+01 5.04930e+03
-4.24909e+01 5.50660e+03
-4.24193e+01 4.91620e+03
-4.23476e+01 4.70280e+03
-4.22760e+01 4.69780e+03
-4.22044e+01 4.48560e+03
-4.21328e+01 3.75360e+03
-4.20613e+01 5.11280e+03
-4.19898e+01 4.61450e+03
-4.19183e+01 4.99440e+03
-4.18468e+01 4.80960e+03
-4.17753e+01 4.76060e+03
-4.17039e+01 4.38660e+03
-4.16325e+01 5.23660e+03
-4.15611e+01 4.98160e+03
-4.14897e+01 4.53910e+03
-4.14183e+01 4.64810e+03
-4.13470e+01 4.67450e+03
-4.12757e+01 4.55470e+03
-4.12044e+01 4.83730e+03
-4.11332e+01 4.16790e+03
-4.10619e+01 4.84720e+03
-4.09907e+01 4.19930e+03
-4.09195e+01 4.80350e+03
-4.08484e+01 4.01020e+03
-4.07772e+01 3.78110e+03
-4.07061e+01 3.93280e+03
-4.06350e+01 4.68470e+03
-4.05639e+01 4.21750e+03
-4.04929e+01 4.67210e+03
-4.04218e+01 4.54620e+03
-4.03508e+01 4.77510e+03
-4.02798e+01 4.51370e+03
-4.02089e+01 4.53730e+03
-4.01379e+01 4.64990e+03
-4.00670e+01 4.74040e+03
-3.99961e+01 4.16500e+03
-3.99252e+01 4.64760e+03
-3.98544e+01 4.61750e+03
-3.97836e+01 3.93000e+03
-3.97128e+01 3.98260e+03
-3.96420e+01 4.23830e+03
-3.95712e+01 4.25210e+03
-3.95005e+01 4.73250e+03
-3.94298e+01 4.07010e+03
-3.93591e+01 4.39690e+03
-3.92884e+01 4.25490e+03
-3.92178e+01 4.51260e+03
-3.91471e+01 4.96380e+03
-3.90765e+01 3.98180e+03
-3.90059e+01 4.66740e+03
-3.89354e+01 4.43970e+03
-3.88649e+01 4.88960e+03
-3.87943e+01 4.84900e+03
-3.87238e+01 4.38190e+03
-3.86534e+01 3.81090e+03
-3.85829e+01 4.23010e+03
-3.85125e+01 4.33340e+03
-3.84421e+01 4.87030e+03
-3.83717e+01 3.65350e+03
-3.83014e+01 3.49070e+03
-3.82311e+01 4.33520e+03
-3.81607e+01 4.49060e+03
-3.80905e+01 4.34920e+03
-3.80202e+01 4.62770e+03
-3.79500e+01 4.09590e+03
-3.78797e+01 4.13900e+03
-3.78095e+01 4.13920e+03
-3.77394e+01 4.32780e+03
-3.76692e+01 4.66960e+03
-3.75991e+01 4.64560e+03
-3.75290e+01 4.78970e+03
-3.74589e+01 4.84780e+03
-3.73888e+01 4.94000e+03
-3.73188e+01 4.45690e+03
-3.72488e+01 4.24980e+03
-3.71788e+01 4.12960e+03
-3.71088e+01 4.45630e+03
-3.70389e+01 4.84700e+03
-3.69690e+01 4.08550e+03
-3.68991e+01 4.39510e+03
-3.68292e+01 4.62100e+03
-3.67593e+01 4.60380e+03
-3.66895e+01 3.96840e+03
-3.66197e+01 4.41800e+03
-3.65499e+01 4.23230e+03
-3.64801e+01 4.55090e+03
-3.64104e+01 4.54930e+03
-3.63407e+01 4.30740e+03
-3.62710e+01 4.52020e+03
-3.62013e+01 4.80120e+03
-3.61316e+01 5.09790e+03
-3.60620e+01 4.75220e+03
-3.59924e+01 3.88800e+03
-3.59228e+01 4.18120e+03
-3.58532e+01 4.24560e+03
-3.57837e+01 5.25330e+03
-3.57142e+01 4.48260e+03
-3.56447e+01 4.54340e+03
-3.55752e+01 4.94800e+03
-3.55058e+01 4.65770e+03
-3.54363e+01 5.22040e+03
-3.53669e+01 4.95260e+03
-3.52975e+01 4.58910e+03
-3.52282e+01 4.46050e+03
-3.51589e+01 4.71450e+03
-3.50895e+01 4.97060e+03
-3.50202e+01 4.28760e+03
-3.49510e+01 4.32580e+03
-3.48817e+01 4.49700e+03
-3.48125e+01 4.90350e+03
-3.47433e+01 4.85210e+03
-3.46741e+01 4.68970e+03
-3.46050e+01 5.03770e+03
-3.45358e+01 4.23830e+03
-3.44667e+01 4.88790e+03
-3.43976e+01 4.81150e+03
-3.43286e+01 4.50150e+03
-3.42595e+01 4.31370e+03
-3.41905e+01 4.84470e+03
-3.41215e+01 4.83290e+03
-3.40525e+01 4.59310e+03
-3.39836e+01 4.57090e+03
-3.39147e+01 4.62890e+03
-3.38457e+01 4.51070e+03
-3.37769e+01 3.93970e+03
-3.37080e+01 4.46700e+03
-3.36392e+01 5.42260e+03
-3.35703e+01 4.85880e+03
-3.35015e+01 4.56470e+03
-3.34328e+01 4.20920e+03
-3.33640e+01 4.49430e+03
-3.32953e+01 5.08660e+03
-3.32266e+01 4.61460e+03
-3.31579e+01 4.59490e+03
-3.30893e+01 4.64300e+03
-3.30206e+01 4.95220e+03
-3.29520e+01 4.67970e+03
-3.28834e+01 4.62360e+03
-3.28148e+01 4.50620e+03
-3.27463e+01 4.99000e+03
-3.26778e+01 4.59420e+03
-3.26093e+01 5.25630e+03
-3.25408e+01 4.49350e+03
-3.24723e+01 4.77240e+03
-3.24039e+01 4.40670e+03
-3.23355e+01 4.22870e+03
-3.22671e+01 4.58070e+03
-3.21987e+01 4.48870e+03
-3.21304e+01 3.73530e+03
-3.20621e+01 3.91370e+03
-3.19938e+01 4.41770e+03
-3.19255e+01 5.15870e+03
-3.18573e+01 4.48430e+03
-3.17890e+01 4.38590e+03
-3.17208e+01 4.29740e+03
-3.16526e+01 4.31400e+03
-3.15845e+01 3.87100e+03
-3.15163e+01 3.69540e+03
-3.14482e+01 4.48930e+03
-3.13801e+01 4.72510e+03
-3.13121e+01 4.22280e+03
-3.12440e+01 4.42190e+03
-3.11760e+01 4.74780e+03
-3.11080e+01 5.22970e+03
-3.10400e+01 4.99240e+03
-3.09720e+01 4.32140e+03
-3.09041e+01 4.63900e+03
-3.08362e+01 4.66690e+03
-3.07683e+01 4.70390e+03
-3.07004e+01 4.33560e+03
-3.06326e+01 4.31630e+03
-3.05648e+01 4.50880e+03
-3.04970e+01 3.97870e+03
-3.04292e+01 4.20470e+03
-3.03614e+01 3.76850e+03
-3.02937e+01 4.09390e+03
-3.02260e+01 3.84670e+03
-3.01583e+01 4.08700e+03
-3.00906e+01 4.38500e+03
-3.00230e+01 4.16490e+03
-2.99554e+01 4.36020e+03
-2.98878e+01 4.37710e+03
-2.98202e+01 3.83190e+03
-2.97527e+01 4.24630e+03
-2.96851e+01 4.51410e+03
-2.96176e+01 4.13520e+03
-2.95501e+01 4.89910e+03
-2.94827e+01 4.63140e+03
-2.94152e+01 4.91180e+03
-2.93478e+01 4.62720e+03
-2.92804e+01 4.58840e+03
-2.92131e+01 4.28060e+03
-2.91457e+01 4.50360e+03
-2.90784e+01 5.39050e+03
-2.90111e+01 5.11930e+03
-2.89438e+01 5.15940e+03
-2.88765e+01 4.63730e+03
-2.88093e+01 4.42910e+03
-2.87421e+01 4.81560e+03
-2.86749e+01 4.83670e+03
-2.86077e+01 4.63950e+03
-2.85406e+01 4.60950e+03
-2.84735e+01 4.86780e+03
-2.84064e+01 5.02540e+03
-2.83393e+01 4.83750e+03
-2.82722e+01 4.63130e+03
-2.82052e+01 4.81170e+03
-2.81382e+01 4.21660e+03
-2.80712e+01 5.05870e+03
-2.80042e+01 5.70400e+03
-2.79373e+01 4.63000e+03
-2.78704e+01 4.34080e+03
-2.78035e+01 4.83480e+03
-2.77366e+01 4.90800e+03
-2.76698e+01 4.64610e+03
-2.76029e+01 5.00560e+03
-2.75361e+01 5.00260e+03
-2.74694e+01 4.97430e+03
-2.74026e+01 4.92560e+03
-2.73359e+01 4.86700e+03
-2.72691e+01 4.56340e+03
-2.72024e+01 4.84750e+03
-2.71358e+01 5.06320e+03
-2.70691e+01 5.68390e+03
-2.70025e+01 5.21990e+03
-2.69359e+01 4.83210e+03
-2.68693e+01 5.90770e+03
-2.68028e+01 5.25100e+03
-2.67362e+01 4.81930e+03
-2.66697e+01 5.52380e+03
-2.66032e+01 5.22630e+03
-2.65368e+01 5.25810e+03
-2.64703e+01 5.72050e+03
-2.64039e+01 5.36130e+03
-2.63375e+01 5.24810e+03
-2.62711e+01 4.88280e+03
-2.62048e+01 4.34420e+03
-2.61384e+01 4.40410e+03
-2.60721e+01 5.40180e+03
-2.60058e+01 6.17160e+03
-2.59396e+01 5.73330e+03
-2.58733e+01 5.30030e+03
-2.58071e+01 5.05810e+03
-2.57409e+01 5.14630e+03
-2.56748e+01 4.88100e+03
-2.56086e+01 4.72900e+03
-2.55425e+01 5.68700e+03
-2.54764e+01 5.35880e+03
-2.54103e+01 5.12330e+03
-2.53442e+01 5.18430e+03
-2.52782e+01 4.93450e+03
-2.52122e+01 4.51410e+03
-2.51462e+01 5.15560e+03
-2.50802e+01 5.02390e+03
-2.50143e+01 5.13680e+03
-2.49483e+01 4.66410e+03
-2.48824e+01 4.51920e+03
-2.48166e+01 4.46240e+03
-2.47507e+01 4.77210e+03
-2.46849e+01 4.67220e+03
-2.46191e+01 4.74440e+03
-2.45533e+01 4.94390e+03
-2.44875e+01 5.82840e+03
-2.44218e+01 5.10730e+03
-2.43560e+01 3.93430e+03
-2.42903e+01 4.27360e+03
-2.42247e+01 4.71040e+03
-2.41590e+01 4.51000e+03
-2.40934e+01 4.56530e+03
-2.40278e+01 4.79500e+03
-2.39622e+01 4.43900e+03
-2.38966e+01 4.61500e+03
-2.38311e+01 5.12100e+03
-2.37656e+01 5.08710e+03
-2.37001e+01 4.67490e+03
-2.36346e+01 4.49570e+03
-2.35692e+01 4.40280e+03
-2.35037e+01 4.63860e+03
-2.34383e+01 4.31340e+03
-2.33729e+01 4.47090e+03
-2.33076e+01 4.31890e+03
-2.32423e+01 4.38520e+03
-2.31769e+01 4.38540e+03
-2.31116e+01 4.69360e+03
-2.30464e+01 4.86380e+03
-2.29811e+01 4.70010e+03
-2.29159e+01 4.85120e+03
-2.28507e+01 4.77110e+03
-2.27855e+01 4.95980e+03
-2.27204e+01 4.97180e+03
-2.26552e+01 4.31860e+03
-2.25901e+01 4.63970e+03
-2.25250e+01 4.76350e+03
-2.24600e+01 4.55520e+03
-2.23949e+01 4.90130e+03
-2.23299e+01 5.07120e+03
-2.22649e+01 4.76870e+03
-2.21999e+01 4.71000e+03
-2.21350e+01 5.62910e+03
-2.20701e+01 4.74280e+03
-2.20052e+01 4.83160e+03
-2.19403e+01 4.67110e+03
-2.18754e+01 4.83690e+03
-2.18106e+01 5.06900e+03
-2.17458e+01 4.74680e+03
-2.16810e+01 5.04890e+03
-2.16162e+01 5.06440e+03
-2.15514e+01 5.36320e+03
-2.14867e+01 4.87530e+03
-2.14220e+01 5.06530e+03
-2.13573e+01 4.75690e+03
-2.12927e+01 4.72590e+03
-2.12280e+01 4.53800e+03
-2.11634e+01 4.54590e+03
-2.10988e+01 4.68250e+03
-2.10343e+01 4.56810e+03
-2.09697e+01 4.34730e+03
-2.09052e+01 3.79480e+03
-2.08407e+01 4.29830e+03
-2.07762e+01 4.12410e+03
-2.07118e+01 4.94430e+03
-2.06473e+01 5.07560e+03
-2.05829e+01 4.60480e+03
-2.05185e+01 5.24850e+03
-2.04542e+01 4.85190e+03
-2.03898e+01 5.13110e+03
-2.03255e+01 5.21480e+03
-2.02612e+01 5.75490e+03
-2.01969e+01 5.49800e+03
-2.01327e+01 5.33450e+03
-2.00685e+01 5.14670e+03
-2.00042e+01 4.43890e+03
-1.99401e+01 4.56180e+03
-1.98759e+01 4.30610e+03
-1.98118e+01 4.67390e+03
-1.97476e+01 5.43240e+03
-1.96836e+01 4.33800e+03
-1.96195e+01 4.50090e+03
-1.95554e+01 5.05670e+03
-1.94914e+01 4.77850e+03
-1.94274e+01 4.85180e+03
-1.93634e+01 5.00110e+03
-1.92995e+01 5.05350e+03
-1.92355e+01 5.45360e+03
-1.91716e+01 5.41380e+03
-1.91077e+01 5.41420e+03
-1.90439e+01 5.01730e+03
-1.89800e+01 4.63990e+03
-1.89162e+01 5.10150e+03
-1.88524e+01 5.06280e+03
-1.87886e+01 5.15030e+03
-1.87249e+01 5.16430e+03
-1.86611e+01 4.96610e+03
-1.85974e+01 4.38760e+03
-1.85337e+01 4.25480e+03
-1.84701e+01 4.96970e+03
-1.84064e+01 4.72860e+03
-1.83428e+01 4.44380e+03
-1.82792e+01 4.72680e+03
-1.82156e+01 4.81880e+03
-1.81521e+01 4.84700e+03
-1.80886e+01 4.43290e+03
-1.80251e+01 3.86550e+03
-1.79616e+01 4.56590e+03
-1.78981e+01 4.66660e+03
-1.78347e+01 4.62220e+03
-1.77713e+01 4.75600e+03
-1.77079e+01 5.11700e+03
-1.76445e+01 5.11120e+03
-1.75811e+01 4.62740e+03
-1.75178e+01 4.58630e+03
-1.74545e+01 4.81980e+03
-1.73912e+01 4.59170e+03
-1.73280e+01 4.54970e+03
-1.72647e+01 4.72280e+03
-1.72015e+01 4.41200e+03
-1.71383e+01 4.41070e+03
-1.70752e+01 4.91940e+03
-1.70120e+01 5.06610e+03
-1.69489e+01 4.29010e+03
-1.68858e+01 4.69070e+03
-1.68227e+01 5.43510e+03
-1.67597e+01 4.54580e+03
-1.66967e+01 4.34500e+03
-1.66336e+01 4.28930e+03
-1.65707e+01 4.26490e+03
-1.65077e+01 4.70560e+03
-1.64448e+01 4.58730e+03
-1.63818e+01 4.24890e+03
-1.63189e+01 4.58910e+03
-1.62561e+01 4.25710e+03
-1.61932e+01 4.36520e+03
-1.61304e+01 4.91340e+03
-1.60676e+01 4.78340e+03
-1.60048e+01 5.22860e+03
-1.59420e+01 4.82150e+03
-1.58793e+01 4.24600e+03
-1.58166e+01 4.35560e+03
-1.57539e+01 4.92830e+03
-1.56912e+01 3.86140e+03
-1.56286e+01 4.43700e+03
-1.55660e+01 5.00520e+03
-1.55034e+01 4.56390e+03
-1.54408e+01 4.58550e+03
-1.53782e+01 5.00680e+03
-1.53157e+01 4.36670e+03
-1.52532e+01 4.54950e+03
-1.51907e+01 4.90570e+03
-1.51282e+01 4.91520e+03
-1.50658e+01 5.14490e+03
-1.50034e+01 4.72550e+03
-1.49410e+01 4.21010e+03
-1.48786e+01 4.62670e+03
-1.48162e+01 4.68290e+03
-1.47539e+01 4.59240e+03
-1.46916e+01 4.55270e+03
-1.46293e+01 4.40240e+03
-1.45670e+01 4.10660e+03
-1.45048e+01 4.50090e+03
-1.44426e+01 3.86500e+03
-1.43804e+01 4.45600e+03
-1.43182e+01 5.01060e+03
-1.42561e+01 4.79530e+03
-1.41939e+01 4.69690e+03
-1.41318e+01 5.45930e+03
-1.40698e+01 4.79410e+03
-1.40077e+01 4.64330e+03
-1.39457e+01 4.65170e+03
-1.38836e+01 4.65510e+03
-1.38217e+01 4.04780e+03
-1.37597e+01 4.01220e+03
-1.36977e+01 4.10900e+03
-1.36358e+01 4.59130e+03
-1.35739e+01 4.55290e+03
-1.35120e+01 5.05650e+03
-1.34502e+01 4.95260e+03
-1.33883e+01 4.33470e+03
-1.33265e+01 4.66690e+03
-1.32647e+01 4.72900e+03
-1.32030e+01 4.51010e+03
-1.31412e+01 4.23540e+03
-1.30795e+01 4.84540e+03
-1.30178e+01 4.57030e+03
-1.29561e+01 4.62240e+03
-1.28945e+01 5.07860e+03
-1.28329e+01 4.32630e+03
-1.27713e+01 4.06060e+03
-1.27097e+01 5.07650e+03
-1.26481e+01 4.22510e+03
-1.25866e+01 4.70850e+03
-1.25251e+01 4.71310e+03
-1.24636e+01 4.58140e+03
-1.24021e+01 4.29350e+03
-1.23406e+01 4.58380e+03
-1.22792e+01 4.10070e+03
-1.22178e+01 4.67290e+03
-1.21564e+01 4.08700e+03
-1.20951e+01 4.42760e+03
-1.20337e+01 5.04510e+03
-1.19724e+01 5.26390e+03
-1.19111e+01 5.13500e+03
-1.18499e+01 5.49110e+03
-1.17886e+01 4.50410e+03
-1.17274e+01 4.55580e+03
-1.16662e+01 4.45640e+03
-1.16050e+01 4.87520e+03
-1.15439e+01 4.17330e+03
-1.14827e+01 4.22640e+03
-1.14216e+01 4.97840e+03
-1.13605e+01 5.22940e+03
-1.12995e+01 4.68740e+03
-1.12384e+01 4.21050e+03
-1.11774e+01 4.07220e+03
-1.11164e+01 3.90810e+03
-1.10554e+01 4.38080e+03
-1.09945e+01 4.35430e+03
-1.09335e+01 4.58540e+03
-1.08726e+01 4.52330e+03
-1.08118e+01 4.34800e+03
-1.07509e+01 4.24280e+03
-1.06901e+01 4.74310e+03
-1.06292e+01 4.74160e+03
-1.05684e+01 4.39960e+03
-1.05077e+01 4.69430e+03
-1.04469e+01 4.27700e+03
-1.03862e+01 4.91350e+03
-1.03255e+01 4.70660e+03
-1.02648e+01 4.68920e+03
-1.02042e+01 3.61890e+03
-1.01435e+01 4.59650e+03
-1.00829e+01 4.44820e+03
-1.00223e+01 4.39330e+03
-9.96175e+00 4.28590e+03
-9.90121e+00 4.10740e+03
-9.84068e+00 3.62930e+03
-9.78018e+00 4.56420e+03
-9.71971e+00 4.37630e+03
-9.65925e+00 4.47740e+03
-9.59882e+00 4.62060e+03
-9.53841e+00 4.69070e+03
-9.47802e+00 4.66920e+03
-9.41766e+00 4.78440e+03
-9.35732e+00 4.80830e+03
-9.29700e+00 4.35600e+03
-9.23670e+00 4.73750e+03
-9.17643e+00 4.46820e+03
-9.11618e+00 4.88560e+03
-9.05595e+00 4.54420e+03
-8.99574e+00 4.84650e+03
-8.93556e+00 4.52840e+03
-8.87540e+00 4.42920e+03
-8.81526e+00 4.78760e+03
-8.75514e+00 4.93960e+03
-8.69505e+00 4.64960e+03
-8.63498e+00 4.32000e+03
-8.57493e+00 4.57330e+03
-8.51491e+00 5.30910e+03
-8.45491e+00 5.30520e+03
-8.39493e+00 4.72410e+03
-8.33497e+00 5.19990e+03
-8.27503e+00 4.84130e+03
-8.21512e+00 4.82930e+03
-8.15523e+00 4.01280e+03
-8.09536e+00 4.14780e+03
-8.03552e+00 4.31190e+03
-7.97570e+00 4.52740e+03
-7.91590e+00 4.71470e+03
-7.85612e+00 4.23480e+03
-7.79637e+00 4.36510e+03
-7.73664e+00 4.66230e+03
-7.67693e+00 4.75980e+03
-7.61724e+00 3.97590e+03
-7.55758e+00 4.63070e+03
-7.49794e+00 4.52510e+03
-7.43832e+00 4.76300e+03
-7.37872e+00 4.77400e+03
-7.31915e+00 4.31820e+03
-7.25960e+00 4.16510e+03
-7.20007e+00 5.02340e+03
-7.14057e+00 4.57310e+03
-7.08108e+00 4.27660e+03
-7.02162e+00 4.61410e+03
-6.96218e+00 4.43870e+03
-6.90277e+00 4.28250e+03
-6.84338e+00 4.19610e+03
-6.78401e+00 4.09330e+03
-6.72466e+00 4.01480e+03
-6.66534e+00 4.18030e+03
-6.60603e+00 4.65400e+03
-6.54676e+00 4.28920e+03
-6.48750e+00 4.59930e+03
-6.42826e+00 3.82510e+03
-6.36905e+00 4.27210e+03
-6.30986e+00 4.18930e+03
-6.25070e+00 3.83910e+03
-6.19155e+00 3.98850e+03
-6.13243e+00 5.57050e+03
-6.07333e+00 5.51520e+03
-6.01426e+00 5.08910e+03
-5.95520e+00 4.37270e+03
-5.89617e+00 4.24720e+03
-5.83717e+00 3.62300e+03
-5.77818e+00 4.28000e+03
-5.71922e+00 5.18280e+03
-5.66028e+00 4.75960e+03
-5.60136e+00 4.42230e+03
-5.54246e+00 3.97690e+03
-5.48359e+00 4.91630e+03
-5.42474e+00 4.93720e+03
-5.36591e+00 4.60090e+03
-5.30711e+00 4.62300e+03
-5.24833e+00 5.90190e+03
-5.18957e+00 5.28680e+03
-5.13083e+00 5.23170e+03
-5.07212e+00 4.76040e+03
-5.01342e+00 4.77080e+03
-4.95475e+00 4.65740e+03
-4.89611e+00 5.05090e+03
-4.83749e+00 4.77580e+03
-4.77888e+00 4.36960e+03
-4.72030e+00 4.11870e+03
-4.66175e+00 4.32600e+03
-4.60321e+00 4.35280e+03
-4.54470e+00 5.22090e+03
-4.48622e+00 5.17410e+03
-4.42775e+00 4.04120e+03
-4.36931e+00 4.20850e+03
-4.31089e+00 4.71710e+03
-4.25249e+00 3.94580e+03
-4.19411e+00 4.36640e+03
-4.13576e+00 4.98820e+03
-4.07743e+00 5.17010e+03
-4.01912e+00 5.01240e+03
-3.96084e+00 5.54540e+03
-3.90258e+00 4.57530e+03
-3.84434e+00 4.45290e+03
-3.78612e+00 4.84430e+03
-3.72792e+00 4.79100e+03
-3.66975e+00 4.99870e+03
-3.61160e+00 4.39340e+03
-3.55348e+00 4.49810e+03
-3.49537e+00 4.63280e+03
-3.43729e+00 4.63030e+03
-3.37923e+00 5.01430e+03
-3.32120e+00 5.42120e+03
-3.26318e+00 4.64060e+03
-3.20519e+00 4.76450e+03
-3.14722e+00 4.75820e+03
-3.08928e+00 4.17980e+03
-3.03135e+00 4.36720e+03
-2.97345e+00 4.40620e+03
-2.91557e+00 4.42170e+03
-2.85772e+00 5.11060e+03
-2.79989e+00 5.35430e+03
-2.74208e+00 5.22690e+03
-2.68429e+00 4.69900e+03
-2.62652e+00 5.24410e+03
-2.56878e+00 4.65310e+03
-2.51106e+00 5.37630e+03
-2.45336e+00 5.76340e+03
-2.39569e+00 5.00470e+03
-2.33804e+00 4.46680e+03
-2.28041e+00 5.21240e+03
-2.22280e+00 5.23730e+03
-2.16522e+00 4.75450e+03
-2.10765e+00 5.10240e+03
-2.05011e+00 5.42210e+03
-1.99260e+00 5.40610e+03
-1.93511e+00 5.03560e+03
-1.87763e+00 4.85340e+03
-1.82018e+00 5.05330e+03
-1.76276e+00 5.39770e+03
-1.70535e+00 5.53160e+03
-1.64797e+00 5.79200e+03
-1.59062e+00 5.19630e+03
-1.53328e+00 5.45140e+03
-1.47597e+00 5.61790e+03
-1.41868e+00 5.16580e+03
-1.36141e+00 4.69500e+03
-1.30416e+00 4.94770e+03
-1.24694e+00 4.98330e+03
-1.18974e+00 5.61350e+03
-1.13256e+00 6.58030e+03
-1.07541e+00 6.56600e+03
-1.01828e+00 6.15030e+03
-9.61167e-01 6.10270e+03
-9.04080e-01 6.14190e+03
-8.47015e-01 6.37980e+03
-7.89973e-01 6.75350e+03
-7.32954e-01 6.46250e+03
-6.75958e-01 6.87520e+03
-6.18984e-01 6.63650e+03
-5.62032e-01 6.76660e+03
-5.05103e-01 7.30090e+03
-4.48197e-01 8.50720e+03
-3.91313e-01 8.52030e+03
-3.34452e-01 1.04101e+04
-2.77614e-01 1.34454e+04
-2.20798e-01 1.93628e+04
-1.64005e-01 2.62759e+04
-1.07234e-01 3.27810e+04
-5.04860e-02 3.93326e+04
6.23900e-03 4.58026e+04
6.29420e-02 4.76951e+04
1.19622e-01 4.43579e+04
1.76280e-01 4.27292e+04
2.32915e-01 4.20448e+04
2.89527e-01 3.87693e+04
3.46117e-01 4.39982e+04
4.02684e-01 5.78133e+04
4.59229e-01 7.14291e+04
5.15751e-01 8.99455e+04
5.72251e-01 1.15687e+05
6.28727e-01 1.40797e+05
6.85182e-01 1.57189e+05
7.41613e-01 1.70924e+05
7.98022e-01 1.86322e+05
8.54409e-01 1.99711e+05
9.10772e-01 2.08437e+05
9.67114e-01 2.09524e+05
1.02343e+00 2.00711e+05
1.07973e+00 1.97811e+05
1.13600e+00 1.89996e+05
1.19225e+00 1.90100e+05
1.24848e+00 1.85511e+05
1.30469e+00 1.86301e+05
1.36087e+00 1.94031e+05
1.41703e+00 2.00118e+05
1.47317e+00 2.07753e+05
1.52928e+00 2.14212e+05
1.58537e+00 2.25101e+05
1.64145e+00 2.35703e+05
1.69749e+00 2.32851e+05
1.75352e+00 2.32856e+05
1.80952e+00 2.30149e+05
1.86550e+00 2.21411e+05
1.92146e+00 2.09035e+05
1.97739e+00 1.97005e+05
2.03330e+00 1.86750e+05
2.08919e+00 1.77100e+05
2.14506e+00 1.66926e+05
2.20090e+00 1.68634e+05
2.25672e+00 1.62720e+05
2.31252e+00 1.58245e+05
2.36830e+00 1.49869e+05
2.42405e+00 1.47568e+05
2.47978e+00 1.45266e+05
2.53549e+00 1.37817e+05
2.59118e+00 1.35944e+05
2.64684e+00 1.32467e+05
2.70248e+00 1.33625e+05
2.75810e+00 1.27732e+05
2.81369e+00 1.24464e+05
2.86927e+00 1.18051e+05
2.92482e+00 1.11864e+05
2.98034e+00 1.06204e+05
3.03585e+00 1.01803e+05
3.09133e+00 9.87715e+04
3.14679e+00 9.52557e+04
3.20223e+00 9.18876e+04
3.25764e+00 8.96576e+04
3.31304e+00 8.46157e+04
3.36841e+00 7.89420e+04
3.42375e+00 7.50814e+04
3.47908e+00 7.44800e+04
3.53438e+00 7.18863e+04
3.58966e+00 6.90672e+04
3.64491e+00 6.78182e+04
3.70015e+00 6.70010e+04
3.75536e+00 6.35780e+04
3.81055e+00 6.28291e+04
3.86571e+00 6.37180e+04
3.92085e+00 6.05798e+04
3.97598e+00 6.07347e+04
4.03107e+00 5.68307e+04
4.08615e+00 5.59473e+04
4.14120e+00 5.70267e+04
4.19623e+00 5.84235e+04
4.25124e+00 5.53582e+04
4.30623e+00 5.13713e+04
4.36119e+00 4.96363e+04
4.41613e+00 4.75292e+04
4.47105e+00 4.53039e+04
4.52594e+00 4.59037e+04
4.58081e+00 5.16701e+04
4.63566e+00 5.08049e+04
4.69049e+00 4.82285e+04
4.74529e+00 4.81222e+04
4.80007e+00 4.79616e+04
4.85483e+00 4.61853e+04
4.90957e+00 4.50153e+04
4.96429e+00 4.84279e+04
5.01898e+00 4.90233e+04
5.07364e+00 4.82484e+04
5.12829e+00 4.36998e+04
5.18291e+00 4.32224e+04
5.23752e+00 4.49423e+04
5.29209e+00 4.52833e+04
5.34665e+00 4.62123e+04
5.40118e+00 4.41394e+04
5.45569e+00 4.37171e+04
5.51018e+00 4.59584e+04
5.56465e+00 4.36042e+04
5.61909e+00 4.22776e+04
5.67351e+00 4.34946e+04
5.72791e+00 4.18764e+04
5.78228e+00 4.07764e+04
5.83663e+00 3.85743e+04
5.89096e+00 3.76898e+04
5.94527e+00 3.67569e+04
5.99955e+00 3.22340e+04
6.05382e+00 3.34180e+04
6.10806e+00 3.66277e+04
6.16227e+00 3.50678e+04
6.21647e+00 3.09590e+04
6.27064e+00 3.08881e+04
6.32479e+00 3.19269e+04
6.37891e+00 3.08990e+04
6.43302e+00 3.09492e+04
6.48710e+00 2.54761e+04
6.54116e+00 2.55288e+04
6.59519e+00 2.76513e+04
6.64921e+00 2.81793e+04
6.70320e+00 2.83905e+04
6.75716e+00 2.78610e+04
6.81111e+00 2.84564e+04
6.86503e+00 2.71591e+04
6.91893e+00 2.64083e+04
6.97281e+00 2.59015e+04
7.02667e+00 2.59467e+04
7.08050e+00 2.44748e+04
7.13431e+00 2.41159e+04
7.18810e+00 2.20686e+04
7.24186e+00 2.24170e+04
7.29560e+00 2.28689e+04
7.34932e+00 2.29316e+04
7.40302e+00 2.24211e+04
7.45669e+00 1.98345e+04
7.51035e+00 1.78571e+04
7.56397e+00 2.00296e+04
7.61758e+00 2.11327e+04
7.67116e+00 1.98179e+04
7.72473e+00 1.94145e+04
7.77826e+00 1.71736e+04
7.83178e+00 1.77133e+04
7.88527e+00 1.74601e+04
7.93874e+00 1.74144e+04
7.99219e+00 1.83463e+04
8.04562e+00 1.79601e+04
8.09902e+00 1.67439e+04
8.15240e+00 1.66160e+04
8.20576e+00 1.84570e+04
8.25910e+00 1.65724e+04
8.31241e+00 1.49833e+04
8.36570e+00 1.58636e+04
8.41897e+00 1.52536e+04
8.47221e+00 1.49517e+04
8.52543e+00 1.40917e+04
8.57863e+00 1.28426e+04
8.63181e+00 1.44031e+04
8.68496e+00 1.51888e+04
8.73809e+00 1.41559e+04
8.79120e+00 1.40273e+04
8.84429e+00 1.27272e+04
8.89735e+00 1.32583e+04
8.95040e+00 1.45909e+04
9.00342e+00 1.45819e+04
9.05641e+00 1.38655e+04
9.10938e+00 1.53383e+04
9.16234e+00 1.40687e+04
9.21527e+00 1.26543e+04
9.26817e+00 1.21825e+04
9.32105e+00 1.21919e+04
9.37391e+00 1.19292e+04
9.42675e+00 1.41718e+04
9.47957e+00 1.46097e+04
9.53236e+00 1.24687e+04
9.58513e+00 1.24813e+04
9.63788e+00 1.27215e+04
9.69060e+00 1.37353e+04
9.74331e+00 1.29313e+04
9.79599e+00 1.21629e+04
9.84864e+00 1.11238e+04
9.90128e+00 1.11671e+04
9.95389e+00 1.04116e+04
1.00065e+01 9.09100e+03
1.00590e+01 8.83370e+03
1.01116e+01 1.11892e+04
1.01641e+01 1.29060e+04
1.02166e+01 1.26660e+04
1.02691e+01 1.16301e+04
1.03215e+01 1.11402e+04
1.03740e+01 1.20539e+04
1.04264e+01 1.22619e+04
1.04788e+01 1.12697e+04
1.05311e+01 1.09895e+04
1.05835e+01 1.07312e+04
1.06358e+01 1.11350e+04
1.06881e+01 1.18176e+04
1.07404e+01 1.14630e+04
1.07926e+01 1.11574e+04
1.08448e+01 1.21513e+04
1.08970e+01 1.29924e+04
1.09492e+01 1.32480e+04
1.10014e+01 1.17201e+04
1.10535e+01 1.14091e+04
1.11056e+01 1.21018e+04
1.11577e+01 1.33011e+04
1.12098e+01 1.28420e+04
1.12618e+01 1.09944e+04
1.13139e+01 1.17842e+04
1.13659e+01 1.31554e+04
1.14178e+01 1.28835e+04
1.14698e+01 1.08601e+04
1.15217e+01 1.19312e+04
1.15737e+01 1.29977e+04
1.16255e+01 1.26288e+04
1.16774e+01 1.22127e+04
1.17293e+01 1.26784e+04
1.17811e+01 1.25699e+04
1.18329e+01 1.22806e+04
1.18846e+01 1.27596e+04
1.19364e+01 1.42238e+04
1.19881e+01 1.47187e+04
1.20398e+01 1.27087e+04
1.20915e+01 1.24908e+04
1.21432e+01 1.30052e+04
1.21948e+01 1.32925e+04
1.22464e+01 1.36658e+04
1.22980e+01 1.44715e+04
1.23496e+01 1.40122e+04
1.24012e+01 1.39695e+04
1.24527e+01 1.40443e+04
1.25042e+01 1.37559e+04
1.25557e+01 1.49452e+04
1.26071e+01 1.62153e+04
1.26586e+01 1.58053e+04
1.27100e+01 1.60947e+04
1.27614e+01 1.60607e+04
1.28127e+01 1.58339e+04
1.28641e+01 1.53695e+04
1.29154e+01 1.49664e+04
1.29667e+01 1.55783e+04
1.30180e+01 1.57776e+04
1.30693e+01 1.41882e+04
1.31205e+01 1.47251e+04
1.31717e+01 1.53935e+04
1.32229e+01 1.69460e+04
1.32740e+01 1.81033e+04
1.33252e+01 1.96985e+04
1.33763e+01 1.99940e+04
1.34274e+01 1.88071e+04
1.34785e+01 1.69273e+04
1.35295e+01 1.83133e+04
1.35806e+01 2.00046e+04
1.36316e+01 2.09983e+04
1.36826e+01 2.10088e+04
1.37335e+01 2.27928e+04
1.37845e+01 2.25966e+04
1.38354e+01 2.43520e+04
1.38863e+01 2.28794e+04
1.39371e+01 2.17982e+04
1.39880e+01 2.18994e+04
1.40388e+01 2.32411e+04
1.40896e+01 2.39774e+04
1.41404e+01 2.36566e+04
1.41912e+01 2.31096e+04
1.42419e+01 2.57675e+04
1.42926e+01 2.66862e+04
1.43433e+01 2.73919e+04
1.43940e+01 2.90229e+04
1.44446e+01 3.04267e+04
1.44952e+01 3.01440e+04
1.45458e+01 2.97224e+04
1.45964e+01 3.36860e+04
1.46470e+01 3.38266e+04
1.46975e+01 3.16096e+04
1.47480e+01 3.00731e+04
1.47985e+01 3.09763e+04
1.48490e+01 3.02402e+04
1.48994e+01 3.11057e+04
1.49498e+01 3.33006e+04
1.50002e+01 3.74374e+04
1.50506e+01 3.65591e+04
1.51010e+01 3.75048e+04
1.51513e+01 3.72009e+04
1.52016e+01 3.86774e+04
1.52519e+01 4.04508e+04
1.53021e+01 3.97581e+04
1.53524e+01 4.01193e+04
1.54026e+01 4.34734e+04
1.54528e+01 4.14666e+04
1.55030e+01 4.06117e+04
1.55531e+01 4.21801e+04
1.56032e+01 4.61331e+04
1.56533e+01 4.86136e+04
1.57034e+01 5.18264e+04
1.57535e+01 5.26711e+04
1.58035e+01 5.09294e+04
1.58535e+01 5.09402e+04
1.59035e+01 5.41933e+04
1.59535e+01 5.45301e+04
1.60034e+01 5.62232e+04
1.60533e+01 5.62849e+04
1.61032e+01 5.74063e+04
1.61531e+01 5.97483e+04
1.62030e+01 5.70092e+04
1.62528e+01 5.67663e+04
1.63026e+01 5.90794e+04
1.63524e+01 6.12894e+04
1.64022e+01 6.48707e+04
1.64519e+01 6.78633e+04
1.65016e+01 6.81398e+04
1.65513e+01 7.08816e+04
1.66010e+01 6.94888e+04
1.66507e+01 6.64229e+04
1.67003e+01 6.92497e+04
1.67499e+01 7.07750e+04
1.67995e+01 7.02603e+04
1.68490e+01 7.52947e+04
1.68986e+01 7.92450e+04
1.69481e+01 8.28606e+04
1.69976e+01 8.47216e+04
1.70470e+01 8.87712e+04
1.70965e+01 9.19972e+04
1.71459e+01 9.34530e+04
1.71953e+01 9.87522e+04
1.72447e+01 1.01293e+05
1.72941e+01 1.00869e+05
1.73434e+01 1.04519e+05
1.73927e+01 1.14789e+05
1.74420e+01 1.14917e+05
1.74913e+01 1.10752e+05
1.75405e+01 1.15732e+05
1.75897e+01 1.25427e+05
1.76389e+01 1.29780e+05
1.76881e+01 1.33090e+05
1.77373e+01 1.35056e+05
1.77864e+01 1.45487e+05
1.78355e+01 1.46428e+05
1.78846e+01 1.49612e+05
1.79337e+01 1.52751e+05
1.79827e+01 1.60426e+05
1.80317e+01 1.69947e+05
1.80807e+01 1.83016e+05
1.81297e+01 1.81518e+05
1.81786e+01 1.77638e+05
1.82276e+01 1.81550e+05
1.82765e+01 1.84539e+05
1.83253e+01 1.81610e+05
1.83742e+01 1.74903e+05
1.84230e+01 1.74852e+05
1.84719e+01 1.69256e+05
1.85207e+01 1.63147e+05
1.85694e+01 1.63632e+05
1.86182e+01 1.53316e+05
1.86669e+01 1.51332e+05
1.87156e+01 1.41243e+05
1.87643e+01 1.29626e+05
1.88129e+01 1.18688e+05
1.88616e+01 1.08107e+05
1.89102e+01 9.91441e+04
1.89588e+01 9.11301e+04
1.90073e+01 8.69268e+04
1.90559e+01 8.05467e+04
1.91044e+01 7.21957e+04
1.91529e+01 6.59055e+04
1.92014e+01 5.79100e+04
1.92498e+01 5.45952e+04
1.92983e+01 5.40743e+04
1.93467e+01 5.12045e+04
1.93951e+01 5.02040e+04
1.94434e+01 5.08309e+04
1.94918e+01 4.88052e+04
1.95401e+01 4.51900e+04
1.95884e+01 4.59430e+04
1.96366e+01 4.35813e+04
1.96849e+01 3.93854e+04
1.97331e+01 3.92788e+04
1.97813e+01 4.11301e+04
1.98295e+01 4.20670e+04
1.98777e+01 4.10458e+04
1.99258e+01 4.24972e+04
1.99739e+01 4.32890e+04
2.00220e+01 4.37764e+04
2.00701e+01 4.52284e+04
2.01181e+01 4.50755e+04
2.01661e+01 4.54922e+04
2.02141e+01 4.50032e+04
2.02621e+01 4.72208e+04
2.03101e+01 5.03199e+04
2.03580e+01 4.96609e+04
2.04059e+01 5.00720e+04
2.04538e+01 5.02323e+04
2.05017e+01 5.06692e+04
2.05495e+01 5.22475e+04
2.05973e+01 5.17410e+04
2.06451e+01 4.89277e+04
2.06929e+01 4.98359e+04
2.07407e+01 4.68078e+04
2.07884e+01 4.90804e+04
2.08361e+01 5.17504e+04
2.08838e+01 5.15463e+04
2.09315e+01 5.03450e+04
2.09791e+01 5.03177e+04
2.10267e+01 5.14647e+04
2.10743e+01 5.38423e+04
2.11219e+01 5.39692e+04
2.11694e+01 5.53007e+04
2.12170e+01 5.52235e+04
2.12645e+01 5.36589e+04
2.13119e+01 5.55270e+04
2.13594e+01 5.56995e+04
2.14068e+01 5.37561e+04
2.14542e+01 5.65770e+04
2.15016e+01 5.71640e+04
2.15490e+01 5.50794e+04
2.15964e+01 5.28795e+04
2.16437e+01 5.40521e+04
2.16910e+01 5.04589e+04
2.17383e+01 5.39853e+04
2.17855e+01 5.27959e+04
2.18327e+01 5.56254e+04
2.18800e+01 5.71829e+04
2.19271e+01 5.52373e+04
2.19743e+01 5.57129e+04
2.20215e+01 5.58896e+04
2.20686e+01 5.40526e+04
2.21157e+01 5.29333e+04
2.21627e+01 5.16244e+04
2.22098e+01 5.28780e+04
2.22568e+01 4.95332e+04
2.23038e+01 5.16057e+04
2.23508e+01 5.17153e+04
2.23978e+01 5.33765e+04
2.24447e+01 5.28162e+04
2.24916e+01 5.13522e+04
2.25385e+01 4.86567e+04
2.25854e+01 4.75347e+04
2.26322e+01 4.60589e+04
2.26791e+01 4.61858e+04
2.27259e+01 4.93487e+04
2.27727e+01 5.10270e+04
2.28194e+01 5.12358e+04
2.28662e+01 4.76868e+04
2.29129e+01 4.57594e+04
2.29596e+01 4.55517e+04
2.30062e+01 4.53406e+04
2.30529e+01 4.62369e+04
2.30995e+01 4.58181e+04
2.31461e+01 4.30072e+04
2.31927e+01 4.11231e+04
2.32392e+01 3.88871e+04
2.32858e+01 4.38626e+04
2.33323e+01 4.45293e+04
2.33788e+01 4.16687e+04
2.34252e+01 3.86440e+04
2.34717e+01 3.77459e+04
2.35181e+01 3.63814e+04
2.35645e+01 3.54747e+04
2.36108e+01 3.78647e+04
2.36572e+01 3.48377e+04
2.37035e+01 3.25781e+04
2.37498e+01 3.48423e+04
2.37961e+01 3.29831e+04
2.38424e+01 3.10224e+04
2.38886e+01 3.05996e+04
2.39348e+01 2.91141e+04
2.39810e+01 2.85101e+04
2.40272e+01 2.83196e+04
2.40733e+01 2.72268e+04
2.41195e+01 2.40080e+04
2.41656e+01 2.41191e+04
2.42117e+01 2.64283e+04
2.42577e+01 2.64184e+04
2.43037e+01 2.39517e+04
2.43498e+01 2.44711e+04
2.43958e+01 2.45828e+04
2.44417e+01 2.23977e+04
2.44877e+01 2.11962e+04
2.45336e+01 1.99728e+04
2.45795e+01 2.10839e+04
2.46254e+01 2.24282e+04
2.46712e+01 2.32600e+04
2.47170e+01 2.16664e+04
2.47629e+01 2.00443e+04
2.48086e+01 2.02933e+04
2.48544e+01 2.25636e+04
2.49001e+01 2.17163e+04
2.49459e+01 1.92290e+04
2.49916e+01 1.73522e+04
2.50372e+01 1.74431e+04
2.50829e+01 1.62697e+04
2.51285e+01 1.60292e+04
2.51741e+01 1.64359e+04
2.52197e+01 1.58642e+04
2.52653e+01 1.53884e+04
2.53108e+01 1.43082e+04
2.53563e+01 1.56161e+04
2.54018e+01 1.43876e+04
2.54473e+01 1.47634e+04
2.54927e+01 1.36111e+04
2.55382e+01 1.37301e+04
2.55836e+01 1.45822e+04
2.56289e+01 1.37169e+04
2.56743e+01 1.22573e+04
2.57196e+01 1.30837e+04
2.57649e+01 1.58383e+04
2.58102e+01 1.47994e+04
2.58555e+01 1.39796e+04
2.59007e+01 1.33561e+04
2.59460e+01 1.23845e+04
2.59912e+01 1.33174e+04
2.60363e+01 1.35938e+04
2.60815e+01 1.24938e+04
2.61266e+01 1.13518e+04
2.61717e+01 1.10420e+04
2.62168e+01 1.19438e+04
2.62619e+01 1.19368e+04
2.63069e+01 1.15266e+04
2.63519e+01 1.25901e+04
2.63969e+01 1.21473e+04
2.64419e+01 1.03661e+04
2.64869e+01 1.07648e+04
2.65318e+01 1.05531e+04
2.65767e+01 9.82450e+03
2.66216e+01 1.01909e+04
2.66664e+01 1.18737e+04
2.67113e+01 1.02765e+04
2.67561e+01 1.00804e+04
2.68009e+01 9.43050e+03
2.68456e+01 1.04548e+04
2.68904e+01 1.07871e+04
2.69351e+01 9.21970e+03
2.69798e+01 8.96010e+03
2.70245e+01 9.14220e+03
2.70691e+01 8.87590e+03
2.71138e+01 1.05975e+04
2.71584e+01 1.00130e+04
2.72030e+01 9.33900e+03
2.72475e+01 1.02789e+04
2.72921e+01 9.77910e+03
2.73366e+01 8.24600e+03
2.73811e+01 8.04150e+03
2.74256e+01 8.69750e+03
2.74700e+01 9.36260e+03
2.75145e+01 9.32170e+03
2.75589e+01 9.99730e+03
2.76033e+01 9.59500e+03
2.76476e+01 8.77760e+03
2.76920e+01 8.62130e+03
2.77363e+01 8.58140e+03
2.77806e+01 8.53040e+03
2.78248e+01 7.89170e+03
2.78691e+01 8.19890e+03
2.79133e+01 9.64950e+03
2.79575e+01 8.48500e+03
2.80017e+01 7.73530e+03
2.80459e+01 7.75140e+03
2.80900e+01 8.66480e+03
2.81341e+01 8.17660e+03
2.81782e+01 7.87840e+03
2.82223e+01 8.24260e+03
2.82663e+01 7.64080e+03
2.83103e+01 8.44970e+03
2.83544e+01 9.26260e+03
2.83983e+01 8.03240e+03
2.84423e+01 8.06120e+03
2.84862e+01 8.20110e+03
2.85301e+01 8.13340e+03
2.85740e+01 8.38250e+03
2.86179e+01 8.24590e+03
2.86617e+01 7.49910e+03
2.87055e+01 7.50910e+03
2.87493e+01 7.04210e+03
2.87931e+01 7.11280e+03
2.88369e+01 7.67170e+03
2.88806e+01 7.03560e+03
2.89243e+01 6.54450e+03
2.89680e+01 7.88560e+03
2.90117e+01 8.10270e+03
2.90553e+01 7.35230e+03
2.90989e+01 7.77830e+03
2.91425e+01 7.56410e+03
2.91861e+01 7.69360e+03
2.92296e+01 7.76870e+03
2.92732e+01 6.52730e+03
2.93167e+01 6.61610e+03
2.93601e+01 6.94320e+03
2.94036e+01 7.45730e+03
2.94470e+01 7.65810e+03
2.94904e+01 7.06360e+03
2.95338e+01 7.27370e+03
2.95772e+01 6.48550e+03
2.96205e+01 6.76360e+03
2.96639e+01 6.57030e+03
2.97072e+01 7.02170e+03
2.97504e+01 6.71900e+03
2.97937e+01 6.27930e+03
2.98369e+01 7.21470e+03
2.98801e+01 7.73700e+03
2.99233e+01 6.84500e+03
2.99665e+01 6.95250e+03
3.00096e+01 6.89200e+03
3.00528e+01 6.53140e+03
3.00959e+01 7.16500e+03
3.01389e+01 7.54190e+03
3.01820e+01 7.02730e+03
3.02250e+01 7.03080e+03
3.02680e+01 7.24800e+03
3.03110e+01 6.69000e+03
3.03540e+01 6.82330e+03
3.03969e+01 6.56800e+03
3.04398e+01 6.09830e+03
3.04827e+01 6.86620e+03
3.05256e+01 7.16610e+03
3.05684e+01 6.59120e+03
3.06113e+01 6.62640e+03
3.06541e+01 7.34030e+03
3.06968e+01 6.67610e+03
3.07396e+01 6.54220e+03
3.07823e+01 6.42820e+03
3.08250e+01 7.14240e+03
3.08677e+01 7.02030e+03
3.09104e+01 6.76690e+03
3.09530e+01 6.34880e+03
3.09957e+01 7.00590e+03
3.10383e+01 6.80880e+03
3.10808e+01 6.77960e+03
3.11234e+01 7.92770e+03
3.11659e+01 7.69180e+03
3.12084e+01 6.80400e+03
3.12509e+01 6.31950e+03
3.12934e+01 5.11740e+03
3.13358e+01 5.80420e+03
3.13783e+01 6.51580e+03
3.14206e+01 6.50620e+03
3.14630e+01 5.84660e+03
3.15054e+01 5.85060e+03
3.15477e+01 5.62390e+03
3.15900e+01 4.89110e+03
3.16323e+01 5.86310e+03
3.16746e+01 6.10450e+03
3.17168e+01 6.46850e+03
3.17590e+01 6.53210e+03
3.18012e+01 6.82830e+03
3.18434e+01 7.15340e+03
3.18855e+01 7.51830e+03
3.19276e+01 7.02770e+03
3.19697e+01 6.59170e+03
3.20118e+01 6.51510e+03
3.20539e+01 5.42640e+03
3.20959e+01 5.96160e+03
3.21379e+01 6.99790e+03
3.21799e+01 6.90700e+03
3.22219e+01 6.94240e+03
3.22638e+01 7.34230e+03
3.23058e+01 7.48190e+03
3.23476e+01 5.94370e+03
3.23895e+01 6.52800e+03
3.24314e+01 6.07880e+03
3.24732e+01 6.64720e+03
3.25150e+01 6.53180e+03
3.25568e+01 6.91180e+03
3.25986e+01 5.69310e+03
3.26403e+01 6.37450e+03
3.26820e+01 6.24590e+03
3.27237e+01 6.80280e+03
3.27654e+01 6.42210e+03
3.28070e+01 5.31920e+03
3.28487e+01 6.03530e+03
3.28903e+01 6.15360e+03
3.29319e+01 5.78930e+03
3.29734e+01 5.38350e+03
3.30150e+01 5.39040e+03
3.30565e+01 6.06410e+03
3.30980e+01 6.48070e+03
3.31394e+01 6.75660e+03
3.31809e+01 6.57130e+03
3.32223e+01 5.73210e+03
3.32637e+01 6.20980e+03
3.33051e+01 6.11860e+03
3.33464e+01 6.83750e+03
3.33878e+01 6.57660e+03
3.34291e+01 6.32630e+03
3.34704e+01 5.85430e+03
3.35116e+01 4.92660e+03
3.35529e+01 5.92190e+03
3.35941e+01 7.06090e+03
3.36353e+01 6.33460e+03
3.36765e+01 5.42830e+03
3.37176e+01 5.70040e+03
3.37588e+01 6.43130e+03
3.37999e+01 6.35980e+03
3.38410e+01 5.32700e+03
3.38820e+01 6.26210e+03
3.39231e+01 6.32210e+03
3.39641e+01 6.11420e+03
3.40051e+01 5.71100e+03
3.40460e+01 6.61300e+03
3.40870e+01 5.60640e+03
3.41279e+01 5.50830e+03
3.41688e+01 5.44800e+03
3.42097e+01 5.66560e+03
3.42506e+01 5.82520e+03
3.42914e+01 6.62830e+03
3.43322e+01 6.46580e+03
3.43730e+01 6.36050e+03
3.44138e+01 6.98920e+03
3.44545e+01 6.87990e+03
3.44953e+01 6.34360e+03
3.45360e+01 7.05880e+03
3.45766e+01 6.87200e+03
3.46173e+01 6.08290e+03
3.46579e+01 5.97070e+03
3.46985e+01 6.39590e+03
3.47391e+01 6.38270e+03
3.47797e+01 6.84940e+03
3.48202e+01 6.90580e+03
3.48608e+01 7.46900e+03
3.49012e+01 8.33870e+03
3.49417e+01 8.12760e+03
3.49822e+01 8.20040e+03
3.50226e+01 6.97830e+03
3.50630e+01 7.03300e+03
3.51034e+01 7.78640e+03
3.51438e+01 7.72900e+03
3.51841e+01 8.11770e+03
3.52244e+01 7.95550e+03
3.52647e+01 8.37800e+03
3.53050e+01 9.63820e+03
3.53452e+01 9.10140e+03
3.53855e+01 8.69180e+03
3.54257e+01 8.84720e+03
3.54658e+01 8.09070e+03
3.55060e+01 7.82700e+03
3.55461e+01 9.02630e+03
3.55863e+01 9.99440e+03
3.56263e+01 9.69340e+03
3.56664e+01 1.01044e+04
3.57065e+01 9.48600e+03
3.57465e+01 9.07280e+03
3.57865e+01 9.40690e+03
3.58265e+01 9.02440e+03
3.58664e+01 8.33220e+03
3.59063e+01 8.27900e+03
3.59463e+01 8.13570e+03
3.59861e+01 8.50210e+03
3.60260e+01 9.36060e+03
3.60659e+01 9.07890e+03
3.61057e+01 8.12910e+03
3.61455e+01 8.33690e+03
3.61852e+01 9.65430e+03
3.62250e+01 8.78510e+03
3.62647e+01 8.18010e+03
3.63044e+01 8.39980e+03
3.63441e+01 8.11390e+03
3.63838e+01 7.18950e+03
3.64234e+01 7.68980e+03
3.64630e+01 7.74920e+03
3.65026e+01 7.73870e+03
3.65422e+01 7.07230e+03
3.65817e+01 7.57310e+03
3.66213e+01 8.49750e+03
3.66608e+01 8.91440e+03
3.67003e+01 8.36090e+03
3.67397e+01 7.77390e+03
3.67791e+01 6.73360e+03
3.68186e+01 6.44680e+03
3.68580e+01 7.83790e+03
3.68973e+01 8.71670e+03
3.69367e+01 7.87290e+03
3.69760e+01 7.02890e+03
3.70153e+01 7.07930e+03
3.70546e+01 7.47640e+03
3.70938e+01 8.73030e+03
3.71331e+01 7.52380e+03
3.71723e+01 7.43880e+03
3.72114e+01 8.09300e+03
3.72506e+01 7.89310e+03
3.72898e+01 7.47730e+03
3.73289e+01 7.46450e+03
3.73680e+01 6.81090e+03
3.74070e+01 5.73260e+03
3.74461e+01 6.75830e+03
3.74851e+01 7.29100e+03
3.75241e+01 6.78650e+03
3.75631e+01 7.97110e+03
3.76021e+01 9.41570e+03
3.76410e+01 8.61640e+03
3.76799e+01 8.82560e+03
3.77188e+01 8.27200e+03
3.77577e+01 8.76360e+03
3.77965e+01 8.09430e+03
3.78354e+01 7.87600e+03
3.78742e+01 8.05080e+03
3.79129e+01 8.44590e+03
3.79517e+01 8.39060e+03
3.79904e+01 8.77610e+03
3.80292e+01 8.07700e+03
3.80678e+01 7.23330e+03
3.81065e+01 7.61910e+03
3.81452e+01 7.76850e+03
3.81838e+01 8.29900e+03
3.82224e+01 7.54720e+03
3.82609e+01 7.95890e+03
3.82995e+01 8.09720e+03
3.83380e+01 7.36310e+03
3.83765e+01 7.98730e+03
3.84150e+01 8.89520e+03
3.84535e+01 8.30730e+03
3.84919e+01 8.40010e+03
3.85304e+01 7.81120e+03
3.85687e+01 7.42930e+03
3.86071e+01 7.20700e+03
3.86455e+01 7.82180e+03
3.86838e+01 7.87730e+03
3.87221e+01 8.65290e+03
3.87604e+01 9.89510e+03
3.87986e+01 9.42160e+03
3.88369e+01 7.88490e+03
3.88751e+01 6.81380e+03
3.89133e+01 6.81140e+03
3.89515e+01 6.45620e+03
3.89896e+01 7.02060e+03
3.90277e+01 7.42310e+03
3.90658e+01 8.04780e+03
3.91039e+01 7.74050e+03
3.91420e+01 7.80040e+03
3.91800e+01 7.46440e+03
3.92180e+01 7.39650e+03
3.92560e+01 7.65410e+03
3.92940e+01 7.90390e+03
3.93319e+01 8.21950e+03
3.93698e+01 7.37250e+03
3.94077e+01 6.36570e+03
3.94456e+01 7.30860e+03
3.94835e+01 7.87220e+03
3.95213e+01 7.47680e+03
3.95591e+01 7.33000e+03
3.95969e+01 7.87090e+03
3.96347e+01 7.55800e+03
3.96724e+01 7.35200e+03
3.97101e+01 6.35700e+03
3.97478e+01 6.96650e+03
3.97855e+01 7.29380e+03
3.98231e+01 6.91620e+03
3.98608e+01 7.36780e+03
3.98984e+01 7.86040e+03
3.99359e+01 6.93350e+03
3.99735e+01 7.34070e+03
4.00110e+01 7.38660e+03
4.00486e+01 7.34910e+03
4.00860e+01 7.14680e+03
4.01235e+01 6.68910e+03
4.01610e+01 7.49940e+03
4.01984e+01 8.08620e+03
4.02358e+01 7.08950e+03
4.02732e+01 6.71620e+03
4.03105e+01 7.37230e+03
4.03479e+01 6.89670e+03
4.03852e+01 7.17190e+03
4.04225e+01 7.51630e+03
4.04597e+01 7.44880e+03
4.04970e+01 7.06770e+03
4.05342e+01 7.10650e+03
4.05714e+01 6.43090e+03
4.06086e+01 6.40700e+03
4.06457e+01 7.18150e+03
4.06828e+01 8.02700e+03
4.07200e+01 7.62280e+03
4.07570e+01 7.73180e+03
4.07941e+01 7.57160e+03
4.08311e+01 7.80970e+03
4.08682e+01 7.00930e+03
4.09052e+01 6.63780e+03
4.09421e+01 8.61650e+03
4.09791e+01 8.81570e+03
4.10160e+01 8.16490e+03
4.10529e+01 7.61490e+03
4.10898e+01 6.51530e+03
4.11266e+01 5.93100e+03
4.11635e+01 6.18640e+03
4.12003e+01 8.49560e+03
4.12371e+01 9.85970e+03
4.12739e+01 8.71630e+03
4.13106e+01 7.79710e+03
4.13473e+01 9.11080e+03
4.13840e+01 9.77700e+03
4.14207e+01 9.55240e+03
4.14574e+01 8.55700e+03
4.14940e+01 8.55700e+03
4.15306e+01 8.39390e+03
4.15672e+01 8.87020e+03
4.16038e+01 8.18840e+03
4.16403e+01 6.98690e+03
4.16768e+01 7.26680e+03
4.17133e+01 7.35070e+03
4.17498e+01 7.00560e+03
4.17862e+01 7.14020e+03
4.18227e+01 6.80840e+03
4.18591e+01 7.25370e+03
4.18955e+01 7.44500e+03
4.19318e+01 8.44590e+03
4.19682e+01 9.50160e+03
4.20045e+01 8.28740e+03
4.20408e+01 7.59780e+03
4.20770e+01 7.76410e+03
4.21133e+01 8.27180e+03
4.21495e+01 8.59290e+03
4.21857e+01 7.82040e+03
4.22219e+01 7.08650e+03
4.22581e+01 7.26180e+03
4.22942e+01 7.69800e+03
4.23303e+01 8.49800e+03
4.23664e+01 7.96340e+03
4.24025e+01 8.51490e+03
4.24385e+01 8.47540e+03
4.24745e+01 7.62080e+03
4.25105e+01 7.66560e+03
4.25465e+01 7.06900e+03
4.25825e+01 7.62360e+03
4.26184e+01 6.91100e+03
4.26543e+01 7.52490e+03
4.26902e+01 8.75340e+03
4.27261e+01 6.79500e+03
4.27619e+01 6.75240e+03
4.27977e+01 8.23690e+03
4.28335e+01 9.05210e+03
4.28693e+01 8.56200e+03
4.29050e+01 8.10220e+03
4.29408e+01 8.48300e+03
4.29765e+01 8.48680e+03
4.30122e+01 9.15340e+03
4.30478e+01 7.87090e+03
4.30835e+01 7.17650e+03
4.31191e+01 6.72300e+03
4.31547e+01 7.09880e+03
4.31902e+01 8.41910e+03
4.32258e+01 9.00770e+03
4.32613e+01 8.45830e+03
4.32968e+01 8.02000e+03
4.33323e+01 9.46850e+03
4.33678e+01 9.11400e+03
4.34032e+01 8.57340e+03
4.34386e+01 8.03610e+03
4.34740e+01 8.65600e+03
4.35094e+01 8.88790e+03
4.35447e+01 8.83770e+03
4.35800e+01 8.24300e+03
4.36153e+01 7.90950e+03
4.36506e+01 7.94200e+03
4.36859e+01 7.39900e+03
4.37211e+01 7.21630e+03
4.37563e+01 7.49150e+03
4.37915e+01 7.43370e+03
4.38267e+01 7.03310e+03
4.38618e+01 7.85180e+03
4.38969e+01 8.04280e+03
4.39320e+01 6.16900e+03
4.39671e+01 5.55390e+03
4.40021e+01 6.05780e+03
4.40372e+01 7.14840e+03
4.40722e+01 7.48770e+03
4.41071e+01 6.86550e+03
4.41421e+01 6.01040e+03
4.41770e+01 5.68440e+03
4.42120e+01 6.11190e+03
4.42469e+01 6.80740e+03
4.42817e+01 6.41890e+03
4.43166e+01 7.46080e+03
4.43514e+01 7.25410e+03
4.43862e+01 6.66390e+03
4.44210e+01 6.27870e+03
4.44557e+01 5.20540e+03
4.44905e+01 5.12880e+03
4.45252e+01 5.05110e+03
4.45599e+01 5.20020e+03
4.45945e+01 5.69650e+03
4.46292e+01 6.13870e+03
4.46638e+01 5.79900e+03
4.46984e+01 6.55130e+03
4.47330e+01 6.88180e+03
4.47675e+01 5.34450e+03
4.48021e+01 5.19990e+03
4.48366e+01 4.81380e+03
4.48711e+01 6.01540e+03
4.49055e+01 6.72260e+03
4.49400e+01 6.21600e+03
4.49744e+01 6.08080e+03
4.50088e+01 6.35030e+03
4.50431e+01 6.09480e+03
4.50775e+01 5.92230e+03
4.51118e+01 5.80650e+03
4.51461e+01 5.38830e+03
4.51804e+01 6.56590e+03
4.52147e+01 6.52390e+03
4.52489e+01 5.75100e+03
4.52831e+01 5.96710e+03
4.53173e+01 6.37400e+03
4.53515e+01 6.31070e+03
4.53856e+01 6.54990e+03
4.54198e+01 5.86010e+03
4.54539e+01 5.69030e+03
4.54879e+01 5.32400e+03
4.55220e+01 5.21410e+03
4.55560e+01 4.96010e+03
4.55900e+01 5.30230e+03
4.56240e+01 6.17730e+03
4.56580e+01 6.30960e+03
4.56919e+01 6.16530e+03
4.57259e+01 5.48640e+03
4.57598e+01 5.27870e+03
4.57936e+01 6.42840e+03
4.58275e+01 6.65300e+03
4.58613e+01 6.47660e+03
4.58951e+01 6.11890e+03
4.59289e+01 6.38560e+03
4.59627e+01 5.94380e+03
4.59964e+01 5.78110e+03
4.60301e+01 5.78140e+03
4.60638e+01 5.37830e+03
4.60975e+01 5.40420e+03
4.61311e+01 5.44260e+03
4.61648e+01 5.42470e+03
4.61984e+01 5.64790e+03
4.62320e+01 5.93930e+03
4.62655e+01 5.80270e+03
4.62991e+01 4.80840e+03
4.63326e+01 4.79650e+03
4.63661e+01 4.86830e+03
4.63995e+01 5.35510e+03
4.64330e+01 4.80740e+03
4.64664e+01 5.31670e+03
4.64998e+01 5.79520e+03
4.65332e+01 5.79970e+03
4.65665e+01 6.39650e+03
4.65999e+01 6.15970e+03
4.66332e+01 6.63920e+03
4.66665e+01 6.24900e+03
4.66997e+01 5.93140e+03
4.67330e+01 5.89250e+03
4.67662e+01 6.34220e+03
4.67994e+01 6.62270e+03
4.68326e+01 6.02330e+03
4.68657e+01 6.43160e+03
4.68988e+01 5.89370e+03
4.69320e+01 5.36220e+03
4.69650e+01 5.18750e+03
4.69981e+01 5.71440e+03
4.70311e+01 5.86360e+03
4.70642e+01 5.86890e+03
4.70972e+01 5.97910e+03
4.71301e+01 4.81370e+03
4.71631e+01 4.91020e+03
4.71960e+01 4.50690e+03
4.72289e+01 5.49320e+03
4.72618e+01 6.05340e+03
4.72946e+01 5.80930e+03
4.73275e+01 4.85680e+03
4.73603e+01 5.68920e+03
4.73931e+01 6.52740e+03
4.74258e+01 6.99020e+03
4.74586e+01 6.18390e+03
4.74913e+01 5.39220e+03
4.75240e+01 4.75410e+03
4.75567e+01 4.94030e+03
4.75894e+01 5.51660e+03
4.76220e+01 5.93900e+03
4.76546e+01 5.69710e+03
4.76872e+01 5.41660e+03
4.77197e+01 5.22940e+03
4.77523e+01 5.42290e+03
4.77848e+01 5.65540e+03
4.78173e+01 4.72350e+03
4.78498e+01 6.14920e+03
4.78822e+01 7.11510e+03
4.79147e+01 6.33410e+03
4.79471e+01 6.16190e+03
4.79794e+01 5.70860e+03
4.80118e+01 5.03110e+03
4.80441e+01 5.06740e+03
4.80765e+01 5.28620e+03
4.81088e+01 5.13520e+03
4.81410e+01 5.27130e+03
4.81733e+01 5.11360e+03
4.82055e+01 4.96910e+03
4.82377e+01 4.49110e+03
4.82699e+01 5.35070e+03
4.83020e+01 5.92450e+03
4.83342e+01 5.18190e+03
4.83663e+01 5.14470e+03
4.83984e+01 5.53180e+03
4.84305e+01 5.45040e+03
4.84625e+01 5.50650e+03
4.84945e+01 5.24150e+03
4.85265e+01 5.97280e+03
4.85585e+01 6.42580e+03
4.85904e+01 5.83150e+03
4.86224e+01 5.69790e+03
4.86543e+01 5.55940e+03
4.86862e+01 5.59070e+03
4.87180e+01 6.07000e+03
4.87499e+01 6.02040e+03
4.87817e+01 6.07910e+03
4.88135e+01 5.66700e+03
4.88453e+01 6.19860e+03
4.88770e+01 7.09270e+03
4.89088e+01 6.83130e+03
4.89405e+01 6.29210e+03
4.89721e+01 5.90500e+03
4.90038e+01 5.74480e+03
4.90354e+01 5.83420e+03
4.90671e+01 6.80130e+03
4.90986e+01 6.15660e+03
4.91302e+01 5.66820e+03
4.91618e+01 6.28990e+03
4.91933e+01 6.94510e+03
4.92248e+01 6.57410e+03
4.92563e+01 6.64590e+03
4.92877e+01 6.50570e+03
4.93192e+01 6.37070e+03
4.93506e+01 5.63550e+03
4.93820e+01 4.85620e+03
4.94133e+01 4.90960e+03
4.94447e+01 4.99110e+03
4.94760e+01 5.54910e+03
4.95073e+01 4.92250e+03
4.95386e+01 4.90750e+03
4.95698e+01 4.97830e+03
4.96011e+01 5.26020e+03
4.96323e+01 5.41270e+03
4.96635e+01 4.93370e+03
4.96946e+01 4.80110e+03
4.97258e+01 5.53470e+03
4.97569e+01 5.08880e+03
4.97880e+01 5.50720e+03
4.98190e+01 5.95150e+03
4.98501e+01 5.82890e+03
4.98811e+01 6.61630e+03
4.99121e+01 5.76000e+03
4.99431e+01 5.14680e+03
4.99741e+01 6.08610e+03
5.00050e+01 6.10920e+03
5.00359e+01 5.76400e+03
5.00668e+01 5.11050e+03
5.00977e+01 4.93620e+03
5.01285e+01 5.21440e+03
5.01594e+01 6.13760e+03
5.01902e+01 5.28810e+03
5.02209e+01 5.43100e+03
5.02517e+01 6.46030e+03
5.02824e+01 5.12810e+03
5.03131e+01 5.38020e+03
5.03438e+01 5.51720e+03
5.03745e+01 5.84610e+03
5.04051e+01 5.24740e+03
5.04358e+01 4.95160e+03
5.04664e+01 5.48270e+03
5.04969e+01 5.39160e+03
5.05275e+01 5.97480e+03
5.05580e+01 5.97920e+03
5.05885e+01 6.06400e+03
5.06190e+01 5.47610e+03
5.06495e+01 5.19640e+03
5.06799e+01 5.21510e+03
5.07103e+01 5.61260e+03
5.07407e+01 5.26410e+03
5.07711e+01 5.33430e+03
5.08014e+01 5.91710e+03
5.08318e+01 5.96550e+03
5.08621e+01 5.53850e+03
5.08924e+01 5.92770e+03
5.09226e+01 5.75590e+03
5.09529e+01 5.36030e+03
5.09831e+01 5.55530e+03
5.10133e+01 5.23780e+03
5.10434e+01 5.36270e+03
5.10736e+01 5.33590e+03
5.11037e+01 5.47700e+03
5.11338e+01 5.46810e+03
5.11639e+01 5.78810e+03
5.11939e+01 6.14000e+03
5.12240e+01 6.43850e+03
5.12540e+01 6.09550e+03
5.12840e+01 6.16800e+03
5.13139e+01 5.27430e+03
5.13439e+01 4.82660e+03
5.13738e+01 4.77810e+03
5.14037e+01 4.51050e+03
5.14336e+01 5.15720e+03
5.14634e+01 5.22350e+03
5.14933e+01 5.17950e+03
5.15231e+01 5.46040e+03
5.15528e+01 5.15010e+03
5.15826e+01 5.17010e+03
5.16124e+01 5.44270e+03
5.16421e+01 6.40170e+03
5.16718e+01 6.31080e+03
5.17014e+01 6.48600e+03
5.17311e+01 5.91050e+03
5.17607e+01 5.12040e+03
5.17903e+01 5.74990e+03
5.18199e+01 5.38230e+03
5.18495e+01 5.64330e+03
5.18790e+01 5.83680e+03
5.19085e+01 5.40310e+03
5.19380e+01 5.31690e+03
5.19675e+01 6.01160e+03
5.19969e+01 5.89320e+03
5.20263e+01 5.61140e+03
5.20557e+01 5.96290e+03
5.20851e+01 6.42800e+03
5.21145e+01 6.57790e+03
5.21438e+01 6.34370e+03
5.21731e+01 6.06930e+03
5.22024e+01 4.98980e+03
5.22317e+01 5.08230e+03
5.22609e+01 5.07310e+03
5.22901e+01 5.46130e+03
5.23193e+01 5.51690e+03
5.23485e+01 5.80680e+03
5.23776e+01 6.14820e+03
5.24068e+01 6.42860e+03
5.24359e+01 5.98290e+03
5.24650e+01 5.83840e+03
5.24940e+01 5.51270e+03
5.25231e+01 5.11420e+03
5.25521e+01 5.50750e+03
5.25811e+01 5.30100e+03
5.26100e+01 5.52110e+03
5.26390e+01 5.67920e+03
5.26679e+01 5.90840e+03
5.26968e+01 5.88380e+03
5.27257e+01 5.77310e+03
5.27546e+01 5.68210e+03
5.27834e+01 5.13940e+03
5.28122e+01 5.51920e+03
5.28410e+01 5.75470e+03
5.28698e+01 5.86280e+03
5.28985e+01 5.84080e+03
5.29272e+01 5.13360e+03
5.29559e+01 5.07340e+03
5.29846e+01 6.00580e+03
5.30133e+01 5.00890e+03
5.30419e+01 4.63000e+03
5.30705e+01 5.05460e+03
5.30991e+01 4.75920e+03
5.31277e+01 5.41930e+03
5.31562e+01 5.59780e+03
5.31847e+01 5.57790e+03
5.32132e+01 5.90770e+03
5.32417e+01 4.94220e+03
5.32701e+01 4.91800e+03
5.32986e+01 5.49760e+03
5.33270e+01 5.35210e+03
5.33554e+01 5.10620e+03
5.33837e+01 4.85840e+03
5.34121e+01 4.60240e+03
5.34404e+01 5.24720e+03
5.34687e+01 5.59370e+03
5.34969e+01 5.94240e+03
5.35252e+01 5.42640e+03
5.35534e+01 5.72540e+03
5.35816e+01 5.62290e+03
5.36098e+01 5.76460e+03
5.36380e+01 5.56910e+03
5.36661e+01 5.18560e+03
5.36942e+01 5.20720e+03
5.37223e+01 5.57800e+03
5.37504e+01 5.78310e+03
5.37784e+01 5.37640e+03
5.38064e+01 4.54730e+03
5.38344e+01 5.00420e+03
5.38624e+01 5.14990e+03
5.38904e+01 4.90590e+03
5.39183e+01 4.77720e+03
5.39462e+01 5.43470e+03
5.39741e+01 5.02970e+03
5.40019e+01 5.03470e+03
5.40298e+01 5.88310e+03
5.40576e+01 5.25970e+03
5.40854e+01 5.23460e+03
5.41132e+01 5.36180e+03
5.41409e+01 4.97910e+03
5.41687e+01 4.99430e+03
5.41964e+01 5.22890e+03
5.42240e+01 5.22940e+03
5.42517e+01 5.21440e+03
5.42793e+01 4.66720e+03
5.43070e+01 4.46490e+03
5.43345e+01 4.93340e+03
5.43621e+01 5.63970e+03
5.43897e+01 6.76920e+03
5.44172e+01 6.82940e+03
5.44447e+01 6.02580e+03
5.44722e+01 5.44170e+03
5.44996e+01 4.78100e+03
5.45271e+01 5.60070e+03
5.45545e+01 5.75260e+03
5.45819e+01 4.97130e+03
5.46092e+01 5.48350e+03
5.46366e+01 5.71760e+03
5.46639e+01 5.09130e+03
5.46912e+01 5.36210e+03
5.47185e+01 5.70600e+03
5.47457e+01 5.18230e+03
5.47730e+01 5.31250e+03
5.48002e+01 5.45530e+03
5.48273e+01 6.07020e+03
5.48545e+01 5.71350e+03
5.48817e+01 5.08580e+03
5.49088e+01 5.41600e+03
5.49359e+01 6.32830e+03
5.49629e+01 6.38180e+03
5.49900e+01 5.90450e+03
5.50170e+01 5.13610e+03
5.50440e+01 5.46930e+03
5.50710e+01 6.49320e+03
5.50980e+01 6.09830e+03
5.51249e+01 6.39900e+03
5.51518e+01 5.71120e+03
5.51787e+01 5.68170e+03
5.52056e+01 6.15000e+03
5.52324e+01 6.60390e+03
5.52592e+01 6.21620e+03
5.52860e+01 6.21890e+03
5.53128e+01 6.01780e+03
5.53396e+01 7.05560e+03
5.53663e+01 7.21900e+03
5.53930e+01 7.09010e+03
5.54197e+01 6.79910e+03
5.54464e+01 7.21090e+03
5.54730e+01 7.20070e+03
5.54996e+01 6.48200e+03
5.55262e+01 7.03290e+03
5.55528e+01 6.92740e+03
5.55794e+01 7.85240e+03
5.56059e+01 7.51710e+03
5.56324e+01 6.45880e+03
5.56589e+01 6.26770e+03
5.56854e+01 6.70080e+03
5.57118e+01 6.70370e+03
5.57382e+01 6.98620e+03
5.57646e+01 7.08050e+03
5.57910e+01 6.99730e+03
5.58173e+01 7.64010e+03
5.58437e+01 7.92770e+03
5.58700e+01 6.92930e+03
5.58962e+01 7.61240e+03
5.59225e+01 7.69380e+03
5.59487e+01 7.67830e+03
5.59749e+01 7.92700e+03
5.60011e+01 8.66980e+03
5.60273e+01 8.63460e+03
5.60535e+01 8.36750e+03
5.60796e+01 6.74190e+03
5.61057e+01 6.42690e+03
5.61318e+01 5.43700e+03
5.61578e+01 4.81370e+03
5.61838e+01 4.05690e+03
5.62099e+01 3.69200e+03
5.62358e+01 3.72910e+03
5.62618e+01 2.85850e+03
5.62878e+01 1.99080e+03
5.63137e+01 1.21900e+03
5.63396e+01 6.32000e+02
