# La4Ni3O8 Ni L2 edge RIXS
# T = 25 K
# RIXS resolution ~ 0.4 eV
# Horizontal scattering geometry, theta = 15 degrees, 2theta = 95 degrees
# SEXTANTS beamline, SOLEIL synchrotron
# Energy loss 	 Intensity
-4.22405e+01 2.70500e+02
-4.21681e+01 3.57500e+02
-4.20958e+01 7.87500e+02
-4.20235e+01 3.62500e+02
-4.19512e+01 7.09000e+02
-4.18789e+01 8.59500e+02
-4.18067e+01 1.20000e+03
-4.17344e+01 1.07150e+03
-4.16622e+01 1.09250e+03
-4.15900e+01 1.20150e+03
-4.15179e+01 1.56400e+03
-4.14457e+01 2.46400e+03
-4.13736e+01 1.42250e+03
-4.13015e+01 1.92750e+03
-4.12295e+01 1.67550e+03
-4.11574e+01 2.05800e+03
-4.10854e+01 1.70700e+03
-4.10134e+01 1.91100e+03
-4.09414e+01 1.46000e+03
-4.08694e+01 1.17150e+03
-4.07975e+01 2.22750e+03
-4.07256e+01 2.31050e+03
-4.06537e+01 1.68950e+03
-4.05818e+01 1.01950e+03
-4.05100e+01 1.36950e+03
-4.04382e+01 1.79900e+03
-4.03664e+01 1.58300e+03
-4.02946e+01 1.27650e+03
-4.02228e+01 2.22750e+03
-4.01511e+01 2.15950e+03
-4.00794e+01 1.61200e+03
-4.00077e+01 2.55400e+03
-3.99360e+01 2.22900e+03
-3.98644e+01 2.49650e+03
-3.97928e+01 2.07500e+03
-3.97212e+01 1.77500e+03
-3.96496e+01 4.61000e+02
-3.95780e+01 1.90650e+03
-3.95065e+01 1.97950e+03
-3.94350e+01 2.42200e+03
-3.93635e+01 2.23600e+03
-3.92921e+01 2.02800e+03
-3.92206e+01 1.12450e+03
-3.91492e+01 1.74900e+03
-3.90778e+01 1.72550e+03
-3.90064e+01 1.24600e+03
-3.89351e+01 1.94650e+03
-3.88638e+01 1.85600e+03
-3.87925e+01 1.76600e+03
-3.87212e+01 2.01750e+03
-3.86499e+01 1.68700e+03
-3.85787e+01 2.19450e+03
-3.85075e+01 1.08600e+03
-3.84363e+01 1.74300e+03
-3.83651e+01 1.25750e+03
-3.82940e+01 1.40450e+03
-3.82229e+01 1.91550e+03
-3.81518e+01 2.33600e+03
-3.80807e+01 1.84900e+03
-3.80096e+01 1.52800e+03
-3.79386e+01 1.18300e+03
-3.78676e+01 1.75150e+03
-3.77966e+01 1.72500e+03
-3.77256e+01 1.94550e+03
-3.76547e+01 1.88200e+03
-3.75838e+01 1.96550e+03
-3.75129e+01 1.56100e+03
-3.74420e+01 1.54900e+03
-3.73711e+01 1.95650e+03
-3.73003e+01 1.04400e+03
-3.72295e+01 1.05450e+03
-3.71587e+01 1.04150e+03
-3.70880e+01 1.24550e+03
-3.70172e+01 1.65300e+03
-3.69465e+01 1.11900e+03
-3.68758e+01 1.24050e+03
-3.68051e+01 1.81250e+03
-3.67345e+01 1.38300e+03
-3.66639e+01 2.60450e+03
-3.65933e+01 1.23900e+03
-3.65227e+01 1.39300e+03
-3.64521e+01 1.82750e+03
-3.63816e+01 1.58250e+03
-3.63111e+01 2.00950e+03
-3.62406e+01 1.33400e+03
-3.61701e+01 7.37000e+02
-3.60997e+01 1.39250e+03
-3.60293e+01 1.30700e+03
-3.59589e+01 1.07950e+03
-3.58885e+01 6.50000e+02
-3.58181e+01 7.55000e+01
-3.57478e+01 9.50000e+02
-3.56775e+01 1.05450e+03
-3.56072e+01 1.70650e+03
-3.55369e+01 1.63700e+03
-3.54667e+01 1.13400e+03
-3.53965e+01 9.26000e+02
-3.53263e+01 9.45500e+02
-3.52561e+01 9.92000e+02
-3.51860e+01 9.24000e+02
-3.51158e+01 1.61200e+03
-3.50457e+01 1.90000e+03
-3.49757e+01 1.65750e+03
-3.49056e+01 1.90650e+03
-3.48356e+01 1.73050e+03
-3.47655e+01 1.18300e+03
-3.46955e+01 8.58000e+02
-3.46256e+01 1.65000e+03
-3.45556e+01 1.80550e+03
-3.44857e+01 9.99000e+02
-3.44158e+01 8.30500e+02
-3.43459e+01 1.20650e+03
-3.42761e+01 1.53150e+03
-3.42062e+01 4.38000e+02
-3.41364e+01 1.41000e+03
-3.40666e+01 1.20300e+03
-3.39969e+01 1.70100e+03
-3.39271e+01 1.96400e+03
-3.38574e+01 1.61900e+03
-3.37877e+01 1.88000e+03
-3.37180e+01 2.21450e+03
-3.36484e+01 1.82000e+03
-3.35787e+01 1.58600e+03
-3.35091e+01 8.82000e+02
-3.34395e+01 1.49300e+03
-3.33700e+01 1.16800e+03
-3.33004e+01 2.44300e+03
-3.32309e+01 1.24450e+03
-3.31614e+01 1.73200e+03
-3.30920e+01 1.60800e+03
-3.30225e+01 1.60400e+03
-3.29531e+01 1.99300e+03
-3.28837e+01 2.49850e+03
-3.28143e+01 1.59550e+03
-3.27449e+01 1.96350e+03
-3.26756e+01 2.11200e+03
-3.26063e+01 2.01750e+03
-3.25370e+01 1.40850e+03
-3.24677e+01 1.68200e+03
-3.23985e+01 2.05850e+03
-3.23293e+01 2.48950e+03
-3.22601e+01 2.21900e+03
-3.21909e+01 1.46300e+03
-3.21217e+01 2.32000e+03
-3.20526e+01 1.71050e+03
-3.19835e+01 1.88600e+03
-3.19144e+01 2.46600e+03
-3.18453e+01 2.16150e+03
-3.17763e+01 2.22950e+03
-3.17073e+01 2.40950e+03
-3.16383e+01 2.13050e+03
-3.15693e+01 1.36950e+03
-3.15003e+01 1.69100e+03
-3.14314e+01 2.00450e+03
-3.13625e+01 2.02700e+03
-3.12936e+01 9.40000e+02
-3.12247e+01 1.04550e+03
-3.11559e+01 2.04450e+03
-3.10871e+01 2.15350e+03
-3.10183e+01 2.64650e+03
-3.09495e+01 1.41100e+03
-3.08808e+01 1.39150e+03
-3.08120e+01 1.83100e+03
-3.07433e+01 1.85150e+03
-3.06747e+01 1.77800e+03
-3.06060e+01 1.71800e+03
-3.05374e+01 2.05450e+03
-3.04688e+01 2.46050e+03
-3.04002e+01 1.85500e+03
-3.03316e+01 1.67550e+03
-3.02630e+01 2.00500e+03
-3.01945e+01 1.52300e+03
-3.01260e+01 2.71250e+03
-3.00575e+01 1.55900e+03
-2.99891e+01 1.70250e+03
-2.99207e+01 2.11050e+03
-2.98522e+01 1.72000e+03
-2.97839e+01 1.86150e+03
-2.97155e+01 1.95600e+03
-2.96471e+01 1.68250e+03
-2.95788e+01 1.42200e+03
-2.95105e+01 1.52250e+03
-2.94423e+01 1.74450e+03
-2.93740e+01 9.72000e+02
-2.93058e+01 7.18000e+02
-2.92376e+01 1.22350e+03
-2.91694e+01 1.14300e+03
-2.91012e+01 1.18150e+03
-2.90331e+01 1.26100e+03
-2.89650e+01 1.43850e+03
-2.88969e+01 1.75500e+03
-2.88288e+01 1.22550e+03
-2.87608e+01 1.28950e+03
-2.86927e+01 1.59850e+03
-2.86247e+01 2.07250e+03
-2.85567e+01 2.25050e+03
-2.84888e+01 1.73050e+03
-2.84209e+01 2.04600e+03
-2.83529e+01 1.31450e+03
-2.82850e+01 1.15100e+03
-2.82172e+01 1.03000e+03
-2.81493e+01 1.81100e+03
-2.80815e+01 1.33600e+03
-2.80137e+01 1.16600e+03
-2.79459e+01 1.62450e+03
-2.78782e+01 9.81500e+02
-2.78104e+01 1.56150e+03
-2.77427e+01 1.25700e+03
-2.76751e+01 1.31650e+03
-2.76074e+01 1.17800e+03
-2.75397e+01 1.96900e+03
-2.74721e+01 1.60700e+03
-2.74045e+01 1.45750e+03
-2.73370e+01 6.62500e+02
-2.72694e+01 1.14250e+03
-2.72019e+01 1.96650e+03
-2.71344e+01 1.73550e+03
-2.70669e+01 1.71800e+03
-2.69994e+01 1.87900e+03
-2.69320e+01 1.82750e+03
-2.68646e+01 2.01450e+03
-2.67972e+01 1.50800e+03
-2.67298e+01 1.89600e+03
-2.66625e+01 1.51100e+03
-2.65951e+01 2.32250e+03
-2.65278e+01 2.65450e+03
-2.64605e+01 2.14450e+03
-2.63933e+01 2.09850e+03
-2.63261e+01 1.62300e+03
-2.62588e+01 2.12200e+03
-2.61917e+01 2.51200e+03
-2.61245e+01 1.83600e+03
-2.60573e+01 2.21100e+03
-2.59902e+01 2.44750e+03
-2.59231e+01 2.40800e+03
-2.58560e+01 2.41950e+03
-2.57890e+01 1.84500e+03
-2.57220e+01 1.94450e+03
-2.56549e+01 1.67050e+03
-2.55880e+01 1.15000e+03
-2.55210e+01 3.07200e+03
-2.54541e+01 2.28400e+03
-2.53871e+01 8.58500e+02
-2.53202e+01 1.69350e+03
-2.52534e+01 1.99550e+03
-2.51865e+01 1.34050e+03
-2.51197e+01 2.11000e+03
-2.50529e+01 2.13800e+03
-2.49861e+01 1.44250e+03
-2.49193e+01 2.32900e+03
-2.48526e+01 2.05950e+03
-2.47859e+01 1.94950e+03
-2.47192e+01 1.90750e+03
-2.46525e+01 2.30150e+03
-2.45859e+01 2.66200e+03
-2.45193e+01 2.74550e+03
-2.44527e+01 2.17750e+03
-2.43861e+01 2.90400e+03
-2.43195e+01 2.49750e+03
-2.42530e+01 2.48700e+03
-2.41865e+01 2.51950e+03
-2.41200e+01 2.12000e+03
-2.40535e+01 2.80500e+03
-2.39871e+01 3.20050e+03
-2.39206e+01 3.65000e+03
-2.38543e+01 3.87050e+03
-2.37879e+01 3.54400e+03
-2.37215e+01 3.20900e+03
-2.36552e+01 3.16500e+03
-2.35889e+01 4.08950e+03
-2.35226e+01 5.77300e+03
-2.34563e+01 4.94050e+03
-2.33901e+01 4.77900e+03
-2.33239e+01 5.20850e+03
-2.32577e+01 4.97500e+03
-2.31915e+01 4.62300e+03
-2.31254e+01 4.17050e+03
-2.30592e+01 4.93700e+03
-2.29931e+01 5.03850e+03
-2.29270e+01 4.73550e+03
-2.28610e+01 4.65150e+03
-2.27949e+01 4.76950e+03
-2.27289e+01 4.59000e+03
-2.26629e+01 4.95950e+03
-2.25970e+01 5.01150e+03
-2.25310e+01 4.90100e+03
-2.24651e+01 4.82500e+03
-2.23992e+01 4.74200e+03
-2.23333e+01 4.27150e+03
-2.22675e+01 4.70200e+03
-2.22016e+01 4.67850e+03
-2.21358e+01 4.34000e+03
-2.20700e+01 3.90800e+03
-2.20043e+01 5.25900e+03
-2.19385e+01 5.22400e+03
-2.18728e+01 3.52850e+03
-2.18071e+01 3.77250e+03
-2.17414e+01 4.28950e+03
-2.16758e+01 4.01800e+03
-2.16101e+01 4.48650e+03
-2.15445e+01 4.97350e+03
-2.14789e+01 4.23100e+03
-2.14134e+01 4.50050e+03
-2.13478e+01 4.62150e+03
-2.12823e+01 5.31500e+03
-2.12168e+01 4.47600e+03
-2.11514e+01 4.09850e+03
-2.10859e+01 3.97650e+03
-2.10205e+01 4.22850e+03
-2.09551e+01 3.76200e+03
-2.08897e+01 4.01050e+03
-2.08243e+01 3.94050e+03
-2.07590e+01 3.53500e+03
-2.06937e+01 3.96750e+03
-2.06284e+01 3.53150e+03
-2.05631e+01 3.86850e+03
-2.04979e+01 4.01700e+03
-2.04327e+01 4.10950e+03
-2.03675e+01 3.44600e+03
-2.03023e+01 3.72700e+03
-2.02371e+01 3.76250e+03
-2.01720e+01 3.04150e+03
-2.01069e+01 4.05750e+03
-2.00418e+01 4.48350e+03
-1.99767e+01 3.98100e+03
-1.99117e+01 3.71850e+03
-1.98467e+01 3.95700e+03
-1.97817e+01 3.66250e+03
-1.97167e+01 2.47250e+03
-1.96517e+01 4.34250e+03
-1.95868e+01 4.33750e+03
-1.95219e+01 3.81000e+03
-1.94570e+01 3.99650e+03
-1.93922e+01 3.75500e+03
-1.93273e+01 4.03650e+03
-1.92625e+01 3.68200e+03
-1.91977e+01 3.25650e+03
-1.91329e+01 3.63600e+03
-1.90682e+01 3.93000e+03
-1.90035e+01 4.45800e+03
-1.89388e+01 3.29900e+03
-1.88741e+01 3.17800e+03
-1.88094e+01 4.11750e+03
-1.87448e+01 3.21350e+03
-1.86802e+01 3.69500e+03
-1.86156e+01 2.85800e+03
-1.85510e+01 3.22450e+03
-1.84865e+01 3.53500e+03
-1.84219e+01 3.50700e+03
-1.83574e+01 3.12700e+03
-1.82930e+01 3.49850e+03
-1.82285e+01 3.49550e+03
-1.81641e+01 4.01550e+03
-1.80997e+01 3.32850e+03
-1.80353e+01 4.15300e+03
-1.79709e+01 3.98000e+03
-1.79066e+01 4.15450e+03
-1.78423e+01 4.06850e+03
-1.77780e+01 3.99050e+03
-1.77137e+01 3.64600e+03
-1.76494e+01 3.31300e+03
-1.75852e+01 3.66300e+03
-1.75210e+01 3.47350e+03
-1.74568e+01 3.65750e+03
-1.73926e+01 3.06300e+03
-1.73285e+01 3.23250e+03
-1.72644e+01 4.14300e+03
-1.72003e+01 2.78100e+03
-1.71362e+01 2.72100e+03
-1.70722e+01 3.34000e+03
-1.70082e+01 3.99300e+03
-1.69442e+01 3.94450e+03
-1.68802e+01 3.84600e+03
-1.68162e+01 3.79200e+03
-1.67523e+01 4.23050e+03
-1.66884e+01 4.32350e+03
-1.66245e+01 4.39350e+03
-1.65606e+01 3.66050e+03
-1.64968e+01 3.04850e+03
-1.64329e+01 3.77900e+03
-1.63691e+01 3.64600e+03
-1.63054e+01 3.79800e+03
-1.62416e+01 3.97350e+03
-1.61779e+01 3.26100e+03
-1.61142e+01 2.93550e+03
-1.60505e+01 3.05650e+03
-1.59868e+01 2.79850e+03
-1.59232e+01 3.48550e+03
-1.58596e+01 3.14150e+03
-1.57960e+01 3.53300e+03
-1.57324e+01 3.52750e+03
-1.56688e+01 3.28950e+03
-1.56053e+01 3.17550e+03
-1.55418e+01 3.02900e+03
-1.54783e+01 3.32500e+03
-1.54149e+01 4.62100e+03
-1.53514e+01 3.73350e+03
-1.52880e+01 3.33250e+03
-1.52246e+01 3.07700e+03
-1.51612e+01 3.78650e+03
-1.50979e+01 3.62850e+03
-1.50346e+01 3.38850e+03
-1.49713e+01 3.28500e+03
-1.49080e+01 3.70350e+03
-1.48447e+01 3.44600e+03
-1.47815e+01 3.69400e+03
-1.47183e+01 2.84700e+03
-1.46551e+01 2.90750e+03
-1.45919e+01 3.21400e+03
-1.45288e+01 3.62850e+03
-1.44657e+01 2.79350e+03
-1.44026e+01 2.59450e+03
-1.43395e+01 3.26150e+03
-1.42764e+01 2.92000e+03
-1.42134e+01 2.88150e+03
-1.41504e+01 2.60300e+03
-1.40874e+01 2.82050e+03
-1.40244e+01 3.12050e+03
-1.39615e+01 2.92400e+03
-1.38986e+01 2.75800e+03
-1.38357e+01 2.92450e+03
-1.37728e+01 3.12500e+03
-1.37100e+01 3.18650e+03
-1.36471e+01 3.45050e+03
-1.35843e+01 3.00100e+03
-1.35216e+01 4.03450e+03
-1.34588e+01 3.37050e+03
-1.33961e+01 2.72400e+03
-1.33333e+01 2.46550e+03
-1.32706e+01 3.52500e+03
-1.32080e+01 3.14900e+03
-1.31453e+01 3.68550e+03
-1.30827e+01 3.31500e+03
-1.30201e+01 2.90950e+03
-1.29575e+01 2.49650e+03
-1.28950e+01 3.14450e+03
-1.28324e+01 3.16800e+03
-1.27699e+01 2.81250e+03
-1.27074e+01 3.41650e+03
-1.26450e+01 3.36600e+03
-1.25825e+01 3.96200e+03
-1.25201e+01 2.92650e+03
-1.24577e+01 2.88950e+03
-1.23953e+01 3.08600e+03
-1.23330e+01 2.97550e+03
-1.22706e+01 3.06700e+03
-1.22083e+01 3.20150e+03
-1.21461e+01 3.43050e+03
-1.20838e+01 2.39050e+03
-1.20216e+01 2.90500e+03
-1.19593e+01 3.16650e+03
-1.18971e+01 2.74300e+03
-1.18350e+01 3.22700e+03
-1.17728e+01 2.79450e+03
-1.17107e+01 3.02200e+03
-1.16486e+01 3.44100e+03
-1.15865e+01 4.06350e+03
-1.15244e+01 3.32600e+03
-1.14624e+01 2.95150e+03
-1.14004e+01 2.85000e+03
-1.13384e+01 2.60800e+03
-1.12764e+01 2.29350e+03
-1.12145e+01 2.30300e+03
-1.11526e+01 2.89950e+03
-1.10907e+01 2.33150e+03
-1.10288e+01 3.47450e+03
-1.09669e+01 3.86500e+03
-1.09051e+01 2.54900e+03
-1.08433e+01 3.35750e+03
-1.07815e+01 2.81400e+03
-1.07197e+01 2.67500e+03
-1.06580e+01 2.52400e+03
-1.05963e+01 2.85750e+03
-1.05346e+01 2.70400e+03
-1.04729e+01 2.58550e+03
-1.04112e+01 2.94300e+03
-1.03496e+01 2.99500e+03
-1.02880e+01 2.71750e+03
-1.02264e+01 3.63400e+03
-1.01649e+01 3.00450e+03
-1.01033e+01 2.30200e+03
-1.00418e+01 2.47150e+03
-9.98031e+00 2.64950e+03
-9.91883e+00 2.74400e+03
-9.85739e+00 3.31500e+03
-9.79596e+00 2.25150e+03
-9.73456e+00 2.88400e+03
-9.67317e+00 2.70700e+03
-9.61181e+00 1.88300e+03
-9.55048e+00 2.72750e+03
-9.48917e+00 2.24500e+03
-9.42788e+00 2.45850e+03
-9.36661e+00 3.01550e+03
-9.30536e+00 2.43350e+03
-9.24414e+00 2.71850e+03
-9.18294e+00 2.90350e+03
-9.12176e+00 2.69450e+03
-9.06060e+00 2.66800e+03
-8.99947e+00 2.61350e+03
-8.93836e+00 2.79300e+03
-8.87727e+00 2.86700e+03
-8.81621e+00 2.69700e+03
-8.75517e+00 2.06100e+03
-8.69415e+00 2.44550e+03
-8.63315e+00 2.34300e+03
-8.57218e+00 3.20700e+03
-8.51122e+00 2.52350e+03
-8.45030e+00 2.70950e+03
-8.38939e+00 2.29800e+03
-8.32850e+00 3.19450e+03
-8.26764e+00 2.94700e+03
-8.20680e+00 3.55750e+03
-8.14599e+00 3.26350e+03
-8.08519e+00 2.35550e+03
-8.02442e+00 3.22250e+03
-7.96367e+00 2.53800e+03
-7.90295e+00 2.89800e+03
-7.84225e+00 2.94600e+03
-7.78156e+00 3.13000e+03
-7.72091e+00 2.38250e+03
-7.66027e+00 2.53750e+03
-7.59966e+00 2.32550e+03
-7.53907e+00 2.52750e+03
-7.47850e+00 2.57550e+03
-7.41796e+00 2.24150e+03
-7.35743e+00 1.63700e+03
-7.29693e+00 2.76900e+03
-7.23646e+00 2.68300e+03
-7.17600e+00 2.46300e+03
-7.11557e+00 2.55100e+03
-7.05516e+00 2.98350e+03
-6.99477e+00 2.50050e+03
-6.93441e+00 3.09900e+03
-6.87407e+00 2.86950e+03
-6.81375e+00 2.83200e+03
-6.75345e+00 3.24550e+03
-6.69318e+00 2.33400e+03
-6.63293e+00 2.32300e+03
-6.57270e+00 2.05900e+03
-6.51249e+00 2.49450e+03
-6.45231e+00 2.63900e+03
-6.39215e+00 2.49600e+03
-6.33201e+00 2.86150e+03
-6.27189e+00 2.94900e+03
-6.21180e+00 2.91150e+03
-6.15173e+00 2.46500e+03
-6.09168e+00 2.70150e+03
-6.03166e+00 2.78850e+03
-5.97166e+00 3.56050e+03
-5.91167e+00 2.98150e+03
-5.85172e+00 3.02750e+03
-5.79178e+00 3.06050e+03
-5.73187e+00 2.46350e+03
-5.67198e+00 2.59750e+03
-5.61211e+00 2.52800e+03
-5.55227e+00 2.56700e+03
-5.49245e+00 2.50650e+03
-5.43265e+00 3.31600e+03
-5.37287e+00 3.11300e+03
-5.31312e+00 2.78350e+03
-5.25339e+00 2.75650e+03
-5.19368e+00 3.80350e+03
-5.13399e+00 2.44100e+03
-5.07433e+00 3.23600e+03
-5.01469e+00 2.87050e+03
-4.95507e+00 3.22900e+03
-4.89547e+00 2.45900e+03
-4.83590e+00 2.49250e+03
-4.77635e+00 2.18200e+03
-4.71682e+00 2.43500e+03
-4.65731e+00 1.95350e+03
-4.59783e+00 2.50350e+03
-4.53837e+00 2.50050e+03
-4.47893e+00 2.65250e+03
-4.41952e+00 2.48200e+03
-4.36013e+00 2.89600e+03
-4.30076e+00 2.61550e+03
-4.24141e+00 2.87550e+03
-4.18209e+00 2.90500e+03
-4.12278e+00 3.56050e+03
-4.06350e+00 3.28650e+03
-4.00425e+00 3.76800e+03
-3.94501e+00 2.88300e+03
-3.88580e+00 3.00100e+03
-3.82661e+00 2.64300e+03
-3.76745e+00 2.44300e+03
-3.70830e+00 2.12850e+03
-3.64918e+00 3.01800e+03
-3.59008e+00 3.40150e+03
-3.53101e+00 3.06250e+03
-3.47195e+00 2.11350e+03
-3.41292e+00 2.91250e+03
-3.35392e+00 2.08250e+03
-3.29493e+00 2.33100e+03
-3.23597e+00 3.44750e+03
-3.17703e+00 3.29200e+03
-3.11811e+00 2.51450e+03
-3.05921e+00 2.37300e+03
-3.00034e+00 3.13550e+03
-2.94149e+00 3.16150e+03
-2.88266e+00 2.81000e+03
-2.82386e+00 2.43200e+03
-2.76508e+00 3.23150e+03
-2.70632e+00 3.37750e+03
-2.64758e+00 3.97850e+03
-2.58887e+00 3.66800e+03
-2.53017e+00 3.26200e+03
-2.47151e+00 3.06000e+03
-2.41286e+00 3.27150e+03
-2.35423e+00 2.94350e+03
-2.29563e+00 2.81900e+03
-2.23705e+00 2.17300e+03
-2.17850e+00 2.60450e+03
-2.11996e+00 2.89000e+03
-2.06145e+00 3.54100e+03
-2.00297e+00 3.48350e+03
-1.94450e+00 2.79100e+03
-1.88606e+00 2.40050e+03
-1.82764e+00 2.98100e+03
-1.76924e+00 2.32350e+03
-1.71086e+00 3.24950e+03
-1.65251e+00 3.60000e+03
-1.59418e+00 3.38600e+03
-1.53587e+00 2.95800e+03
-1.47759e+00 3.25150e+03
-1.41932e+00 2.96700e+03
-1.36109e+00 3.06900e+03
-1.30287e+00 3.12650e+03
-1.24467e+00 2.89550e+03
-1.18650e+00 3.20750e+03
-1.12835e+00 2.56600e+03
-1.07023e+00 2.82900e+03
-1.01212e+00 2.95750e+03
-9.54040e-01 2.83750e+03
-8.95981e-01 3.03050e+03
-8.37945e-01 3.92600e+03
-7.79931e-01 2.89650e+03
-7.21940e-01 2.61700e+03
-6.63972e-01 3.03900e+03
-6.06026e-01 2.89850e+03
-5.48102e-01 4.17250e+03
-4.90202e-01 5.71000e+03
-4.32324e-01 6.96750e+03
-3.74468e-01 7.71400e+03
-3.16635e-01 1.11675e+04
-2.58825e-01 1.62050e+04
-2.01037e-01 2.19615e+04
-1.43272e-01 3.47610e+04
-8.55300e-02 4.54570e+04
-2.78100e-02 5.27225e+04
2.98870e-02 5.66830e+04
8.75620e-02 4.73275e+04
1.45214e-01 3.54575e+04
2.02844e-01 1.95805e+04
2.60451e-01 1.19525e+04
3.18035e-01 1.00725e+04
3.75597e-01 8.67200e+03
4.33136e-01 9.70250e+03
4.90652e-01 1.14945e+04
5.48146e-01 1.39280e+04
6.05617e-01 1.73970e+04
6.63066e-01 1.60785e+04
7.20492e-01 1.90720e+04
7.77895e-01 2.28110e+04
8.35276e-01 2.61485e+04
8.92635e-01 2.65685e+04
9.49970e-01 3.13020e+04
1.00728e+00 3.67685e+04
1.06457e+00 3.74795e+04
1.12184e+00 3.42420e+04
1.17909e+00 3.33535e+04
1.23631e+00 3.13200e+04
1.29351e+00 3.06380e+04
1.35069e+00 3.30515e+04
1.40784e+00 3.33580e+04
1.46497e+00 3.34070e+04
1.52208e+00 3.66725e+04
1.57917e+00 3.99320e+04
1.63624e+00 4.24040e+04
1.69328e+00 4.24265e+04
1.75030e+00 4.15275e+04
1.80729e+00 4.46395e+04
1.86427e+00 4.23045e+04
1.92122e+00 4.37010e+04
1.97815e+00 4.23475e+04
2.03505e+00 4.48735e+04
2.09194e+00 4.27950e+04
2.14880e+00 4.19590e+04
2.20564e+00 4.00980e+04
2.26245e+00 4.00110e+04
2.31925e+00 3.83900e+04
2.37602e+00 3.38155e+04
2.43276e+00 3.42455e+04
2.48949e+00 3.62120e+04
2.54619e+00 3.68525e+04
2.60287e+00 3.81005e+04
2.65953e+00 3.92555e+04
2.71617e+00 4.07280e+04
2.77278e+00 3.93310e+04
2.82937e+00 4.10505e+04
2.88593e+00 4.27930e+04
2.94248e+00 4.22785e+04
2.99900e+00 4.48190e+04
3.05550e+00 4.42350e+04
3.11198e+00 4.56100e+04
3.16843e+00 4.41430e+04
3.22486e+00 4.77695e+04
3.28127e+00 4.69170e+04
3.33766e+00 4.67440e+04
3.39402e+00 4.79415e+04
3.45036e+00 4.95840e+04
3.50668e+00 5.37825e+04
3.56298e+00 5.54750e+04
3.61925e+00 5.60460e+04
3.67550e+00 6.14985e+04
3.73173e+00 6.04930e+04
3.78794e+00 5.92200e+04
3.84412e+00 6.18585e+04
3.90028e+00 6.69730e+04
3.95642e+00 7.20230e+04
4.01253e+00 7.11775e+04
4.06863e+00 7.08845e+04
4.12470e+00 7.51690e+04
4.18074e+00 7.68760e+04
4.23677e+00 8.17665e+04
4.29277e+00 8.04975e+04
4.34875e+00 7.95595e+04
4.40471e+00 7.92720e+04
4.46064e+00 8.39330e+04
4.51655e+00 7.65460e+04
4.57244e+00 7.13735e+04
4.62831e+00 7.23315e+04
4.68415e+00 7.25925e+04
4.73997e+00 6.97840e+04
4.79577e+00 6.67470e+04
4.85155e+00 6.47800e+04
4.90730e+00 6.61240e+04
4.96303e+00 6.69700e+04
5.01874e+00 6.28825e+04
5.07443e+00 6.20440e+04
5.13009e+00 6.21300e+04
5.18573e+00 6.00080e+04
5.24135e+00 5.57925e+04
5.29695e+00 5.38770e+04
5.35252e+00 5.13065e+04
5.40807e+00 5.30590e+04
5.46359e+00 5.60600e+04
5.51910e+00 4.93280e+04
5.57458e+00 4.55090e+04
5.63004e+00 4.68315e+04
5.68548e+00 4.85755e+04
5.74089e+00 4.45825e+04
5.79629e+00 4.39255e+04
5.85166e+00 4.46590e+04
5.90700e+00 4.51685e+04
5.96233e+00 4.03035e+04
6.01763e+00 3.74365e+04
6.07291e+00 3.84545e+04
6.12816e+00 3.92455e+04
6.18340e+00 3.37945e+04
6.23861e+00 3.25955e+04
6.29380e+00 3.16590e+04
6.34896e+00 3.31360e+04
6.40411e+00 2.97915e+04
6.45923e+00 2.57125e+04
6.51433e+00 2.78000e+04
6.56940e+00 2.59510e+04
6.62445e+00 2.55130e+04
6.67948e+00 2.57435e+04
6.73449e+00 2.46970e+04
6.78948e+00 2.25655e+04
6.84444e+00 2.50885e+04
6.89938e+00 2.76890e+04
6.95430e+00 2.34965e+04
7.00919e+00 2.00205e+04
7.06406e+00 1.99550e+04
7.11891e+00 1.97945e+04
7.17374e+00 2.27430e+04
7.22854e+00 2.41150e+04
7.28333e+00 2.35990e+04
7.33809e+00 2.15135e+04
7.39282e+00 1.96010e+04
7.44754e+00 2.00400e+04
7.50223e+00 2.09865e+04
7.55689e+00 2.01905e+04
7.61154e+00 1.70585e+04
7.66617e+00 2.04550e+04
7.72077e+00 1.77070e+04
7.77534e+00 1.51695e+04
7.82990e+00 1.64770e+04
7.88443e+00 1.59315e+04
7.93894e+00 1.60435e+04
7.99343e+00 1.74385e+04
8.04790e+00 1.62790e+04
8.10234e+00 1.44225e+04
8.15676e+00 1.52090e+04
8.21116e+00 1.42500e+04
8.26553e+00 1.54260e+04
8.31988e+00 1.49705e+04
8.37421e+00 1.41475e+04
8.42852e+00 1.42955e+04
8.48281e+00 1.50785e+04
8.53707e+00 1.40545e+04
8.59131e+00 1.41205e+04
8.64552e+00 1.48240e+04
8.69972e+00 1.32380e+04
8.75389e+00 1.25930e+04
8.80804e+00 1.20045e+04
8.86216e+00 1.09580e+04
8.91627e+00 1.14360e+04
8.97035e+00 1.09125e+04
9.02441e+00 1.25245e+04
9.07844e+00 1.18300e+04
9.13246e+00 1.11930e+04
9.18645e+00 9.96750e+03
9.24042e+00 9.37100e+03
9.29436e+00 9.53050e+03
9.34828e+00 9.91050e+03
9.40218e+00 1.04920e+04
9.45606e+00 9.14750e+03
9.50992e+00 8.36150e+03
9.56375e+00 7.63750e+03
9.61756e+00 8.48400e+03
9.67135e+00 8.33050e+03
9.72511e+00 8.43450e+03
9.77885e+00 9.40450e+03
9.83257e+00 8.34200e+03
9.88627e+00 7.46650e+03
9.93994e+00 8.19300e+03
9.99360e+00 8.85350e+03
1.00472e+01 8.14900e+03
1.01008e+01 7.76000e+03
1.01544e+01 8.44550e+03
1.02080e+01 7.21100e+03
1.02615e+01 7.92900e+03
1.03150e+01 7.41550e+03
1.03685e+01 8.69000e+03
1.04220e+01 8.25000e+03
1.04754e+01 7.45750e+03
1.05289e+01 6.49050e+03
1.05823e+01 7.54100e+03
1.06357e+01 7.31550e+03
1.06890e+01 7.59450e+03
1.07423e+01 7.68750e+03
1.07957e+01 7.29600e+03
1.08489e+01 7.83100e+03
1.09022e+01 7.55900e+03
1.09555e+01 5.83000e+03
1.10087e+01 5.50350e+03
1.10619e+01 6.34150e+03
1.11151e+01 6.96950e+03
1.11682e+01 7.31450e+03
1.12213e+01 5.69450e+03
1.12745e+01 6.10250e+03
1.13275e+01 7.93900e+03
1.13806e+01 6.57700e+03
1.14336e+01 6.10250e+03
1.14867e+01 6.69400e+03
1.15397e+01 5.79900e+03
1.15926e+01 5.91750e+03
1.16456e+01 6.69750e+03
1.16985e+01 6.69800e+03
1.17514e+01 5.70200e+03
1.18043e+01 6.04950e+03
1.18572e+01 6.19600e+03
1.19100e+01 7.01600e+03
1.19628e+01 6.12450e+03
1.20156e+01 6.26150e+03
1.20684e+01 6.82950e+03
1.21211e+01 6.83200e+03
1.21739e+01 6.49300e+03
1.22266e+01 7.04200e+03
1.22792e+01 5.75750e+03
1.23319e+01 5.95250e+03
1.23845e+01 7.49400e+03
1.24371e+01 7.29050e+03
1.24897e+01 5.68100e+03
1.25423e+01 4.58500e+03
1.25948e+01 5.07250e+03
1.26474e+01 4.83100e+03
1.26999e+01 4.57850e+03
1.27523e+01 5.78500e+03
1.28048e+01 5.77050e+03
1.28572e+01 5.61100e+03
1.29096e+01 5.65400e+03
1.29620e+01 5.95950e+03
1.30144e+01 6.78950e+03
1.30667e+01 6.52800e+03
1.31190e+01 5.23950e+03
1.31713e+01 5.35350e+03
1.32236e+01 4.51400e+03
1.32759e+01 5.63350e+03
1.33281e+01 6.80100e+03
1.33803e+01 6.37200e+03
1.34325e+01 6.23200e+03
1.34846e+01 5.71300e+03
1.35368e+01 6.75750e+03
1.35889e+01 6.66650e+03
1.36410e+01 6.44200e+03
1.36930e+01 6.53750e+03
1.37451e+01 6.39900e+03
1.37971e+01 6.28600e+03
1.38491e+01 6.53450e+03
1.39011e+01 7.00800e+03
1.39531e+01 7.56500e+03
1.40050e+01 8.11500e+03
1.40569e+01 7.84700e+03
1.41088e+01 7.85250e+03
1.41607e+01 7.39950e+03
1.42125e+01 7.10350e+03
1.42643e+01 6.45100e+03
1.43161e+01 6.37500e+03
1.43679e+01 7.54450e+03
1.44196e+01 8.09150e+03
1.44714e+01 8.43550e+03
1.45231e+01 9.07250e+03
1.45748e+01 8.83250e+03
1.46264e+01 8.78100e+03
1.46781e+01 7.01250e+03
1.47297e+01 7.61200e+03
1.47813e+01 7.82950e+03
1.48329e+01 8.82300e+03
1.48844e+01 8.03100e+03
1.49359e+01 8.87900e+03
1.49874e+01 8.70050e+03
1.50389e+01 8.98700e+03
1.50904e+01 1.00270e+04
1.51418e+01 1.13320e+04
1.51932e+01 9.81550e+03
1.52446e+01 8.82700e+03
1.52960e+01 9.73200e+03
1.53473e+01 1.16605e+04
1.53987e+01 1.11075e+04
1.54500e+01 9.74650e+03
1.55012e+01 8.69400e+03
1.55525e+01 7.97500e+03
1.56037e+01 1.01260e+04
1.56549e+01 9.43950e+03
1.57061e+01 1.02330e+04
1.57573e+01 1.11990e+04
1.58084e+01 1.14310e+04
1.58596e+01 1.23090e+04
1.59107e+01 1.44620e+04
1.59617e+01 1.46015e+04
1.60128e+01 1.22255e+04
1.60638e+01 1.00410e+04
1.61148e+01 1.22695e+04
1.61658e+01 1.27170e+04
1.62168e+01 1.44850e+04
1.62677e+01 1.63770e+04
1.63186e+01 1.84995e+04
1.63695e+01 1.60845e+04
1.64204e+01 1.49355e+04
1.64712e+01 1.55820e+04
1.65221e+01 1.65610e+04
1.65729e+01 1.64815e+04
1.66237e+01 1.74690e+04
1.66744e+01 1.71010e+04
1.67251e+01 1.68165e+04
1.67759e+01 1.78260e+04
1.68266e+01 1.83075e+04
1.68772e+01 1.54310e+04
1.69279e+01 1.55175e+04
1.69785e+01 1.73040e+04
1.70291e+01 1.88180e+04
1.70797e+01 1.98815e+04
1.71302e+01 2.09030e+04
1.71808e+01 2.08040e+04
1.72313e+01 2.16945e+04
1.72818e+01 2.21345e+04
1.73322e+01 2.34030e+04
1.73827e+01 2.20745e+04
1.74331e+01 2.25640e+04
1.74835e+01 2.37920e+04
1.75339e+01 2.43650e+04
1.75842e+01 2.60910e+04
1.76345e+01 2.52270e+04
1.76848e+01 2.94240e+04
1.77351e+01 3.11740e+04
1.77854e+01 2.82240e+04
1.78356e+01 3.03220e+04
1.78858e+01 3.24235e+04
1.79360e+01 3.14745e+04
1.79862e+01 3.62125e+04
1.80364e+01 3.65050e+04
1.80865e+01 3.73380e+04
1.81366e+01 3.97220e+04
1.81867e+01 4.17965e+04
1.82367e+01 4.12930e+04
1.82868e+01 4.09650e+04
1.83368e+01 4.18910e+04
1.83868e+01 4.28335e+04
1.84367e+01 4.49270e+04
1.84867e+01 4.35355e+04
1.85366e+01 4.33840e+04
1.85865e+01 4.40490e+04
1.86364e+01 4.31055e+04
1.86862e+01 4.88860e+04
1.87361e+01 4.88640e+04
1.87859e+01 5.08920e+04
1.88357e+01 5.21535e+04
1.88854e+01 5.16520e+04
1.89352e+01 5.40485e+04
1.89849e+01 5.23970e+04
1.90346e+01 5.67195e+04
1.90843e+01 5.76595e+04
1.91339e+01 5.59800e+04
1.91835e+01 5.74915e+04
1.92331e+01 6.00555e+04
1.92827e+01 6.02745e+04
1.93323e+01 6.13455e+04
1.93818e+01 6.62455e+04
1.94313e+01 7.15575e+04
1.94808e+01 7.60525e+04
1.95303e+01 7.41920e+04
1.95797e+01 7.86545e+04
1.96292e+01 7.67255e+04
1.96786e+01 8.04440e+04
1.97280e+01 8.46825e+04
1.97773e+01 8.39640e+04
1.98266e+01 8.66370e+04
1.98760e+01 8.81280e+04
1.99252e+01 9.55355e+04
1.99745e+01 1.03070e+05
2.00238e+01 1.09342e+05
2.00730e+01 1.17744e+05
2.01222e+01 1.18339e+05
2.01714e+01 1.21940e+05
2.02205e+01 1.26790e+05
2.02696e+01 1.34424e+05
2.03188e+01 1.36422e+05
2.03678e+01 1.44314e+05
2.04169e+01 1.48985e+05
2.04659e+01 1.53158e+05
2.05150e+01 1.64857e+05
2.05640e+01 1.71194e+05
2.06129e+01 1.82664e+05
2.06619e+01 1.82064e+05
2.07108e+01 1.86317e+05
2.07597e+01 1.98361e+05
2.08086e+01 2.02442e+05
2.08575e+01 1.99028e+05
2.09063e+01 1.92899e+05
2.09551e+01 1.87574e+05
2.10039e+01 1.83974e+05
2.10527e+01 1.73712e+05
2.11014e+01 1.69043e+05
2.11501e+01 1.59034e+05
2.11988e+01 1.57242e+05
2.12475e+01 1.42340e+05
2.12962e+01 1.38656e+05
2.13448e+01 1.32486e+05
2.13934e+01 1.23031e+05
2.14420e+01 1.11545e+05
2.14906e+01 1.03506e+05
2.15391e+01 9.50385e+04
2.15876e+01 8.75905e+04
2.16361e+01 7.42920e+04
2.16846e+01 7.23630e+04
2.17331e+01 6.63160e+04
2.17815e+01 6.22975e+04
2.18299e+01 6.10155e+04
2.18783e+01 5.65735e+04
2.19267e+01 5.35555e+04
2.19750e+01 4.68265e+04
2.20233e+01 4.80500e+04
2.20716e+01 4.52530e+04
2.21199e+01 4.31745e+04
2.21681e+01 4.73125e+04
2.22164e+01 4.37075e+04
2.22646e+01 4.07660e+04
2.23128e+01 4.11190e+04
2.23609e+01 4.10555e+04
2.24091e+01 4.13860e+04
2.24572e+01 4.54345e+04
2.25053e+01 4.75030e+04
2.25533e+01 4.64180e+04
2.26014e+01 4.34385e+04
2.26494e+01 4.55155e+04
2.26974e+01 4.73600e+04
2.27454e+01 4.93310e+04
2.27933e+01 4.83110e+04
2.28413e+01 4.73895e+04
2.28892e+01 5.00110e+04
2.29371e+01 5.03920e+04
2.29849e+01 5.25555e+04
2.30328e+01 5.01585e+04
2.30806e+01 5.19325e+04
2.31284e+01 5.24845e+04
2.31762e+01 5.56305e+04
2.32239e+01 5.50685e+04
2.32717e+01 5.33685e+04
2.33194e+01 5.28675e+04
2.33670e+01 5.45490e+04
2.34147e+01 5.54255e+04
2.34623e+01 5.61310e+04
2.35100e+01 5.67230e+04
2.35576e+01 5.70285e+04
2.36051e+01 5.79970e+04
2.36527e+01 5.88855e+04
2.37002e+01 5.82215e+04
2.37477e+01 5.79500e+04
2.37952e+01 5.28320e+04
2.38427e+01 5.26365e+04
2.38901e+01 5.60885e+04
2.39375e+01 5.76655e+04
2.39849e+01 5.97665e+04
2.40323e+01 6.06585e+04
2.40796e+01 5.76255e+04
2.41269e+01 5.67225e+04
2.41742e+01 6.01620e+04
2.42215e+01 5.77270e+04
2.42688e+01 5.89540e+04
2.43160e+01 6.10785e+04
2.43632e+01 5.92465e+04
2.44104e+01 5.82270e+04
2.44576e+01 5.37275e+04
2.45047e+01 5.53720e+04
2.45518e+01 5.43480e+04
2.45989e+01 5.64715e+04
2.46460e+01 5.22545e+04
2.46930e+01 5.09200e+04
2.47401e+01 5.07195e+04
2.47871e+01 5.16860e+04
2.48341e+01 5.70665e+04
2.48810e+01 5.51290e+04
2.49280e+01 5.30710e+04
2.49749e+01 5.39515e+04
2.50218e+01 5.43975e+04
2.50687e+01 5.49230e+04
2.51155e+01 5.06640e+04
2.51623e+01 5.20935e+04
2.52091e+01 5.12780e+04
2.52559e+01 5.20195e+04
2.53027e+01 5.21765e+04
2.53494e+01 5.00650e+04
2.53961e+01 4.67475e+04
2.54428e+01 4.52565e+04
2.54895e+01 4.68255e+04
2.55361e+01 4.67420e+04
2.55827e+01 4.70465e+04
2.56293e+01 5.03745e+04
2.56759e+01 4.65040e+04
2.57225e+01 4.55880e+04
2.57690e+01 4.68900e+04
2.58155e+01 4.15735e+04
2.58620e+01 3.98665e+04
2.59085e+01 4.01575e+04
2.59549e+01 4.13005e+04
2.60013e+01 3.92190e+04
2.60477e+01 3.96535e+04
2.60941e+01 3.67545e+04
2.61405e+01 3.53415e+04
2.61868e+01 3.90700e+04
2.62331e+01 3.71490e+04
2.62794e+01 3.63445e+04
2.63256e+01 3.37210e+04
2.63719e+01 3.56795e+04
2.64181e+01 3.85270e+04
2.64643e+01 3.53505e+04
2.65104e+01 3.07865e+04
2.65566e+01 2.70025e+04
2.66027e+01 2.94575e+04
2.66488e+01 3.25100e+04
2.66949e+01 3.03990e+04
2.67410e+01 2.56995e+04
2.67870e+01 2.72290e+04
2.68330e+01 2.66645e+04
2.68790e+01 2.39245e+04
2.69250e+01 2.48315e+04
2.69709e+01 2.48010e+04
2.70168e+01 2.58945e+04
2.70627e+01 2.54765e+04
2.71086e+01 2.35860e+04
2.71545e+01 1.99035e+04
2.72003e+01 1.94350e+04
2.72461e+01 2.07700e+04
2.72919e+01 1.88435e+04
2.73377e+01 1.82670e+04
2.73834e+01 2.03285e+04
2.74291e+01 2.16455e+04
2.74748e+01 1.97705e+04
2.75205e+01 1.99220e+04
2.75661e+01 1.81090e+04
2.76118e+01 1.61760e+04
2.76574e+01 1.49720e+04
2.77030e+01 1.35310e+04
2.77485e+01 1.57080e+04
2.77941e+01 1.71420e+04
2.78396e+01 1.54025e+04
2.78851e+01 1.51930e+04
2.79305e+01 1.52055e+04
2.79760e+01 1.41300e+04
2.80214e+01 1.23170e+04
2.80668e+01 1.38250e+04
2.81122e+01 1.46645e+04
2.81575e+01 1.35185e+04
2.82029e+01 1.19070e+04
2.82482e+01 1.17405e+04
2.82935e+01 1.30180e+04
2.83387e+01 1.44305e+04
2.83840e+01 1.36565e+04
2.84292e+01 1.26030e+04
2.84744e+01 1.25780e+04
2.85196e+01 1.19440e+04
2.85647e+01 1.13840e+04
2.86099e+01 1.11065e+04
2.86550e+01 1.00980e+04
2.87001e+01 1.12555e+04
2.87451e+01 1.07320e+04
2.87902e+01 1.10220e+04
2.88352e+01 1.15795e+04
2.88802e+01 1.10885e+04
2.89252e+01 9.88050e+03
2.89701e+01 1.01605e+04
2.90150e+01 1.00910e+04
2.90599e+01 8.66400e+03
2.91048e+01 8.86050e+03
2.91497e+01 1.05780e+04
2.91945e+01 1.05160e+04
2.92393e+01 1.08275e+04
2.92841e+01 8.93350e+03
2.93289e+01 9.53650e+03
2.93736e+01 8.57600e+03
2.94184e+01 9.39500e+03
2.94631e+01 1.00125e+04
2.95077e+01 1.07650e+04
2.95524e+01 1.11610e+04
2.95970e+01 9.86650e+03
2.96416e+01 7.42600e+03
2.96862e+01 5.61450e+03
2.97308e+01 7.64800e+03
2.97753e+01 8.24450e+03
2.98199e+01 7.10800e+03
2.98644e+01 6.57600e+03
2.99088e+01 8.23350e+03
2.99533e+01 8.87500e+03
2.99977e+01 6.34950e+03
3.00421e+01 6.60100e+03
3.00865e+01 7.20300e+03
3.01309e+01 6.62550e+03
3.01752e+01 5.93850e+03
3.02195e+01 5.76950e+03
3.02638e+01 6.25300e+03
3.03081e+01 5.73950e+03
3.03523e+01 7.19550e+03
3.03966e+01 7.59050e+03
3.04408e+01 6.55950e+03
3.04850e+01 6.19100e+03
3.05291e+01 5.95800e+03
3.05733e+01 5.43850e+03
3.06174e+01 5.25100e+03
3.06615e+01 4.99250e+03
3.07055e+01 5.34900e+03
3.07496e+01 5.63850e+03
3.07936e+01 6.35150e+03
3.08376e+01 6.67950e+03
3.08816e+01 6.58900e+03
3.09255e+01 6.12550e+03
3.09695e+01 6.28900e+03
3.10134e+01 6.74150e+03
3.10573e+01 6.89600e+03
3.11011e+01 7.37900e+03
3.11450e+01 5.55600e+03
3.11888e+01 5.75350e+03
3.12326e+01 5.40750e+03
3.12764e+01 5.53100e+03
3.13201e+01 5.09750e+03
3.13638e+01 5.83800e+03
3.14076e+01 5.54700e+03
3.14512e+01 5.63100e+03
3.14949e+01 6.13850e+03
3.15385e+01 5.64350e+03
3.15822e+01 5.68250e+03
3.16258e+01 5.32600e+03
3.16693e+01 5.15400e+03
3.17129e+01 6.11000e+03
3.17564e+01 5.23750e+03
3.17999e+01 5.39250e+03
3.18434e+01 5.41750e+03
3.18868e+01 5.37800e+03
3.19303e+01 5.56050e+03
3.19737e+01 4.97650e+03
3.20171e+01 5.17300e+03
3.20605e+01 5.13050e+03
3.21038e+01 5.81450e+03
3.21471e+01 5.30350e+03
3.21904e+01 5.78250e+03
3.22337e+01 7.09350e+03
3.22770e+01 6.46200e+03
3.23202e+01 6.56250e+03
3.23634e+01 6.30650e+03
3.24066e+01 5.02550e+03
3.24497e+01 5.58250e+03
3.24929e+01 5.59100e+03
3.25360e+01 4.69050e+03
3.25791e+01 4.51500e+03
3.26222e+01 4.16200e+03
3.26652e+01 3.54950e+03
3.27083e+01 3.64250e+03
3.27513e+01 4.69700e+03
3.27943e+01 4.01250e+03
3.28372e+01 4.83100e+03
3.28802e+01 4.66150e+03
3.29231e+01 4.05200e+03
3.29660e+01 5.46800e+03
3.30088e+01 5.21100e+03
3.30517e+01 4.66050e+03
3.30945e+01 4.30350e+03
3.31373e+01 5.25700e+03
3.31801e+01 4.75300e+03
3.32228e+01 4.66850e+03
3.32656e+01 3.71000e+03
3.33083e+01 4.34850e+03
3.33510e+01 3.93800e+03
3.33937e+01 3.47000e+03
3.34363e+01 3.93350e+03
3.34789e+01 4.98200e+03
3.35215e+01 4.64150e+03
3.35641e+01 4.77550e+03
3.36067e+01 4.18700e+03
3.36492e+01 3.97850e+03
3.36917e+01 3.43450e+03
3.37342e+01 4.10250e+03
3.37766e+01 4.09700e+03
3.38191e+01 4.46000e+03
3.38615e+01 5.38700e+03
3.39039e+01 4.69700e+03
3.39463e+01 4.15800e+03
3.39886e+01 4.10850e+03
3.40310e+01 5.46850e+03
3.40733e+01 4.20900e+03
3.41155e+01 4.61350e+03
3.41578e+01 5.33750e+03
3.42000e+01 5.36800e+03
3.42423e+01 4.14250e+03
3.42844e+01 4.20250e+03
3.43266e+01 4.67400e+03
3.43688e+01 4.14750e+03
3.44109e+01 4.54850e+03
3.44530e+01 4.88300e+03
3.44951e+01 4.69950e+03
3.45371e+01 3.95950e+03
3.45792e+01 3.94900e+03
3.46212e+01 4.57700e+03
3.46632e+01 3.96650e+03
3.47051e+01 4.46900e+03
3.47471e+01 5.12550e+03
3.47890e+01 5.66900e+03
3.48309e+01 3.57550e+03
3.48728e+01 3.68650e+03
3.49146e+01 4.32100e+03
3.49565e+01 5.07650e+03
3.49983e+01 4.47850e+03
3.50401e+01 4.42200e+03
3.50818e+01 4.19350e+03
3.51236e+01 4.07400e+03
3.51653e+01 4.40150e+03
3.52070e+01 4.61300e+03
3.52486e+01 5.01050e+03
3.52903e+01 3.98900e+03
3.53319e+01 4.00600e+03
3.53735e+01 5.10050e+03
3.54151e+01 5.49100e+03
3.54567e+01 5.26900e+03
3.54982e+01 4.53900e+03
3.55397e+01 5.18200e+03
3.55812e+01 5.35000e+03
3.56227e+01 4.97700e+03
3.56641e+01 5.84900e+03
3.57056e+01 4.58650e+03
3.57470e+01 4.95900e+03
3.57883e+01 4.60350e+03
3.58297e+01 4.89250e+03
3.58710e+01 4.44150e+03
3.59123e+01 5.02350e+03
3.59536e+01 3.87750e+03
3.59949e+01 3.50250e+03
3.60361e+01 5.21750e+03
3.60774e+01 6.43600e+03
3.61186e+01 5.03450e+03
3.61597e+01 5.17450e+03
3.62009e+01 6.02700e+03
3.62420e+01 5.95750e+03
3.62831e+01 6.15650e+03
3.63242e+01 4.79650e+03
3.63653e+01 4.19100e+03
3.64063e+01 4.40750e+03
3.64473e+01 4.50250e+03
3.64883e+01 5.73100e+03
3.65293e+01 5.99100e+03
3.65702e+01 5.80950e+03
3.66112e+01 5.00900e+03
3.66521e+01 4.56450e+03
3.66930e+01 4.05550e+03
3.67338e+01 3.76950e+03
3.67747e+01 3.93900e+03
3.68155e+01 5.03650e+03
3.68563e+01 5.15150e+03
3.68970e+01 5.16600e+03
3.69378e+01 4.25000e+03
3.69785e+01 4.63200e+03
3.70192e+01 4.59750e+03
3.70599e+01 4.43600e+03
3.71005e+01 5.05500e+03
3.71412e+01 6.74900e+03
3.71818e+01 8.45300e+03
3.72224e+01 5.60850e+03
3.72629e+01 6.13550e+03
3.73035e+01 5.96100e+03
3.73440e+01 6.47100e+03
3.73845e+01 6.48900e+03
3.74250e+01 7.89600e+03
3.74654e+01 6.68800e+03
3.75059e+01 7.02000e+03
3.75463e+01 7.77750e+03
3.75866e+01 7.75900e+03
3.76270e+01 6.83550e+03
3.76673e+01 6.73650e+03
3.77077e+01 6.29200e+03
3.77480e+01 5.09800e+03
3.77882e+01 6.07900e+03
3.78285e+01 7.24250e+03
3.78687e+01 7.87600e+03
3.79089e+01 7.91350e+03
3.79491e+01 6.60350e+03
3.79893e+01 7.42800e+03
3.80294e+01 7.80650e+03
3.80695e+01 8.42350e+03
3.81096e+01 7.35200e+03
3.81497e+01 7.59350e+03
3.81897e+01 7.49100e+03
3.82297e+01 7.21450e+03
3.82697e+01 7.61100e+03
3.83097e+01 9.70100e+03
3.83497e+01 9.16300e+03
3.83896e+01 8.91550e+03
3.84295e+01 8.97550e+03
3.84694e+01 8.06800e+03
3.85093e+01 9.00500e+03
3.85491e+01 8.45300e+03
3.85889e+01 7.85050e+03
3.86287e+01 7.52850e+03
3.86685e+01 7.36100e+03
3.87082e+01 8.97850e+03
3.87480e+01 8.82800e+03
3.87877e+01 8.39000e+03
3.88274e+01 9.13800e+03
3.88670e+01 9.08850e+03
3.89067e+01 9.06100e+03
3.89463e+01 7.38750e+03
3.89859e+01 7.23800e+03
3.90254e+01 7.42800e+03
3.90650e+01 6.16600e+03
3.91045e+01 5.26850e+03
3.91440e+01 6.22850e+03
3.91835e+01 7.97150e+03
3.92230e+01 6.98150e+03
3.92624e+01 6.37500e+03
3.93018e+01 6.77950e+03
3.93412e+01 6.56400e+03
3.93806e+01 7.09450e+03
3.94199e+01 8.21050e+03
3.94592e+01 7.21850e+03
3.94985e+01 7.08700e+03
3.95378e+01 6.16900e+03
3.95771e+01 6.33600e+03
3.96163e+01 9.12850e+03
3.96555e+01 7.78250e+03
3.96947e+01 6.79600e+03
3.97339e+01 5.96450e+03
3.97730e+01 6.25400e+03
3.98121e+01 6.24550e+03
3.98512e+01 7.14950e+03
3.98903e+01 8.01900e+03
3.99293e+01 7.53350e+03
3.99684e+01 7.93450e+03
4.00074e+01 6.61850e+03
4.00464e+01 6.63950e+03
4.00853e+01 7.19350e+03
4.01243e+01 6.47250e+03
4.01632e+01 6.64450e+03
4.02021e+01 7.40700e+03
4.02409e+01 6.92950e+03
4.02798e+01 6.55400e+03
4.03186e+01 7.49600e+03
4.03574e+01 7.76700e+03
4.03962e+01 6.98950e+03
4.04350e+01 7.81050e+03
4.04737e+01 7.04400e+03
4.05124e+01 6.48750e+03
4.05511e+01 7.08700e+03
4.05898e+01 7.18050e+03
4.06284e+01 6.33550e+03
4.06670e+01 6.73850e+03
4.07056e+01 7.39300e+03
4.07442e+01 8.93400e+03
4.07828e+01 7.54500e+03
4.08213e+01 7.09200e+03
4.08598e+01 5.66850e+03
4.08983e+01 5.46600e+03
4.09367e+01 5.96800e+03
4.09752e+01 5.89600e+03
4.10136e+01 7.43900e+03
4.10520e+01 7.34400e+03
4.10904e+01 7.14300e+03
4.11287e+01 7.65350e+03
4.11671e+01 6.97400e+03
4.12054e+01 6.91150e+03
4.12436e+01 8.02100e+03
4.12819e+01 8.37500e+03
4.13201e+01 6.51400e+03
4.13584e+01 6.20650e+03
4.13965e+01 6.30800e+03
4.14347e+01 5.55700e+03
4.14729e+01 7.42300e+03
4.15110e+01 5.92950e+03
4.15491e+01 5.93950e+03
4.15872e+01 6.18000e+03
4.16252e+01 6.26300e+03
4.16633e+01 6.36200e+03
4.17013e+01 7.67100e+03
4.17393e+01 7.03750e+03
4.17772e+01 4.90900e+03
4.18152e+01 5.59200e+03
4.18531e+01 6.41100e+03
4.18910e+01 4.84500e+03
4.19289e+01 6.24350e+03
4.19667e+01 6.21150e+03
4.20046e+01 6.17800e+03
4.20424e+01 5.96450e+03
4.20801e+01 5.88250e+03
4.21179e+01 5.16200e+03
4.21556e+01 5.80800e+03
4.21934e+01 4.80350e+03
4.22311e+01 4.27750e+03
4.22687e+01 5.01500e+03
4.23064e+01 5.23400e+03
4.23440e+01 5.22650e+03
4.23816e+01 6.14950e+03
4.24192e+01 5.15150e+03
4.24568e+01 4.54700e+03
4.24943e+01 4.96250e+03
4.25318e+01 6.07000e+03
4.25693e+01 6.63500e+03
4.26068e+01 4.96100e+03
4.26442e+01 5.53700e+03
4.26816e+01 5.47650e+03
4.27190e+01 6.57650e+03
4.27564e+01 5.60550e+03
4.27938e+01 5.55950e+03
4.28311e+01 5.25650e+03
4.28684e+01 4.98250e+03
4.29057e+01 4.08400e+03
4.29430e+01 5.32750e+03
4.29802e+01 4.75900e+03
4.30174e+01 4.19100e+03
4.30546e+01 4.73100e+03
4.30918e+01 6.49600e+03
4.31290e+01 6.58100e+03
4.31661e+01 6.43700e+03
4.32032e+01 5.45100e+03
4.32403e+01 6.10300e+03
4.32773e+01 5.73850e+03
4.33144e+01 6.72550e+03
4.33514e+01 5.24600e+03
4.33884e+01 5.37750e+03
4.34254e+01 6.93700e+03
4.34623e+01 7.10700e+03
4.34992e+01 6.76500e+03
4.35362e+01 8.18300e+03
4.35730e+01 6.75250e+03
4.36099e+01 5.95800e+03
4.36467e+01 5.80650e+03
4.36835e+01 5.98350e+03
4.37203e+01 6.41250e+03
4.37571e+01 6.20550e+03
4.37938e+01 5.84400e+03
4.38306e+01 6.66450e+03
4.38673e+01 6.67750e+03
4.39040e+01 7.35900e+03
4.39406e+01 6.32400e+03
4.39772e+01 5.69050e+03
4.40139e+01 6.49400e+03
4.40504e+01 5.91650e+03
4.40870e+01 5.55400e+03
4.41235e+01 5.24100e+03
4.41601e+01 5.77700e+03
4.41966e+01 5.44700e+03
4.42330e+01 6.01550e+03
4.42695e+01 6.06300e+03
4.43059e+01 6.45850e+03
4.43423e+01 6.93200e+03
4.43787e+01 6.54250e+03
4.44151e+01 6.15100e+03
4.44514e+01 6.00900e+03
4.44877e+01 5.52500e+03
4.45240e+01 5.18850e+03
4.45603e+01 6.21150e+03
4.45965e+01 6.48400e+03
4.46328e+01 5.08150e+03
4.46690e+01 5.45150e+03
4.47052e+01 6.48700e+03
4.47413e+01 6.78450e+03
4.47774e+01 5.95400e+03
4.48136e+01 7.05700e+03
4.48497e+01 6.32300e+03
4.48857e+01 7.61350e+03
4.49218e+01 8.85100e+03
4.49578e+01 8.64650e+03
4.49938e+01 7.35300e+03
4.50298e+01 6.05100e+03
4.50657e+01 6.56550e+03
4.51017e+01 7.38800e+03
4.51376e+01 7.09900e+03
4.51734e+01 8.97250e+03
4.52093e+01 6.64200e+03
4.52452e+01 4.91450e+03
4.52810e+01 5.75450e+03
4.53168e+01 7.44300e+03
4.53525e+01 6.62100e+03
4.53883e+01 5.23600e+03
4.54240e+01 5.36850e+03
4.54597e+01 6.54500e+03
4.54954e+01 5.96100e+03
4.55311e+01 5.74600e+03
4.55667e+01 4.77900e+03
4.56023e+01 6.05750e+03
4.56379e+01 6.54950e+03
4.56735e+01 5.65650e+03
4.57090e+01 5.70300e+03
4.57446e+01 5.72300e+03
4.57801e+01 5.32150e+03
4.58156e+01 5.98600e+03
4.58510e+01 5.90700e+03
4.58864e+01 6.03850e+03
4.59219e+01 6.93400e+03
4.59572e+01 5.29700e+03
4.59926e+01 5.95350e+03
4.60280e+01 6.01650e+03
4.60633e+01 4.55400e+03
4.60986e+01 4.69400e+03
4.61339e+01 5.43450e+03
4.61691e+01 5.89950e+03
4.62043e+01 5.65200e+03
4.62396e+01 5.99650e+03
4.62747e+01 6.27000e+03
4.63099e+01 6.15050e+03
4.63450e+01 4.87950e+03
4.63802e+01 4.05600e+03
4.64153e+01 4.20250e+03
4.64503e+01 5.63300e+03
4.64854e+01 3.98550e+03
4.65204e+01 3.88150e+03
4.65554e+01 3.07800e+03
4.65904e+01 4.57550e+03
4.66254e+01 4.83950e+03
4.66603e+01 4.66900e+03
4.66952e+01 4.94800e+03
4.67301e+01 5.16050e+03
4.67650e+01 4.38550e+03
4.67998e+01 4.74200e+03
4.68346e+01 4.60450e+03
4.68695e+01 3.73700e+03
4.69042e+01 3.78000e+03
4.69390e+01 3.31500e+03
4.69737e+01 3.40150e+03
4.70084e+01 3.87800e+03
4.70431e+01 4.43350e+03
4.70778e+01 3.05400e+03
4.71124e+01 3.39600e+03
4.71471e+01 3.55100e+03
4.71817e+01 3.38900e+03
4.72162e+01 3.68850e+03
4.72508e+01 3.55000e+03
4.72853e+01 4.76500e+03
4.73198e+01 4.20450e+03
4.73543e+01 4.51250e+03
4.73888e+01 5.45100e+03
4.74232e+01 3.70600e+03
4.74576e+01 3.82800e+03
4.74920e+01 3.69300e+03
4.75264e+01 3.32100e+03
4.75607e+01 3.11250e+03
4.75951e+01 3.12550e+03
4.76294e+01 3.22800e+03
4.76637e+01 3.54750e+03
4.76979e+01 3.37000e+03
4.77322e+01 3.65950e+03
4.77664e+01 2.75350e+03
4.78006e+01 2.80650e+03
4.78347e+01 2.83100e+03
4.78689e+01 3.24550e+03
4.79030e+01 3.34000e+03
4.79371e+01 3.58900e+03
4.79712e+01 3.95050e+03
4.80052e+01 4.69300e+03
4.80393e+01 3.37200e+03
4.80733e+01 2.90100e+03
4.81073e+01 2.65550e+03
4.81412e+01 3.11100e+03
4.81752e+01 3.28450e+03
4.82091e+01 2.41500e+03
4.82430e+01 2.69450e+03
4.82769e+01 3.29000e+03
4.83107e+01 2.61350e+03
4.83446e+01 3.32950e+03
4.83784e+01 2.97000e+03
4.84122e+01 3.61600e+03
4.84459e+01 3.46650e+03
4.84797e+01 3.07300e+03
4.85134e+01 2.48700e+03
4.85471e+01 3.03050e+03
4.85807e+01 3.45400e+03
4.86144e+01 2.56000e+03
4.86480e+01 2.65000e+03
4.86816e+01 3.20350e+03
4.87152e+01 2.91800e+03
4.87488e+01 2.69650e+03
4.87823e+01 2.40850e+03
4.88158e+01 2.24550e+03
4.88493e+01 3.01050e+03
4.88828e+01 2.09400e+03
4.89162e+01 2.15650e+03
4.89496e+01 2.02950e+03
4.89830e+01 2.64350e+03
4.90164e+01 2.71950e+03
4.90498e+01 3.36700e+03
4.90831e+01 2.95850e+03
4.91164e+01 3.39100e+03
4.91497e+01 2.68850e+03
4.91830e+01 3.23050e+03
4.92162e+01 3.10900e+03
4.92494e+01 3.46450e+03
4.92826e+01 2.82500e+03
4.93158e+01 2.04000e+03
4.93490e+01 2.84050e+03
4.93821e+01 2.89200e+03
4.94152e+01 3.26200e+03
4.94483e+01 3.73950e+03
4.94814e+01 3.72950e+03
4.95144e+01 3.66900e+03
4.95474e+01 3.76250e+03
4.95804e+01 3.30150e+03
4.96134e+01 2.57700e+03
4.96463e+01 3.65500e+03
4.96792e+01 3.71200e+03
4.97122e+01 3.89550e+03
4.97450e+01 3.12900e+03
4.97779e+01 2.90900e+03
4.98107e+01 1.78500e+03
4.98435e+01 2.29850e+03
4.98763e+01 3.64850e+03
4.99091e+01 3.69300e+03
4.99418e+01 3.15300e+03
4.99746e+01 3.11400e+03
5.00073e+01 3.29950e+03
5.00399e+01 3.41350e+03
5.00726e+01 2.80500e+03
5.01052e+01 2.97300e+03
5.01378e+01 3.28950e+03
5.01704e+01 2.58900e+03
5.02030e+01 2.64350e+03
5.02355e+01 2.77600e+03
5.02681e+01 3.73200e+03
5.03006e+01 2.82850e+03
5.03330e+01 3.37050e+03
5.03655e+01 3.08000e+03
5.03979e+01 1.83000e+03
5.04303e+01 2.73200e+03
5.04627e+01 2.38000e+03
5.04951e+01 2.22750e+03
5.05274e+01 2.34500e+03
5.05597e+01 2.72200e+03
5.05920e+01 2.47700e+03
5.06243e+01 2.81350e+03
5.06565e+01 3.00250e+03
5.06888e+01 2.79050e+03
5.07210e+01 3.58300e+03
5.07531e+01 3.94600e+03
5.07853e+01 3.13950e+03
5.08174e+01 3.37600e+03
5.08495e+01 2.64150e+03
5.08816e+01 2.97600e+03
5.09137e+01 2.80000e+03
5.09457e+01 3.69850e+03
5.09778e+01 3.09000e+03
5.10098e+01 2.94750e+03
5.10417e+01 3.05850e+03
5.10737e+01 3.01400e+03
5.11056e+01 3.31150e+03
5.11375e+01 3.29250e+03
5.11694e+01 2.85300e+03
5.12013e+01 3.78750e+03
5.12331e+01 3.10450e+03
5.12650e+01 3.12300e+03
5.12967e+01 2.27300e+03
5.13285e+01 2.16250e+03
5.13603e+01 2.47500e+03
5.13920e+01 2.50050e+03
5.14237e+01 2.21300e+03
5.14554e+01 2.58950e+03
5.14871e+01 3.90900e+03
5.15187e+01 3.52900e+03
5.15503e+01 3.99150e+03
5.15819e+01 3.37950e+03
5.16135e+01 3.23700e+03
5.16450e+01 3.04850e+03
5.16765e+01 3.21000e+03
5.17080e+01 3.23400e+03
5.17395e+01 3.55850e+03
5.17710e+01 3.10450e+03
5.18024e+01 3.84500e+03
5.18338e+01 2.99150e+03
5.18652e+01 3.32550e+03
5.18966e+01 2.61100e+03
5.19279e+01 2.15000e+03
5.19592e+01 2.10050e+03
5.19905e+01 2.49900e+03
5.20218e+01 3.60500e+03
5.20531e+01 2.91550e+03
5.20843e+01 2.73350e+03
5.21155e+01 2.72100e+03
5.21467e+01 2.31100e+03
5.21779e+01 2.53250e+03
5.22090e+01 2.58750e+03
5.22401e+01 2.28600e+03
5.22712e+01 2.34750e+03
5.23023e+01 3.04350e+03
5.23333e+01 2.54450e+03
5.23644e+01 2.89050e+03
5.23954e+01 2.49400e+03
5.24264e+01 2.76500e+03
5.24573e+01 2.79450e+03
5.24883e+01 2.61950e+03
5.25192e+01 3.00100e+03
5.25501e+01 3.08550e+03
5.25809e+01 2.50700e+03
5.26118e+01 2.40600e+03
5.26426e+01 2.51650e+03
5.26734e+01 2.23350e+03
5.27042e+01 2.66950e+03
5.27349e+01 2.52700e+03
5.27657e+01 2.24150e+03
5.27964e+01 3.69550e+03
5.28271e+01 2.86100e+03
5.28577e+01 2.65500e+03
5.28884e+01 2.20700e+03
5.29190e+01 1.85500e+03
5.29496e+01 2.41000e+03
5.29802e+01 2.15200e+03
5.30107e+01 2.52300e+03
5.30413e+01 2.54650e+03
5.30718e+01 3.04700e+03
5.31023e+01 2.38250e+03
5.31327e+01 2.78450e+03
5.31632e+01 2.68850e+03
5.31936e+01 3.19600e+03
5.32240e+01 3.61800e+03
5.32544e+01 3.57150e+03
5.32847e+01 3.17100e+03
5.33150e+01 2.51500e+03
5.33453e+01 1.24300e+03
5.33756e+01 2.24900e+03
5.34059e+01 2.60500e+03
5.34361e+01 2.08500e+03
5.34663e+01 1.91000e+03
5.34965e+01 2.47800e+03
5.35267e+01 2.44150e+03
5.35568e+01 3.39850e+03
5.35870e+01 3.14700e+03
5.36171e+01 3.54350e+03
5.36471e+01 3.84400e+03
5.36772e+01 3.47100e+03
5.37072e+01 2.67750e+03
5.37372e+01 2.97800e+03
5.37672e+01 2.86100e+03
5.37972e+01 1.98200e+03
5.38271e+01 1.35900e+03
5.38571e+01 1.91600e+03
5.38869e+01 2.16150e+03
5.39168e+01 2.95600e+03
5.39467e+01 2.66450e+03
5.39765e+01 2.51400e+03
5.40063e+01 2.66650e+03
5.40361e+01 2.80650e+03
5.40659e+01 3.01000e+03
5.40956e+01 2.11700e+03
5.41253e+01 3.76650e+03
5.41550e+01 3.04650e+03
5.41847e+01 3.21700e+03
5.42143e+01 2.90000e+03
5.42440e+01 3.04300e+03
5.42736e+01 4.64450e+03
5.43031e+01 3.49100e+03
5.43327e+01 2.55250e+03
5.43622e+01 2.61250e+03
5.43918e+01 2.20450e+03
5.44212e+01 3.22750e+03
5.44507e+01 3.77950e+03
5.44802e+01 3.46700e+03
5.45096e+01 2.63050e+03
5.45390e+01 3.31950e+03
5.45684e+01 3.68250e+03
5.45977e+01 3.55550e+03
5.46270e+01 3.22800e+03
5.46564e+01 3.27300e+03
5.46856e+01 2.95650e+03
5.47149e+01 3.03800e+03
5.47442e+01 2.34250e+03
5.47734e+01 2.05350e+03
5.48026e+01 2.23050e+03
5.48317e+01 3.17650e+03
5.48609e+01 2.96150e+03
5.48900e+01 2.82550e+03
5.49191e+01 2.60250e+03
5.49482e+01 3.59100e+03
5.49773e+01 3.44150e+03
5.50063e+01 3.31050e+03
5.50353e+01 2.79850e+03
5.50643e+01 2.68350e+03
5.50933e+01 3.68050e+03
5.51222e+01 3.75250e+03
5.51512e+01 2.61150e+03
5.51801e+01 2.42700e+03
5.52090e+01 2.39400e+03
5.52378e+01 2.35850e+03
5.52667e+01 2.39250e+03
5.52955e+01 2.76450e+03
5.53243e+01 2.92850e+03
5.53530e+01 2.02400e+03
5.53818e+01 1.95550e+03
5.54105e+01 2.35150e+03
5.54392e+01 2.53350e+03
5.54679e+01 3.44350e+03
5.54965e+01 3.03950e+03
5.55252e+01 3.52500e+03
5.55538e+01 3.44550e+03
5.55823e+01 2.96200e+03
5.56109e+01 3.21600e+03
5.56395e+01 2.30800e+03
5.56680e+01 2.40850e+03
5.56965e+01 2.62850e+03
5.57249e+01 2.12850e+03
5.57534e+01 2.07450e+03
5.57818e+01 2.34100e+03
5.58102e+01 3.00900e+03
5.58386e+01 3.26950e+03
5.58670e+01 2.71700e+03
5.58953e+01 3.32400e+03
5.59236e+01 3.16150e+03
5.59519e+01 2.33800e+03
5.59802e+01 3.28300e+03
5.60084e+01 3.17800e+03
5.60367e+01 2.56900e+03
5.60649e+01 2.89350e+03
5.60930e+01 2.30750e+03
5.61212e+01 3.29300e+03
5.61493e+01 3.09300e+03
5.61775e+01 3.70250e+03
5.62055e+01 3.59100e+03
5.62336e+01 3.64250e+03
5.62617e+01 3.43250e+03
5.62897e+01 1.97100e+03
5.63177e+01 1.63750e+03
5.63457e+01 1.77300e+03
5.63736e+01 2.42500e+03
5.64015e+01 2.27200e+03
5.64294e+01 2.70600e+03
5.64573e+01 2.62700e+03
5.64852e+01 1.47250e+03
5.65130e+01 2.21900e+03
5.65409e+01 2.83300e+03
5.65687e+01 2.44500e+03
5.65964e+01 2.50800e+03
5.66242e+01 2.92550e+03
5.66519e+01 1.83700e+03
5.66796e+01 2.17500e+03
5.67073e+01 1.82200e+03
5.67350e+01 1.77650e+03
5.67626e+01 2.28350e+03
5.67902e+01 3.06600e+03
5.68178e+01 2.55650e+03
5.68454e+01 1.54900e+03
5.68729e+01 2.04000e+03
5.69004e+01 2.78350e+03
5.69279e+01 2.91850e+03
5.69554e+01 2.56750e+03
5.69829e+01 3.06300e+03
5.70103e+01 2.79300e+03
5.70377e+01 1.84850e+03
5.70651e+01 1.27800e+03
5.70925e+01 2.36200e+03
5.71198e+01 2.30650e+03
5.71471e+01 2.38750e+03
5.71744e+01 2.54500e+03
5.72017e+01 2.94350e+03
5.72290e+01 3.02350e+03
5.72562e+01 1.86850e+03
5.72834e+01 1.93500e+03
5.73106e+01 1.97150e+03
5.73378e+01 2.62200e+03
5.73649e+01 2.25250e+03
5.73920e+01 1.65250e+03
5.74191e+01 2.32050e+03
5.74462e+01 2.61650e+03
5.74732e+01 3.04050e+03
5.75003e+01 2.88450e+03
5.75273e+01 2.54600e+03
5.75543e+01 3.28900e+03
5.75812e+01 3.10850e+03
5.76081e+01 2.61650e+03
5.76351e+01 2.63050e+03
5.76620e+01 3.46400e+03
5.76888e+01 2.78500e+03
5.77157e+01 3.67500e+03
5.77425e+01 3.57550e+03
5.77693e+01 3.01700e+03
5.77961e+01 2.97050e+03
5.78228e+01 2.83100e+03
5.78496e+01 2.77250e+03
5.78763e+01 4.11900e+03
5.79030e+01 3.44450e+03
5.79296e+01 2.98200e+03
5.79563e+01 3.05300e+03
5.79829e+01 2.51400e+03
5.80095e+01 2.75200e+03
5.80361e+01 2.53450e+03
5.80626e+01 2.31550e+03
5.80891e+01 3.42950e+03
5.81157e+01 3.22900e+03
5.81421e+01 3.19450e+03
5.81686e+01 3.75700e+03
5.81950e+01 4.31500e+03
5.82215e+01 4.13650e+03
5.82479e+01 3.86600e+03
5.82742e+01 4.15750e+03
5.83006e+01 6.16850e+03
5.83269e+01 5.07150e+03
5.83532e+01 3.33500e+03
5.83795e+01 4.20300e+03
5.84057e+01 4.43550e+03
5.84320e+01 4.04450e+03
5.84582e+01 4.02100e+03
5.84844e+01 4.73650e+03
5.85106e+01 4.63700e+03
5.85367e+01 4.65950e+03
5.85628e+01 2.87250e+03
5.85889e+01 3.08850e+03
5.86150e+01 3.89500e+03
5.86411e+01 3.07600e+03
5.86671e+01 2.89800e+03
5.86931e+01 2.40800e+03
5.87191e+01 1.84100e+03
5.87451e+01 1.73850e+03
5.87710e+01 7.49500e+02
5.87969e+01 2.39500e+02
5.88228e+01 -3.00000e+00
