# La4Ni3O8 Ni L2 edge RIXS
# T = 80 K
# RIXS resolution ~ 0.4 eV
# Horizontal scattering geometry, theta = 15 degrees, 2theta = 95 degrees
# SEXTANTS beamline, SOLEIL synchrotron
# Energy loss 	 Intensity
-4.81691e+01 -6.21000e+02
-4.80896e+01 -3.52400e+02
-4.80100e+01 3.48000e+01
-4.79305e+01 -5.17000e+02
-4.78511e+01 -6.81800e+02
-4.77716e+01 -4.21800e+02
-4.76922e+01 -6.12200e+02
-4.76128e+01 -9.55800e+02
-4.75334e+01 -5.60200e+02
-4.74540e+01 -1.60480e+03
-4.73747e+01 -2.10600e+02
-4.72954e+01 -1.29660e+03
-4.72161e+01 -2.07780e+03
-4.71368e+01 -2.54380e+03
-4.70576e+01 -2.15260e+03
-4.69784e+01 -2.46360e+03
-4.68992e+01 -1.12940e+03
-4.68200e+01 -2.12440e+03
-4.67409e+01 -2.06260e+03
-4.66618e+01 -1.89660e+03
-4.65827e+01 -2.32100e+03
-4.65036e+01 -2.95920e+03
-4.64246e+01 -1.97160e+03
-4.63456e+01 -1.72000e+03
-4.62666e+01 -1.72060e+03
-4.61876e+01 -8.87400e+02
-4.61087e+01 -5.27400e+02
-4.60297e+01 -2.60180e+03
-4.59509e+01 -2.78800e+03
-4.58720e+01 -1.60000e+03
-4.57931e+01 -1.66020e+03
-4.57143e+01 -6.73600e+02
-4.56355e+01 -1.10440e+03
-4.55568e+01 -1.06360e+03
-4.54780e+01 -2.43800e+03
-4.53993e+01 -1.62440e+03
-4.53206e+01 -2.41440e+03
-4.52419e+01 -1.90340e+03
-4.51633e+01 -1.72020e+03
-4.50847e+01 -2.44460e+03
-4.50061e+01 -2.50860e+03
-4.49275e+01 -2.31480e+03
-4.48489e+01 -2.90780e+03
-4.47704e+01 -1.98700e+03
-4.46919e+01 -1.74520e+03
-4.46134e+01 -2.45020e+03
-4.45350e+01 -1.66220e+03
-4.44566e+01 -1.10740e+03
-4.43781e+01 -2.30800e+03
-4.42998e+01 -2.15780e+03
-4.42214e+01 -1.58100e+03
-4.41431e+01 -1.87860e+03
-4.40648e+01 -1.91020e+03
-4.39865e+01 -2.66840e+03
-4.39083e+01 -3.39380e+03
-4.38300e+01 -2.30780e+03
-4.37518e+01 -3.38260e+03
-4.36736e+01 -3.42920e+03
-4.35955e+01 -2.65360e+03
-4.35173e+01 -2.35680e+03
-4.34392e+01 -2.28500e+03
-4.33612e+01 -2.12660e+03
-4.32831e+01 -1.91440e+03
-4.32051e+01 -1.50340e+03
-4.31271e+01 -1.25320e+03
-4.30491e+01 -2.82100e+03
-4.29711e+01 -2.43380e+03
-4.28932e+01 -2.42720e+03
-4.28153e+01 -1.52780e+03
-4.27374e+01 -2.10080e+03
-4.26595e+01 -2.48760e+03
-4.25817e+01 -2.03020e+03
-4.25039e+01 -5.75800e+02
-4.24261e+01 -1.70760e+03
-4.23483e+01 -2.14000e+03
-4.22706e+01 -2.01240e+03
-4.21929e+01 -1.86920e+03
-4.21152e+01 -1.75760e+03
-4.20375e+01 -2.24240e+03
-4.19599e+01 -2.75260e+03
-4.18822e+01 -3.00900e+03
-4.18047e+01 -3.49260e+03
-4.17271e+01 -2.64400e+03
-4.16495e+01 -2.85160e+03
-4.15720e+01 -2.15960e+03
-4.14945e+01 -1.61100e+03
-4.14171e+01 -2.09520e+03
-4.13396e+01 -2.54960e+03
-4.12622e+01 -1.89580e+03
-4.11848e+01 -2.89960e+03
-4.11074e+01 -2.37520e+03
-4.10301e+01 -1.95300e+03
-4.09528e+01 -1.90920e+03
-4.08755e+01 -1.23660e+03
-4.07982e+01 -1.27600e+03
-4.07209e+01 -1.88660e+03
-4.06437e+01 -1.43880e+03
-4.05665e+01 -2.34540e+03
-4.04893e+01 -1.63760e+03
-4.04122e+01 -2.10760e+03
-4.03351e+01 -1.41760e+03
-4.02580e+01 -1.45440e+03
-4.01809e+01 -8.48800e+02
-4.01038e+01 -1.26800e+03
-4.00268e+01 -6.21800e+02
-3.99498e+01 -2.16760e+03
-3.98728e+01 -1.68660e+03
-3.97959e+01 -2.15660e+03
-3.97189e+01 -1.22420e+03
-3.96420e+01 -2.12280e+03
-3.95652e+01 -2.34900e+03
-3.94883e+01 -1.65940e+03
-3.94115e+01 -2.37900e+03
-3.93347e+01 -2.19280e+03
-3.92579e+01 -1.48280e+03
-3.91811e+01 -2.17440e+03
-3.91044e+01 -2.68980e+03
-3.90277e+01 -2.23260e+03
-3.89510e+01 -7.39200e+02
-3.88743e+01 -2.03240e+03
-3.87977e+01 -1.86360e+03
-3.87211e+01 -1.93500e+03
-3.86445e+01 -2.10040e+03
-3.85679e+01 -1.64580e+03
-3.84914e+01 -1.59400e+03
-3.84149e+01 -2.03560e+03
-3.83384e+01 -2.29900e+03
-3.82619e+01 -2.85040e+03
-3.81855e+01 -3.03680e+03
-3.81091e+01 -2.83760e+03
-3.80327e+01 -1.82760e+03
-3.79563e+01 -1.73000e+03
-3.78800e+01 -2.26660e+03
-3.78037e+01 -1.49120e+03
-3.77274e+01 -1.07260e+03
-3.76511e+01 -8.48200e+02
-3.75749e+01 -9.62000e+02
-3.74987e+01 -8.38400e+02
-3.74225e+01 -1.66320e+03
-3.73463e+01 -4.39800e+02
-3.72702e+01 -5.72400e+02
-3.71940e+01 -1.97180e+03
-3.71179e+01 -1.92800e+03
-3.70419e+01 -2.48600e+03
-3.69658e+01 -2.43080e+03
-3.68898e+01 -2.00440e+03
-3.68138e+01 -2.13500e+03
-3.67378e+01 -3.25680e+03
-3.66619e+01 -3.15520e+03
-3.65860e+01 -2.73120e+03
-3.65101e+01 -2.57460e+03
-3.64342e+01 -2.90180e+03
-3.63583e+01 -2.43280e+03
-3.62825e+01 -2.25760e+03
-3.62067e+01 -2.80600e+03
-3.61309e+01 -2.52940e+03
-3.60552e+01 -3.39020e+03
-3.59795e+01 -1.99780e+03
-3.59038e+01 -1.03140e+03
-3.58281e+01 -2.41340e+03
-3.57524e+01 -2.38840e+03
-3.56768e+01 -2.69000e+03
-3.56012e+01 -1.44960e+03
-3.55256e+01 -1.71160e+03
-3.54501e+01 -2.21420e+03
-3.53745e+01 -2.55160e+03
-3.52990e+01 -2.22960e+03
-3.52235e+01 -1.23320e+03
-3.51481e+01 -1.35640e+03
-3.50726e+01 -2.24700e+03
-3.49972e+01 -1.91880e+03
-3.49219e+01 -1.41980e+03
-3.48465e+01 -1.66100e+03
-3.47712e+01 -2.06540e+03
-3.46958e+01 -2.47660e+03
-3.46206e+01 -2.60920e+03
-3.45453e+01 -2.27220e+03
-3.44701e+01 -2.55460e+03
-3.43949e+01 -2.57260e+03
-3.43197e+01 -2.36000e+03
-3.42445e+01 -2.68460e+03
-3.41694e+01 -1.91780e+03
-3.40943e+01 -1.29580e+03
-3.40192e+01 -2.08580e+03
-3.39441e+01 -1.95140e+03
-3.38691e+01 -2.32400e+03
-3.37940e+01 -2.14440e+03
-3.37191e+01 -2.36260e+03
-3.36441e+01 -3.02380e+03
-3.35691e+01 -2.22580e+03
-3.34942e+01 -1.40960e+03
-3.34193e+01 -2.29780e+03
-3.33445e+01 -1.68320e+03
-3.32696e+01 -2.44380e+03
-3.31948e+01 -1.13620e+03
-3.31200e+01 -1.56900e+03
-3.30452e+01 -2.09860e+03
-3.29705e+01 -1.92280e+03
-3.28958e+01 -2.39600e+02
-3.28211e+01 -8.05200e+02
-3.27464e+01 -1.94520e+03
-3.26718e+01 -1.93940e+03
-3.25971e+01 -2.13280e+03
-3.25225e+01 -2.12340e+03
-3.24480e+01 -1.37940e+03
-3.23734e+01 -1.58820e+03
-3.22989e+01 -2.76900e+03
-3.22244e+01 -1.48620e+03
-3.21499e+01 -2.01320e+03
-3.20755e+01 -2.65860e+03
-3.20010e+01 -2.50720e+03
-3.19266e+01 -3.15600e+03
-3.18523e+01 -2.25680e+03
-3.17779e+01 -2.17380e+03
-3.17036e+01 -1.96240e+03
-3.16293e+01 -2.31000e+03
-3.15550e+01 -1.71460e+03
-3.14807e+01 -1.35380e+03
-3.14065e+01 -1.69660e+03
-3.13323e+01 -2.30300e+03
-3.12581e+01 -1.87080e+03
-3.11840e+01 -1.52200e+03
-3.11098e+01 -2.09320e+03
-3.10357e+01 -2.31700e+03
-3.09616e+01 -2.00440e+03
-3.08876e+01 -1.76860e+03
-3.08136e+01 -1.56500e+03
-3.07395e+01 -2.58960e+03
-3.06656e+01 -1.84160e+03
-3.05916e+01 -2.45500e+03
-3.05177e+01 -2.96360e+03
-3.04438e+01 -2.69460e+03
-3.03699e+01 -2.92580e+03
-3.02960e+01 -2.87480e+03
-3.02222e+01 -2.35200e+03
-3.01484e+01 -2.32420e+03
-3.00746e+01 -1.61980e+03
-3.00008e+01 -1.46420e+03
-2.99271e+01 -1.98620e+03
-2.98534e+01 -1.22580e+03
-2.97797e+01 -1.79500e+03
-2.97060e+01 -1.63240e+03
-2.96324e+01 -2.09040e+03
-2.95587e+01 -2.31880e+03
-2.94851e+01 -2.54580e+03
-2.94116e+01 -1.36020e+03
-2.93380e+01 -2.86140e+03
-2.92645e+01 -2.54000e+03
-2.91910e+01 -1.52960e+03
-2.91176e+01 -1.54140e+03
-2.90441e+01 -2.00340e+03
-2.89707e+01 -2.90760e+03
-2.88973e+01 -1.98920e+03
-2.88239e+01 -1.37980e+03
-2.87506e+01 -2.72320e+03
-2.86773e+01 -2.99520e+03
-2.86040e+01 -2.68820e+03
-2.85307e+01 -1.73820e+03
-2.84574e+01 -2.24600e+03
-2.83842e+01 -1.69460e+03
-2.83110e+01 -2.42560e+03
-2.82378e+01 -6.64800e+02
-2.81647e+01 -1.09760e+03
-2.80916e+01 -2.41260e+03
-2.80185e+01 -2.36560e+03
-2.79454e+01 -2.48460e+03
-2.78723e+01 -2.37460e+03
-2.77993e+01 -1.28480e+03
-2.77263e+01 -1.82880e+03
-2.76533e+01 -1.13840e+03
-2.75804e+01 -1.74360e+03
-2.75074e+01 -3.08380e+03
-2.74345e+01 -2.84080e+03
-2.73617e+01 -2.03480e+03
-2.72888e+01 -2.72440e+03
-2.72160e+01 -2.35740e+03
-2.71432e+01 -2.84320e+03
-2.70704e+01 -3.05500e+03
-2.69976e+01 -3.09240e+03
-2.69249e+01 -2.15180e+03
-2.68522e+01 -1.60300e+03
-2.67795e+01 -1.52040e+03
-2.67068e+01 -1.18980e+03
-2.66342e+01 -1.62600e+03
-2.65616e+01 -2.88300e+03
-2.64890e+01 -2.58880e+03
-2.64164e+01 -2.39400e+03
-2.63439e+01 -2.24860e+03
-2.62714e+01 -2.54860e+03
-2.61989e+01 -2.34460e+03
-2.61264e+01 -2.27360e+03
-2.60540e+01 -3.12840e+03
-2.59816e+01 -2.76560e+03
-2.59092e+01 -2.37860e+03
-2.58368e+01 -2.67860e+03
-2.57645e+01 -2.24480e+03
-2.56922e+01 -2.59240e+03
-2.56199e+01 -2.47560e+03
-2.55476e+01 -2.37200e+03
-2.54754e+01 -1.41300e+03
-2.54032e+01 -1.02620e+03
-2.53310e+01 -2.23600e+03
-2.52588e+01 -1.56320e+03
-2.51867e+01 -1.55020e+03
-2.51145e+01 -1.46100e+03
-2.50424e+01 -2.60900e+03
-2.49704e+01 -2.45280e+03
-2.48983e+01 -2.34560e+03
-2.48263e+01 -1.93500e+03
-2.47543e+01 -1.65140e+03
-2.46823e+01 -2.79180e+03
-2.46104e+01 -3.34980e+03
-2.45385e+01 -2.76180e+03
-2.44666e+01 -2.23200e+03
-2.43947e+01 -2.91140e+03
-2.43228e+01 -2.50040e+03
-2.42510e+01 -1.62340e+03
-2.41792e+01 -1.32120e+03
-2.41074e+01 -2.00860e+03
-2.40357e+01 -2.73260e+03
-2.39640e+01 -2.62340e+03
-2.38923e+01 -2.23380e+03
-2.38206e+01 -1.85860e+03
-2.37489e+01 -2.07460e+03
-2.36773e+01 -2.15820e+03
-2.36057e+01 -3.10080e+03
-2.35341e+01 -2.52500e+03
-2.34626e+01 -2.98700e+03
-2.33910e+01 -1.96380e+03
-2.33195e+01 -2.27760e+03
-2.32480e+01 -3.17360e+03
-2.31766e+01 -3.80680e+03
-2.31052e+01 -3.06060e+03
-2.30338e+01 -2.97900e+03
-2.29624e+01 -2.96400e+03
-2.28910e+01 -2.81980e+03
-2.28197e+01 -2.19940e+03
-2.27484e+01 -2.82340e+03
-2.26771e+01 -3.13300e+03
-2.26058e+01 -2.76440e+03
-2.25346e+01 -1.49360e+03
-2.24634e+01 -2.16680e+03
-2.23922e+01 -2.08840e+03
-2.23210e+01 -2.42040e+03
-2.22499e+01 -2.04880e+03
-2.21788e+01 -2.02120e+03
-2.21077e+01 -2.35500e+03
-2.20366e+01 -2.73900e+03
-2.19656e+01 -2.11800e+03
-2.18946e+01 -2.57840e+03
-2.18236e+01 -1.90080e+03
-2.17526e+01 -1.20020e+03
-2.16817e+01 -2.59900e+03
-2.16108e+01 -2.13860e+03
-2.15399e+01 -2.92340e+03
-2.14690e+01 -3.95800e+03
-2.13981e+01 -3.78420e+03
-2.13273e+01 -2.72780e+03
-2.12565e+01 -2.67740e+03
-2.11858e+01 -2.83720e+03
-2.11150e+01 -1.77760e+03
-2.10443e+01 -2.93860e+03
-2.09736e+01 -2.25300e+03
-2.09029e+01 -2.33140e+03
-2.08323e+01 -2.08980e+03
-2.07617e+01 -2.53380e+03
-2.06911e+01 -1.95820e+03
-2.06205e+01 -1.45360e+03
-2.05499e+01 -1.24380e+03
-2.04794e+01 -1.49320e+03
-2.04089e+01 -2.14300e+03
-2.03384e+01 -2.60180e+03
-2.02680e+01 -3.53300e+03
-2.01976e+01 -2.92380e+03
-2.01272e+01 -3.65340e+03
-2.00568e+01 -3.84520e+03
-1.99864e+01 -2.47940e+03
-1.99161e+01 -2.89420e+03
-1.98458e+01 -2.74160e+03
-1.97755e+01 -2.51380e+03
-1.97053e+01 -2.94000e+03
-1.96350e+01 -2.69740e+03
-1.95648e+01 -2.43240e+03
-1.94947e+01 -3.06160e+03
-1.94245e+01 -3.22160e+03
-1.93544e+01 -2.66780e+03
-1.92843e+01 -2.04720e+03
-1.92142e+01 -3.58860e+03
-1.91441e+01 -2.68100e+03
-1.90741e+01 -2.25000e+03
-1.90041e+01 -2.50160e+03
-1.89341e+01 -2.81300e+03
-1.88641e+01 -2.51880e+03
-1.87942e+01 -2.05360e+03
-1.87243e+01 -3.22820e+03
-1.86544e+01 -3.67840e+03
-1.85845e+01 -2.84460e+03
-1.85147e+01 -2.99420e+03
-1.84449e+01 -4.29080e+03
-1.83751e+01 -2.05240e+03
-1.83053e+01 -2.49460e+03
-1.82356e+01 -3.39340e+03
-1.81659e+01 -2.19360e+03
-1.80962e+01 -1.76500e+03
-1.80265e+01 -1.68760e+03
-1.79569e+01 -1.19500e+03
-1.78873e+01 -8.78800e+02
-1.78177e+01 -2.77500e+03
-1.77481e+01 -2.07720e+03
-1.76786e+01 -2.05640e+03
-1.76091e+01 -2.07820e+03
-1.75396e+01 -3.41760e+03
-1.74701e+01 -2.83000e+03
-1.74006e+01 -2.69340e+03
-1.73312e+01 -3.00740e+03
-1.72618e+01 -3.01040e+03
-1.71925e+01 -1.60780e+03
-1.71231e+01 -1.86720e+03
-1.70538e+01 -2.34780e+03
-1.69845e+01 -4.10440e+03
-1.69152e+01 -1.75120e+03
-1.68460e+01 -2.25540e+03
-1.67768e+01 -2.48460e+03
-1.67076e+01 -3.05740e+03
-1.66384e+01 -1.95140e+03
-1.65692e+01 -2.96920e+03
-1.65001e+01 -3.83100e+03
-1.64310e+01 -2.34980e+03
-1.63619e+01 -2.23360e+03
-1.62929e+01 -2.17120e+03
-1.62238e+01 -1.56780e+03
-1.61548e+01 -1.97000e+03
-1.60859e+01 -3.53380e+03
-1.60169e+01 -3.29200e+03
-1.59480e+01 -2.59680e+03
-1.58791e+01 -3.24800e+03
-1.58102e+01 -2.64840e+03
-1.57413e+01 -2.46720e+03
-1.56725e+01 -2.77260e+03
-1.56037e+01 -4.16400e+03
-1.55349e+01 -3.20960e+03
-1.54662e+01 -2.72160e+03
-1.53974e+01 -3.13540e+03
-1.53287e+01 -2.51960e+03
-1.52600e+01 -1.23160e+03
-1.51914e+01 -3.40100e+03
-1.51227e+01 -2.67440e+03
-1.50541e+01 -2.73480e+03
-1.49856e+01 -2.16420e+03
-1.49170e+01 -1.96300e+03
-1.48485e+01 -2.37360e+03
-1.47799e+01 -3.33140e+03
-1.47115e+01 -2.97080e+03
-1.46430e+01 -3.31280e+03
-1.45746e+01 -1.80780e+03
-1.45061e+01 -1.84700e+03
-1.44378e+01 -2.24840e+03
-1.43694e+01 -2.74740e+03
-1.43010e+01 -1.84400e+03
-1.42327e+01 -2.30920e+03
-1.41644e+01 -9.70600e+02
-1.40962e+01 -1.56060e+03
-1.40279e+01 -1.96040e+03
-1.39597e+01 -3.30180e+03
-1.38915e+01 -2.06340e+03
-1.38234e+01 -2.13560e+03
-1.37552e+01 -1.89780e+03
-1.36871e+01 -2.64740e+03
-1.36190e+01 -2.16480e+03
-1.35509e+01 -2.72160e+03
-1.34829e+01 -1.74740e+03
-1.34149e+01 -1.51240e+03
-1.33469e+01 -2.13720e+03
-1.32789e+01 -2.22320e+03
-1.32109e+01 -1.44940e+03
-1.31430e+01 -1.05240e+03
-1.30751e+01 -1.40580e+03
-1.30072e+01 -8.37000e+02
-1.29394e+01 -1.52640e+03
-1.28716e+01 -1.74640e+03
-1.28038e+01 -2.22640e+03
-1.27360e+01 -1.57660e+03
-1.26682e+01 -9.12600e+02
-1.26005e+01 -1.56060e+03
-1.25328e+01 -2.04860e+03
-1.24651e+01 -1.54040e+03
-1.23975e+01 -1.89920e+03
-1.23299e+01 -1.96000e+03
-1.22623e+01 -2.01660e+03
-1.21947e+01 -1.26840e+03
-1.21271e+01 -7.15400e+02
-1.20596e+01 -1.75320e+03
-1.19921e+01 -1.59980e+03
-1.19246e+01 -1.43820e+03
-1.18571e+01 -3.97000e+02
-1.17897e+01 -2.76000e+01
-1.17223e+01 -2.05980e+03
-1.16549e+01 -2.01820e+03
-1.15876e+01 -2.21760e+03
-1.15202e+01 -2.30400e+03
-1.14529e+01 -2.08240e+03
-1.13856e+01 -1.43980e+03
-1.13184e+01 -2.84840e+03
-1.12511e+01 -1.65640e+03
-1.11839e+01 -1.55660e+03
-1.11167e+01 -1.84280e+03
-1.10496e+01 -2.83220e+03
-1.09824e+01 -1.94380e+03
-1.09153e+01 -2.41640e+03
-1.08482e+01 -2.12280e+03
-1.07812e+01 -2.50680e+03
-1.07141e+01 -2.02380e+03
-1.06471e+01 -1.63320e+03
-1.05801e+01 -6.70800e+02
-1.05132e+01 -8.25600e+02
-1.04462e+01 -1.83460e+03
-1.03793e+01 -1.32460e+03
-1.03124e+01 -1.80620e+03
-1.02456e+01 -1.59780e+03
-1.01787e+01 -1.67600e+03
-1.01119e+01 -2.35280e+03
-1.00451e+01 -1.46760e+03
-9.97833e+00 -2.22740e+03
-9.91158e+00 -1.62080e+03
-9.84486e+00 -9.67800e+02
-9.77817e+00 -1.27480e+03
-9.71149e+00 -1.61040e+03
-9.64485e+00 -1.64880e+03
-9.57822e+00 -1.28380e+03
-9.51163e+00 -2.02340e+03
-9.44505e+00 -1.94220e+03
-9.37851e+00 -1.90200e+03
-9.31198e+00 -1.05560e+03
-9.24548e+00 -8.42200e+02
-9.17901e+00 -1.08240e+03
-9.11256e+00 -1.55880e+03
-9.04613e+00 -1.14180e+03
-8.97973e+00 -3.70800e+02
-8.91335e+00 -6.50400e+02
-8.84700e+00 -6.71600e+02
-8.78067e+00 -9.17000e+02
-8.71437e+00 -6.06200e+02
-8.64809e+00 -1.62600e+02
-8.58184e+00 -1.79160e+03
-8.51561e+00 -1.71140e+03
-8.44940e+00 -1.71960e+03
-8.38322e+00 -3.35660e+03
-8.31707e+00 -2.09980e+03
-8.25094e+00 -1.25860e+03
-8.18483e+00 -1.46680e+03
-8.11875e+00 -1.85320e+03
-8.05269e+00 -1.13380e+03
-7.98665e+00 8.80000e+01
-7.92065e+00 1.88000e+02
-7.85466e+00 -1.33900e+03
-7.78870e+00 -1.50260e+03
-7.72277e+00 -2.54200e+02
-7.65686e+00 -1.49900e+03
-7.59097e+00 -5.38800e+02
-7.52511e+00 -1.15340e+03
-7.45927e+00 -3.60400e+02
-7.39346e+00 -1.40660e+03
-7.32767e+00 -2.08700e+03
-7.26191e+00 -1.54200e+03
-7.19617e+00 -3.08000e+02
-7.13046e+00 -1.44800e+03
-7.06477e+00 -1.58380e+03
-6.99910e+00 -2.37420e+03
-6.93346e+00 -1.40640e+03
-6.86784e+00 -6.78000e+02
-6.80225e+00 -1.39280e+03
-6.73669e+00 -2.16560e+03
-6.67115e+00 -1.67260e+03
-6.60563e+00 -2.13260e+03
-6.54013e+00 -2.41660e+03
-6.47466e+00 -1.57240e+03
-6.40922e+00 -1.14520e+03
-6.34380e+00 -6.96000e+02
-6.27841e+00 -6.86800e+02
-6.21303e+00 -9.93600e+02
-6.14769e+00 -4.55400e+02
-6.08237e+00 -1.01540e+03
-6.01707e+00 -1.76320e+03
-5.95180e+00 -1.11360e+03
-5.88655e+00 -7.29000e+02
-5.82133e+00 -6.06800e+02
-5.75613e+00 -4.06200e+02
-5.69095e+00 7.80000e+01
-5.62580e+00 3.83800e+02
-5.56068e+00 -1.72420e+03
-5.49558e+00 -1.74760e+03
-5.43050e+00 -8.97000e+02
-5.36545e+00 -6.00000e+01
-5.30042e+00 -1.61960e+03
-5.23542e+00 -1.73020e+03
-5.17044e+00 -1.60580e+03
-5.10549e+00 -8.25000e+02
-5.04056e+00 -3.49400e+02
-4.97566e+00 -8.86600e+02
-4.91078e+00 -1.15900e+03
-4.84592e+00 -4.99000e+02
-4.78109e+00 -2.24400e+02
-4.71629e+00 -5.94600e+02
-4.65150e+00 -7.00400e+02
-4.58675e+00 7.10800e+02
-4.52201e+00 1.15680e+03
-4.45731e+00 1.92640e+03
-4.39262e+00 7.56800e+02
-4.32796e+00 -1.09200e+02
-4.26333e+00 -7.75800e+02
-4.19872e+00 -6.34000e+01
-4.13413e+00 2.64200e+02
-4.06957e+00 -5.47600e+02
-4.00504e+00 -1.21100e+03
-3.94053e+00 -1.51220e+03
-3.87604e+00 -5.97200e+02
-3.81158e+00 1.40380e+03
-3.74714e+00 1.24520e+03
-3.68272e+00 -6.06000e+01
-3.61834e+00 -8.31200e+02
-3.55397e+00 -1.29800e+02
-3.48963e+00 -2.34000e+02
-3.42532e+00 -1.10400e+02
-3.36103e+00 -4.27200e+02
-3.29676e+00 6.80600e+02
-3.23252e+00 -3.09200e+02
-3.16830e+00 -2.42000e+02
-3.10411e+00 2.30000e+01
-3.03994e+00 8.57800e+02
-2.97580e+00 7.95000e+02
-2.91168e+00 4.10200e+02
-2.84758e+00 5.76400e+02
-2.78351e+00 1.61000e+03
-2.71947e+00 1.87680e+03
-2.65545e+00 1.01140e+03
-2.59145e+00 2.93400e+02
-2.52748e+00 -6.86000e+01
-2.46353e+00 8.41600e+02
-2.39961e+00 7.55800e+02
-2.33571e+00 3.27420e+03
-2.27184e+00 2.63060e+03
-2.20799e+00 2.49260e+03
-2.14416e+00 1.08680e+03
-2.08036e+00 1.12560e+03
-2.01659e+00 1.98800e+03
-1.95284e+00 2.79260e+03
-1.88911e+00 2.84980e+03
-1.82541e+00 1.50300e+03
-1.76173e+00 1.91860e+03
-1.69808e+00 1.85220e+03
-1.63445e+00 2.66560e+03
-1.57085e+00 4.51720e+03
-1.50727e+00 3.79160e+03
-1.44371e+00 3.79560e+03
-1.38018e+00 3.66460e+03
-1.31668e+00 5.59260e+03
-1.25320e+00 7.35880e+03
-1.18974e+00 5.18280e+03
-1.12631e+00 5.81620e+03
-1.06290e+00 6.66020e+03
-9.99519e-01 6.98060e+03
-9.36161e-01 7.13500e+03
-8.72827e-01 8.60760e+03
-8.09518e-01 9.05480e+03
-7.46233e-01 1.13292e+04
-6.82973e-01 1.28228e+04
-6.19738e-01 1.40966e+04
-5.56527e-01 1.68982e+04
-4.93340e-01 2.41870e+04
-4.30178e-01 2.99850e+04
-3.67041e-01 4.01328e+04
-3.03928e-01 5.72264e+04
-2.40840e-01 8.39454e+04
-1.77776e-01 1.22795e+05
-1.14737e-01 1.66159e+05
-5.17230e-02 2.00162e+05
1.12670e-02 2.06339e+05
7.42330e-02 1.84251e+05
1.37174e-01 1.46111e+05
2.00090e-01 1.18780e+05
2.62982e-01 1.12340e+05
3.25850e-01 1.20078e+05
3.88693e-01 1.42989e+05
4.51511e-01 1.92199e+05
5.14305e-01 2.60426e+05
5.77074e-01 3.34139e+05
6.39819e-01 4.26791e+05
7.02539e-01 5.30964e+05
7.65234e-01 6.29123e+05
8.27905e-01 7.12603e+05
8.90552e-01 7.62095e+05
9.53174e-01 7.83390e+05
1.01577e+00 7.58830e+05
1.07834e+00 7.00318e+05
1.14089e+00 6.48669e+05
1.20342e+00 6.03782e+05
1.26592e+00 5.67978e+05
1.32839e+00 5.39701e+05
1.39084e+00 5.34618e+05
1.45327e+00 5.32172e+05
1.51567e+00 5.41780e+05
1.57804e+00 5.63283e+05
1.64040e+00 5.77168e+05
1.70272e+00 5.83953e+05
1.76503e+00 5.83465e+05
1.82730e+00 5.75397e+05
1.88956e+00 5.54063e+05
1.95179e+00 5.17871e+05
2.01399e+00 4.93810e+05
2.07617e+00 4.71002e+05
2.13833e+00 4.45586e+05
2.20046e+00 4.06160e+05
2.26257e+00 3.80578e+05
2.32465e+00 3.64894e+05
2.38671e+00 3.41540e+05
2.44874e+00 3.29380e+05
2.51075e+00 3.25018e+05
2.57273e+00 3.16666e+05
2.63469e+00 2.99899e+05
2.69663e+00 2.93506e+05
2.75854e+00 2.78647e+05
2.82042e+00 2.62221e+05
2.88228e+00 2.50374e+05
2.94412e+00 2.38497e+05
3.00593e+00 2.26084e+05
3.06772e+00 2.15080e+05
3.12948e+00 2.06901e+05
3.19122e+00 2.01049e+05
3.25293e+00 1.87971e+05
3.31462e+00 1.74192e+05
3.37629e+00 1.62890e+05
3.43793e+00 1.62769e+05
3.49954e+00 1.61936e+05
3.56114e+00 1.51011e+05
3.62270e+00 1.47309e+05
3.68424e+00 1.37091e+05
3.74576e+00 1.35142e+05
3.80726e+00 1.32012e+05
3.86872e+00 1.29942e+05
3.93017e+00 1.26614e+05
3.99159e+00 1.24182e+05
4.05298e+00 1.21651e+05
4.11435e+00 1.21902e+05
4.17570e+00 1.25531e+05
4.23702e+00 1.26188e+05
4.29832e+00 1.19628e+05
4.35959e+00 1.17690e+05
4.42084e+00 1.14998e+05
4.48206e+00 1.12685e+05
4.54326e+00 1.12071e+05
4.60443e+00 1.13361e+05
4.66558e+00 1.18303e+05
4.72671e+00 1.24341e+05
4.78781e+00 1.27330e+05
4.84888e+00 1.20210e+05
4.90993e+00 1.17137e+05
4.97096e+00 1.12535e+05
5.03196e+00 1.13606e+05
5.09294e+00 1.15379e+05
5.15389e+00 1.20420e+05
5.21482e+00 1.21541e+05
5.27573e+00 1.15640e+05
5.33661e+00 1.14987e+05
5.39746e+00 1.14939e+05
5.45829e+00 1.16649e+05
5.51910e+00 1.17372e+05
5.57988e+00 1.12251e+05
5.64063e+00 1.08783e+05
5.70137e+00 1.07692e+05
5.76208e+00 1.06562e+05
5.82276e+00 1.00561e+05
5.88342e+00 9.73644e+04
5.94405e+00 9.47536e+04
6.00466e+00 9.61080e+04
6.06525e+00 9.74180e+04
6.12581e+00 9.02168e+04
6.18634e+00 8.47834e+04
6.24685e+00 8.36104e+04
6.30734e+00 8.33178e+04
6.36780e+00 8.34794e+04
6.42824e+00 7.94078e+04
6.48865e+00 7.05700e+04
6.54904e+00 7.01160e+04
6.60941e+00 6.80386e+04
6.66975e+00 7.02352e+04
6.73006e+00 6.92790e+04
6.79035e+00 6.83400e+04
6.85062e+00 6.49146e+04
6.91086e+00 6.48854e+04
6.97108e+00 6.42874e+04
7.03127e+00 6.53614e+04
7.09144e+00 6.13498e+04
7.15158e+00 5.89738e+04
7.21170e+00 5.87094e+04
7.27179e+00 5.53638e+04
7.33186e+00 5.83668e+04
7.39191e+00 5.68964e+04
7.45193e+00 5.60124e+04
7.51192e+00 5.64196e+04
7.57190e+00 5.57924e+04
7.63184e+00 5.11498e+04
7.69177e+00 4.88606e+04
7.75166e+00 4.96504e+04
7.81154e+00 4.70934e+04
7.87139e+00 4.49080e+04
7.93121e+00 4.25528e+04
7.99101e+00 4.17796e+04
8.05078e+00 4.45502e+04
8.11054e+00 4.13648e+04
8.17026e+00 4.14376e+04
8.22996e+00 4.33986e+04
8.28964e+00 4.18020e+04
8.34929e+00 4.10940e+04
8.40892e+00 3.97974e+04
8.46852e+00 3.76964e+04
8.52810e+00 3.60710e+04
8.58766e+00 3.55636e+04
8.64719e+00 3.45848e+04
8.70669e+00 3.31498e+04
8.76617e+00 3.35796e+04
8.82563e+00 3.44542e+04
8.88506e+00 3.26774e+04
8.94447e+00 3.27574e+04
9.00385e+00 3.58048e+04
9.06321e+00 3.64060e+04
9.12254e+00 3.37746e+04
9.18185e+00 2.90390e+04
9.24113e+00 2.74450e+04
9.30039e+00 3.04028e+04
9.35963e+00 3.09444e+04
9.41884e+00 2.94986e+04
9.47803e+00 2.98878e+04
9.53719e+00 3.16184e+04
9.59633e+00 3.05076e+04
9.65544e+00 2.96034e+04
9.71453e+00 3.05386e+04
9.77359e+00 2.92820e+04
9.83263e+00 2.95668e+04
9.89164e+00 2.87900e+04
9.95063e+00 2.75070e+04
1.00096e+01 2.93620e+04
1.00685e+01 3.07632e+04
1.01275e+01 2.78104e+04
1.01863e+01 2.73236e+04
1.02452e+01 2.80444e+04
1.03041e+01 2.78916e+04
1.03629e+01 2.60104e+04
1.04217e+01 2.68968e+04
1.04804e+01 2.96824e+04
1.05392e+01 3.17724e+04
1.05979e+01 2.92804e+04
1.06566e+01 2.67648e+04
1.07153e+01 2.62936e+04
1.07739e+01 2.55760e+04
1.08325e+01 2.73026e+04
1.08911e+01 2.63186e+04
1.09497e+01 2.63090e+04
1.10083e+01 2.69728e+04
1.10668e+01 2.65920e+04
1.11253e+01 2.48012e+04
1.11837e+01 2.56450e+04
1.12422e+01 2.61270e+04
1.13006e+01 2.51958e+04
1.13590e+01 2.53892e+04
1.14174e+01 2.45730e+04
1.14758e+01 2.51102e+04
1.15341e+01 2.55630e+04
1.15924e+01 2.58514e+04
1.16507e+01 2.70248e+04
1.17089e+01 2.84814e+04
1.17671e+01 2.53274e+04
1.18254e+01 2.46640e+04
1.18835e+01 2.90588e+04
1.19417e+01 2.73080e+04
1.19998e+01 2.74122e+04
1.20579e+01 3.01526e+04
1.21160e+01 2.99714e+04
1.21741e+01 3.11452e+04
1.22321e+01 3.32888e+04
1.22901e+01 3.20714e+04
1.23481e+01 2.98848e+04
1.24060e+01 2.93050e+04
1.24640e+01 3.31956e+04
1.25219e+01 3.42192e+04
1.25798e+01 3.25114e+04
1.26376e+01 3.45552e+04
1.26955e+01 3.58690e+04
1.27533e+01 3.80196e+04
1.28111e+01 3.66690e+04
1.28688e+01 3.67712e+04
1.29266e+01 3.69934e+04
1.29843e+01 3.71720e+04
1.30420e+01 3.67840e+04
1.30996e+01 3.86872e+04
1.31573e+01 3.99344e+04
1.32149e+01 3.76454e+04
1.32725e+01 3.95446e+04
1.33301e+01 4.31498e+04
1.33876e+01 4.38478e+04
1.34451e+01 4.24506e+04
1.35026e+01 4.46630e+04
1.35601e+01 4.74552e+04
1.36175e+01 4.77412e+04
1.36749e+01 4.59072e+04
1.37323e+01 4.67636e+04
1.37897e+01 4.75902e+04
1.38470e+01 4.74470e+04
1.39044e+01 4.62070e+04
1.39617e+01 4.83332e+04
1.40189e+01 5.15520e+04
1.40762e+01 5.33006e+04
1.41334e+01 5.32856e+04
1.41906e+01 5.45456e+04
1.42478e+01 5.55866e+04
1.43049e+01 5.20786e+04
1.43621e+01 5.23298e+04
1.44192e+01 5.71054e+04
1.44762e+01 5.97324e+04
1.45333e+01 6.06056e+04
1.45903e+01 6.16766e+04
1.46473e+01 5.99706e+04
1.47043e+01 6.17986e+04
1.47612e+01 6.54768e+04
1.48182e+01 6.85730e+04
1.48751e+01 6.97190e+04
1.49320e+01 7.12552e+04
1.49888e+01 7.22232e+04
1.50456e+01 7.57724e+04
1.51024e+01 7.40328e+04
1.51592e+01 8.10734e+04
1.52160e+01 8.28786e+04
1.52727e+01 8.10020e+04
1.53294e+01 8.30306e+04
1.53861e+01 8.46488e+04
1.54428e+01 8.44550e+04
1.54994e+01 8.96826e+04
1.55560e+01 9.06176e+04
1.56126e+01 9.27728e+04
1.56691e+01 9.54738e+04
1.57257e+01 9.73178e+04
1.57822e+01 1.00180e+05
1.58387e+01 1.04653e+05
1.58951e+01 1.04717e+05
1.59516e+01 1.10440e+05
1.60080e+01 1.18877e+05
1.60644e+01 1.16685e+05
1.61207e+01 1.12427e+05
1.61771e+01 1.15986e+05
1.62334e+01 1.23305e+05
1.62897e+01 1.22126e+05
1.63460e+01 1.27077e+05
1.64022e+01 1.34151e+05
1.64584e+01 1.32820e+05
1.65146e+01 1.27262e+05
1.65708e+01 1.30886e+05
1.66269e+01 1.39633e+05
1.66830e+01 1.42285e+05
1.67391e+01 1.48001e+05
1.67952e+01 1.53460e+05
1.68512e+01 1.53333e+05
1.69073e+01 1.53360e+05
1.69633e+01 1.58739e+05
1.70192e+01 1.62196e+05
1.70752e+01 1.72149e+05
1.71311e+01 1.79921e+05
1.71870e+01 1.81739e+05
1.72429e+01 1.86082e+05
1.72987e+01 1.91873e+05
1.73545e+01 1.95931e+05
1.74103e+01 2.01145e+05
1.74661e+01 2.09879e+05
1.75219e+01 2.19582e+05
1.75776e+01 2.31647e+05
1.76333e+01 2.42472e+05
1.76890e+01 2.53252e+05
1.77446e+01 2.58160e+05
1.78003e+01 2.61803e+05
1.78559e+01 2.70892e+05
1.79114e+01 2.76738e+05
1.79670e+01 2.93790e+05
1.80225e+01 3.01312e+05
1.80780e+01 3.13429e+05
1.81335e+01 3.29200e+05
1.81890e+01 3.43463e+05
1.82444e+01 3.60780e+05
1.82998e+01 3.68433e+05
1.83552e+01 3.79007e+05
1.84105e+01 3.87804e+05
1.84659e+01 4.00729e+05
1.85212e+01 4.03453e+05
1.85765e+01 3.91285e+05
1.86317e+01 3.76411e+05
1.86870e+01 3.58583e+05
1.87422e+01 3.48072e+05
1.87974e+01 3.27288e+05
1.88525e+01 3.16203e+05
1.89077e+01 2.95225e+05
1.89628e+01 2.70031e+05
1.90179e+01 2.49793e+05
1.90729e+01 2.35516e+05
1.91280e+01 2.12613e+05
1.91830e+01 1.90344e+05
1.92380e+01 1.78178e+05
1.92929e+01 1.63411e+05
1.93479e+01 1.47440e+05
1.94028e+01 1.36412e+05
1.94577e+01 1.25399e+05
1.95125e+01 1.15682e+05
1.95674e+01 1.09567e+05
1.96222e+01 1.00170e+05
1.96770e+01 9.62012e+04
1.97318e+01 9.68544e+04
1.97865e+01 9.25284e+04
1.98412e+01 9.15896e+04
1.98959e+01 9.04750e+04
1.99506e+01 8.91168e+04
2.00052e+01 8.94188e+04
2.00599e+01 8.98236e+04
2.01145e+01 9.19684e+04
2.01690e+01 9.22756e+04
2.02236e+01 9.16732e+04
2.02781e+01 9.47476e+04
2.03326e+01 9.80620e+04
2.03871e+01 9.55164e+04
2.04415e+01 9.94500e+04
2.04959e+01 1.02904e+05
2.05503e+01 1.06409e+05
2.06047e+01 1.09854e+05
2.06591e+01 1.02325e+05
2.07134e+01 1.05250e+05
2.07677e+01 1.05888e+05
2.08220e+01 1.06521e+05
2.08762e+01 1.06808e+05
2.09305e+01 1.05146e+05
2.09847e+01 1.08231e+05
2.10388e+01 1.09272e+05
2.10930e+01 1.10283e+05
2.11471e+01 1.12253e+05
2.12012e+01 1.08259e+05
2.12553e+01 1.05734e+05
2.13094e+01 1.07543e+05
2.13634e+01 1.09651e+05
2.14174e+01 1.06878e+05
2.14714e+01 1.08499e+05
2.15254e+01 1.12092e+05
2.15793e+01 1.13174e+05
2.16332e+01 1.07991e+05
2.16871e+01 1.05848e+05
2.17410e+01 1.05239e+05
2.17948e+01 1.03678e+05
2.18486e+01 1.09277e+05
2.19024e+01 1.14298e+05
2.19562e+01 1.12445e+05
2.20099e+01 1.09861e+05
2.20636e+01 1.06849e+05
2.21173e+01 1.05591e+05
2.21710e+01 1.06582e+05
2.22246e+01 1.07806e+05
2.22782e+01 1.06243e+05
2.23318e+01 1.03837e+05
2.23854e+01 9.99396e+04
2.24389e+01 1.01337e+05
2.24924e+01 1.06824e+05
2.25459e+01 1.10415e+05
2.25994e+01 1.07219e+05
2.26528e+01 1.05150e+05
2.27062e+01 1.04469e+05
2.27596e+01 1.05120e+05
2.28130e+01 1.02141e+05
2.28664e+01 1.04385e+05
2.29197e+01 1.01612e+05
2.29730e+01 9.54242e+04
2.30262e+01 9.35308e+04
2.30795e+01 9.33940e+04
2.31327e+01 9.39152e+04
2.31859e+01 9.38122e+04
2.32391e+01 9.23608e+04
2.32922e+01 8.86330e+04
2.33454e+01 8.67574e+04
2.33985e+01 8.54690e+04
2.34515e+01 8.21470e+04
2.35046e+01 8.08168e+04
2.35576e+01 7.58222e+04
2.36106e+01 7.48690e+04
2.36636e+01 7.46118e+04
2.37165e+01 7.55310e+04
2.37695e+01 7.63976e+04
2.38224e+01 7.65764e+04
2.38753e+01 7.07084e+04
2.39281e+01 6.89726e+04
2.39809e+01 6.72222e+04
2.40337e+01 6.26304e+04
2.40865e+01 6.25422e+04
2.41393e+01 6.04708e+04
2.41920e+01 6.02490e+04
2.42447e+01 5.79300e+04
2.42974e+01 5.71908e+04
2.43501e+01 5.47238e+04
2.44027e+01 5.18648e+04
2.44553e+01 5.02202e+04
2.45079e+01 4.99112e+04
2.45605e+01 4.96664e+04
2.46130e+01 5.16050e+04
2.46655e+01 5.36528e+04
2.47180e+01 5.10862e+04
2.47704e+01 4.52036e+04
2.48229e+01 4.89678e+04
2.48753e+01 4.81484e+04
2.49277e+01 4.51118e+04
2.49800e+01 4.22780e+04
2.50324e+01 4.19378e+04
2.50847e+01 4.12950e+04
2.51370e+01 4.04390e+04
2.51893e+01 4.07236e+04
2.52415e+01 3.96720e+04
2.52937e+01 3.90986e+04
2.53459e+01 3.89914e+04
2.53981e+01 3.67524e+04
2.54502e+01 3.70696e+04
2.55023e+01 3.71294e+04
2.55544e+01 3.43000e+04
2.56065e+01 3.29650e+04
2.56585e+01 3.12226e+04
2.57106e+01 3.30864e+04
2.57626e+01 3.34638e+04
2.58145e+01 3.21696e+04
2.58665e+01 3.00072e+04
2.59184e+01 2.92030e+04
2.59703e+01 3.04352e+04
2.60222e+01 3.14626e+04
2.60740e+01 2.80306e+04
2.61258e+01 2.74522e+04
2.61776e+01 2.60838e+04
2.62294e+01 2.56924e+04
2.62812e+01 2.53396e+04
2.63329e+01 2.66438e+04
2.63846e+01 2.58584e+04
2.64363e+01 2.55288e+04
2.64879e+01 2.41304e+04
2.65395e+01 2.42214e+04
2.65912e+01 2.49532e+04
2.66427e+01 2.46636e+04
2.66943e+01 2.44932e+04
2.67458e+01 2.39164e+04
2.67973e+01 2.16188e+04
2.68488e+01 2.23146e+04
2.69003e+01 2.05302e+04
2.69517e+01 2.23022e+04
2.70031e+01 2.24654e+04
2.70545e+01 2.23470e+04
2.71058e+01 1.98480e+04
2.71572e+01 1.93054e+04
2.72085e+01 1.94934e+04
2.72598e+01 2.18438e+04
2.73110e+01 2.07878e+04
2.73622e+01 2.09684e+04
2.74135e+01 2.02294e+04
2.74646e+01 1.73924e+04
2.75158e+01 1.58592e+04
2.75669e+01 1.79490e+04
2.76181e+01 1.73108e+04
2.76691e+01 1.71620e+04
2.77202e+01 1.69304e+04
2.77712e+01 1.58730e+04
2.78223e+01 1.56454e+04
2.78732e+01 1.67880e+04
2.79242e+01 1.83208e+04
2.79752e+01 1.61326e+04
2.80261e+01 1.63566e+04
2.80770e+01 1.70014e+04
2.81278e+01 1.70482e+04
2.81787e+01 1.81918e+04
2.82295e+01 1.76162e+04
2.82803e+01 1.64354e+04
2.83310e+01 1.49700e+04
2.83818e+01 1.63190e+04
2.84325e+01 1.59316e+04
2.84832e+01 1.66110e+04
2.85339e+01 1.47234e+04
2.85845e+01 1.44496e+04
2.86351e+01 1.60066e+04
2.86857e+01 1.58484e+04
2.87363e+01 1.39786e+04
2.87869e+01 1.28180e+04
2.88374e+01 1.25640e+04
2.88879e+01 1.42218e+04
2.89384e+01 1.42230e+04
2.89888e+01 1.25356e+04
2.90392e+01 1.39458e+04
2.90896e+01 1.38322e+04
2.91400e+01 1.14958e+04
2.91904e+01 1.22190e+04
2.92407e+01 1.35016e+04
2.92910e+01 1.36660e+04
2.93413e+01 1.18968e+04
2.93915e+01 9.41560e+03
2.94417e+01 1.15520e+04
2.94919e+01 1.32700e+04
2.95421e+01 1.49972e+04
2.95923e+01 1.46280e+04
2.96424e+01 1.40782e+04
2.96925e+01 1.08104e+04
2.97426e+01 1.18618e+04
2.97927e+01 1.21404e+04
2.98427e+01 1.09630e+04
2.98927e+01 1.22746e+04
2.99427e+01 1.32584e+04
2.99926e+01 1.13620e+04
3.00426e+01 1.04324e+04
3.00925e+01 1.11244e+04
3.01424e+01 1.09336e+04
3.01922e+01 1.08630e+04
3.02421e+01 9.70180e+03
3.02919e+01 9.54000e+03
3.03417e+01 1.01142e+04
3.03914e+01 1.11666e+04
3.04412e+01 1.09088e+04
3.04909e+01 1.06166e+04
3.05406e+01 1.19982e+04
3.05902e+01 1.30024e+04
3.06399e+01 1.12906e+04
3.06895e+01 1.03176e+04
3.07391e+01 1.05210e+04
3.07886e+01 9.50880e+03
3.08382e+01 8.15780e+03
3.08877e+01 8.66240e+03
3.09372e+01 1.07816e+04
3.09867e+01 1.32390e+04
3.10361e+01 1.23046e+04
3.10855e+01 1.03724e+04
3.11349e+01 1.08714e+04
3.11843e+01 1.09912e+04
3.12336e+01 1.17806e+04
3.12830e+01 1.04396e+04
3.13322e+01 1.03596e+04
3.13815e+01 1.19280e+04
3.14308e+01 1.23020e+04
3.14800e+01 1.13114e+04
3.15292e+01 1.11382e+04
3.15784e+01 1.30076e+04
3.16275e+01 1.18776e+04
3.16766e+01 1.02964e+04
3.17257e+01 8.38000e+03
3.17748e+01 9.42420e+03
3.18239e+01 9.75880e+03
3.18729e+01 8.22200e+03
3.19219e+01 8.83380e+03
3.19709e+01 9.83900e+03
3.20198e+01 9.96880e+03
3.20687e+01 7.93720e+03
3.21176e+01 8.65080e+03
3.21665e+01 1.07418e+04
3.22154e+01 9.88500e+03
3.22642e+01 8.93340e+03
3.23130e+01 9.87720e+03
3.23618e+01 1.15434e+04
3.24106e+01 1.14452e+04
3.24593e+01 9.50320e+03
3.25080e+01 9.81780e+03
3.25567e+01 1.02668e+04
3.26053e+01 7.80020e+03
3.26540e+01 7.50040e+03
3.27026e+01 9.67600e+03
3.27512e+01 9.71380e+03
3.27997e+01 8.78440e+03
3.28483e+01 1.02554e+04
3.28968e+01 1.17408e+04
3.29452e+01 9.87480e+03
3.29937e+01 8.93440e+03
3.30421e+01 8.08380e+03
3.30906e+01 9.95460e+03
3.31389e+01 9.69300e+03
3.31873e+01 9.83320e+03
3.32357e+01 1.10902e+04
3.32840e+01 9.13340e+03
3.33323e+01 9.51940e+03
3.33805e+01 1.04522e+04
3.34288e+01 1.01124e+04
3.34770e+01 9.43140e+03
3.35252e+01 9.18980e+03
3.35733e+01 9.49960e+03
3.36215e+01 1.00384e+04
3.36696e+01 9.47320e+03
3.37177e+01 9.67120e+03
3.37658e+01 9.96200e+03
3.38138e+01 8.19220e+03
3.38618e+01 1.03118e+04
3.39098e+01 1.04560e+04
3.39578e+01 1.06266e+04
3.40057e+01 9.99380e+03
3.40537e+01 9.83780e+03
3.41016e+01 8.42300e+03
3.41494e+01 8.26600e+03
3.41973e+01 1.02078e+04
3.42451e+01 9.59200e+03
3.42929e+01 9.97340e+03
3.43407e+01 9.22920e+03
3.43884e+01 9.78080e+03
3.44361e+01 1.13298e+04
3.44838e+01 1.23230e+04
3.45315e+01 1.09288e+04
3.45792e+01 9.33340e+03
3.46268e+01 1.13134e+04
3.46744e+01 1.25388e+04
3.47220e+01 1.35724e+04
3.47695e+01 1.26090e+04
3.48171e+01 1.15090e+04
3.48646e+01 1.41280e+04
3.49121e+01 1.36964e+04
3.49595e+01 1.16160e+04
3.50069e+01 1.38430e+04
3.50543e+01 1.33644e+04
3.51017e+01 1.40328e+04
3.51491e+01 1.53144e+04
3.51964e+01 1.43814e+04
3.52437e+01 1.73116e+04
3.52910e+01 1.67634e+04
3.53383e+01 1.77604e+04
3.53855e+01 1.73428e+04
3.54327e+01 1.56546e+04
3.54799e+01 1.57476e+04
3.55271e+01 1.51160e+04
3.55742e+01 1.54750e+04
3.56213e+01 1.60008e+04
3.56684e+01 1.80562e+04
3.57155e+01 1.71178e+04
3.57625e+01 1.73830e+04
3.58095e+01 1.88304e+04
3.58565e+01 1.97506e+04
3.59035e+01 1.89492e+04
3.59504e+01 1.86116e+04
3.59973e+01 1.88670e+04
3.60442e+01 1.87066e+04
3.60911e+01 1.92160e+04
3.61379e+01 2.07418e+04
3.61847e+01 2.09782e+04
3.62315e+01 2.08792e+04
3.62783e+01 1.92786e+04
3.63250e+01 1.76216e+04
3.63718e+01 1.76432e+04
3.64185e+01 1.52194e+04
3.64651e+01 1.41808e+04
3.65118e+01 1.33210e+04
3.65584e+01 1.59374e+04
3.66050e+01 1.68970e+04
3.66516e+01 1.33168e+04
3.66981e+01 1.37826e+04
3.67446e+01 1.66464e+04
3.67911e+01 1.53430e+04
3.68376e+01 1.61710e+04
3.68841e+01 1.31924e+04
3.69305e+01 1.31172e+04
3.69769e+01 1.34688e+04
3.70233e+01 1.50838e+04
3.70696e+01 1.31626e+04
3.71159e+01 1.38928e+04
3.71622e+01 1.55352e+04
3.72085e+01 1.34196e+04
3.72548e+01 1.26652e+04
3.73010e+01 1.21392e+04
3.73472e+01 1.18798e+04
3.73934e+01 1.14826e+04
3.74395e+01 1.24354e+04
3.74857e+01 1.48582e+04
3.75318e+01 1.26772e+04
3.75778e+01 1.35084e+04
3.76239e+01 1.34584e+04
3.76699e+01 1.24092e+04
3.77159e+01 1.32534e+04
3.77619e+01 1.38276e+04
3.78079e+01 1.38052e+04
3.78538e+01 1.41136e+04
3.78997e+01 1.31506e+04
3.79456e+01 1.48678e+04
3.79915e+01 1.44592e+04
3.80373e+01 1.30348e+04
3.80831e+01 1.30006e+04
3.81289e+01 1.36500e+04
3.81747e+01 1.20896e+04
3.82204e+01 1.27950e+04
3.82661e+01 1.31484e+04
3.83118e+01 1.33908e+04
3.83575e+01 1.67144e+04
3.84031e+01 1.79952e+04
3.84487e+01 1.68476e+04
3.84943e+01 1.47648e+04
3.85399e+01 1.27572e+04
3.85854e+01 1.30098e+04
3.86309e+01 1.31938e+04
3.86764e+01 1.37826e+04
3.87219e+01 1.50314e+04
3.87673e+01 1.35378e+04
3.88128e+01 1.37994e+04
3.88582e+01 1.34184e+04
3.89035e+01 1.24678e+04
3.89489e+01 1.22872e+04
3.89942e+01 1.25796e+04
3.90395e+01 1.20378e+04
3.90848e+01 1.26598e+04
3.91300e+01 1.32894e+04
3.91752e+01 1.34626e+04
3.92204e+01 1.37894e+04
3.92656e+01 1.24970e+04
3.93107e+01 1.17700e+04
3.93559e+01 1.16240e+04
3.94010e+01 9.67500e+03
3.94460e+01 9.62220e+03
3.94911e+01 9.89220e+03
3.95361e+01 1.34024e+04
3.95811e+01 1.30466e+04
3.96261e+01 1.13688e+04
3.96710e+01 1.10358e+04
3.97160e+01 1.33256e+04
3.97609e+01 1.14510e+04
3.98058e+01 1.00256e+04
3.98506e+01 9.63620e+03
3.98954e+01 1.26244e+04
3.99402e+01 1.04628e+04
3.99850e+01 1.18096e+04
4.00298e+01 1.30668e+04
4.00745e+01 1.25452e+04
4.01192e+01 9.70500e+03
4.01639e+01 1.05564e+04
4.02086e+01 8.30440e+03
4.02532e+01 8.46820e+03
4.02978e+01 9.47540e+03
4.03424e+01 9.81220e+03
4.03869e+01 9.26200e+03
4.04315e+01 1.01858e+04
4.04760e+01 1.16982e+04
4.05205e+01 1.14466e+04
4.05649e+01 1.05610e+04
4.06094e+01 1.23738e+04
4.06538e+01 1.09752e+04
4.06982e+01 1.20520e+04
4.07425e+01 1.23272e+04
4.07869e+01 1.37580e+04
4.08312e+01 1.20292e+04
4.08755e+01 1.34548e+04
4.09197e+01 1.27636e+04
4.09640e+01 1.22564e+04
4.10082e+01 1.13726e+04
4.10524e+01 1.11464e+04
4.10966e+01 9.29280e+03
4.11407e+01 9.85040e+03
4.11848e+01 9.31600e+03
4.12289e+01 1.09984e+04
4.12730e+01 1.28966e+04
4.13170e+01 1.24220e+04
4.13610e+01 1.11284e+04
4.14050e+01 1.00698e+04
4.14490e+01 9.29100e+03
4.14930e+01 8.04080e+03
4.15369e+01 9.76800e+03
4.15808e+01 1.07108e+04
4.16246e+01 1.17136e+04
4.16685e+01 1.25340e+04
4.17123e+01 1.04182e+04
4.17561e+01 1.00746e+04
4.17999e+01 1.20400e+04
4.18436e+01 1.24282e+04
4.18874e+01 1.03788e+04
4.19311e+01 1.31850e+04
4.19747e+01 1.36048e+04
4.20184e+01 1.29746e+04
4.20620e+01 1.22414e+04
4.21056e+01 1.24180e+04
4.21492e+01 1.11660e+04
4.21928e+01 1.07454e+04
4.22363e+01 9.85500e+03
4.22798e+01 1.06722e+04
4.23233e+01 1.15162e+04
4.23667e+01 1.02468e+04
4.24102e+01 9.60180e+03
4.24536e+01 9.49940e+03
4.24969e+01 9.08360e+03
4.25403e+01 1.11596e+04
4.25836e+01 1.26318e+04
4.26269e+01 1.21280e+04
4.26702e+01 1.20516e+04
4.27135e+01 1.13804e+04
4.27567e+01 1.00572e+04
4.27999e+01 1.17442e+04
4.28431e+01 1.20426e+04
4.28863e+01 1.21924e+04
4.29294e+01 1.23690e+04
4.29725e+01 1.30296e+04
4.30156e+01 1.23694e+04
4.30587e+01 1.19984e+04
4.31017e+01 9.94900e+03
4.31447e+01 9.26380e+03
4.31877e+01 1.02374e+04
4.32307e+01 9.47980e+03
4.32736e+01 8.20920e+03
4.33165e+01 6.35620e+03
4.33594e+01 9.66880e+03
4.34023e+01 9.12980e+03
4.34451e+01 7.51560e+03
4.34879e+01 9.16620e+03
4.35307e+01 9.53860e+03
4.35735e+01 1.09096e+04
4.36163e+01 1.00536e+04
4.36590e+01 9.19080e+03
4.37017e+01 1.05554e+04
4.37443e+01 9.53160e+03
4.37870e+01 1.12778e+04
4.38296e+01 1.10370e+04
4.38722e+01 1.13822e+04
4.39148e+01 1.04454e+04
4.39573e+01 1.02608e+04
4.39998e+01 9.98280e+03
4.40423e+01 1.00030e+04
4.40848e+01 9.36380e+03
4.41273e+01 9.17820e+03
4.41697e+01 9.85500e+03
4.42121e+01 1.06654e+04
4.42545e+01 9.02320e+03
4.42968e+01 8.65400e+03
4.43391e+01 7.66800e+03
4.43814e+01 6.20660e+03
4.44237e+01 5.62180e+03
4.44660e+01 5.05460e+03
4.45082e+01 6.61380e+03
4.45504e+01 8.43820e+03
4.45926e+01 8.24140e+03
4.46347e+01 6.74200e+03
4.46769e+01 3.63620e+03
4.47190e+01 1.90900e+03
4.47610e+01 4.18640e+03
4.48031e+01 7.10780e+03
4.48451e+01 7.94260e+03
4.48871e+01 6.07240e+03
4.49291e+01 5.26580e+03
4.49711e+01 5.42620e+03
4.50130e+01 4.89200e+03
4.50549e+01 3.77520e+03
4.50968e+01 4.28860e+03
4.51387e+01 5.30860e+03
4.51805e+01 5.49240e+03
4.52223e+01 6.13600e+03
4.52641e+01 7.48720e+03
4.53059e+01 5.77680e+03
4.53476e+01 5.40220e+03
4.53893e+01 5.46560e+03
4.54310e+01 7.01300e+03
4.54727e+01 7.47760e+03
4.55143e+01 5.96420e+03
4.55559e+01 4.74640e+03
4.55975e+01 5.94140e+03
4.56391e+01 6.27180e+03
4.56806e+01 6.43080e+03
4.57221e+01 6.16840e+03
4.57636e+01 5.67400e+03
4.58051e+01 3.62400e+03
4.58465e+01 5.19300e+03
4.58880e+01 5.10860e+03
4.59293e+01 4.43880e+03
4.59707e+01 4.00180e+03
4.60121e+01 5.22440e+03
4.60534e+01 5.06360e+03
4.60947e+01 6.12920e+03
4.61360e+01 6.51920e+03
4.61772e+01 4.07960e+03
4.62184e+01 4.98860e+03
4.62596e+01 7.32220e+03
4.63008e+01 7.94900e+03
4.63419e+01 5.89840e+03
4.63831e+01 5.31220e+03
4.64242e+01 5.56760e+03
4.64652e+01 3.96520e+03
4.65063e+01 2.61640e+03
4.65473e+01 2.11880e+03
4.65883e+01 3.21220e+03
4.66293e+01 6.07960e+03
4.66702e+01 6.64820e+03
4.67112e+01 7.01800e+03
4.67521e+01 5.36500e+03
4.67929e+01 3.90040e+03
4.68338e+01 4.94880e+03
4.68746e+01 4.86860e+03
4.69154e+01 5.43920e+03
4.69562e+01 5.50880e+03
4.69970e+01 5.60740e+03
4.70377e+01 4.59940e+03
4.70784e+01 4.31220e+03
4.71191e+01 5.97500e+03
4.71598e+01 6.48600e+03
4.72004e+01 6.54560e+03
4.72410e+01 9.46980e+03
4.72816e+01 7.35880e+03
4.73221e+01 5.83980e+03
4.73627e+01 5.71540e+03
4.74032e+01 6.12020e+03
4.74437e+01 6.06280e+03
4.74841e+01 6.08520e+03
4.75246e+01 4.68640e+03
4.75650e+01 6.51040e+03
4.76054e+01 6.49200e+03
4.76457e+01 4.83940e+03
4.76861e+01 3.44620e+03
4.77264e+01 5.82280e+03
4.77667e+01 7.07860e+03
4.78069e+01 6.20780e+03
4.78472e+01 5.71140e+03
4.78874e+01 6.36120e+03
4.79276e+01 4.87980e+03
4.79677e+01 6.72740e+03
4.80079e+01 7.08160e+03
4.80480e+01 5.42600e+03
4.80881e+01 5.12380e+03
4.81282e+01 6.33480e+03
4.81682e+01 4.43940e+03
4.82082e+01 3.40060e+03
4.82482e+01 4.04420e+03
4.82882e+01 5.14560e+03
4.83281e+01 5.73160e+03
4.83681e+01 6.40260e+03
4.84080e+01 6.60660e+03
4.84478e+01 5.91260e+03
4.84877e+01 4.33680e+03
4.85275e+01 5.67280e+03
4.85673e+01 5.82160e+03
4.86071e+01 5.72280e+03
4.86468e+01 5.07900e+03
4.86865e+01 6.09980e+03
4.87263e+01 6.77400e+03
4.87659e+01 4.95240e+03
4.88056e+01 4.06580e+03
4.88452e+01 6.11840e+03
4.88848e+01 6.11960e+03
4.89244e+01 5.08360e+03
4.89639e+01 3.82260e+03
4.90035e+01 4.58920e+03
4.90430e+01 3.71200e+03
4.90824e+01 3.07700e+03
4.91219e+01 4.34780e+03
4.91613e+01 4.25680e+03
4.92007e+01 5.39000e+03
4.92401e+01 5.22240e+03
4.92795e+01 5.21420e+03
4.93188e+01 6.53620e+03
4.93581e+01 5.36360e+03
4.93974e+01 5.21580e+03
4.94367e+01 5.38420e+03
4.94759e+01 5.82760e+03
4.95151e+01 5.53480e+03
4.95543e+01 3.57340e+03
4.95934e+01 5.22860e+03
4.96326e+01 6.49900e+03
4.96717e+01 4.91360e+03
4.97108e+01 3.63020e+03
4.97498e+01 3.68320e+03
4.97889e+01 3.60700e+03
4.98279e+01 4.49040e+03
4.98669e+01 5.48860e+03
4.99059e+01 5.83380e+03
4.99448e+01 5.81440e+03
4.99837e+01 5.59860e+03
5.00226e+01 4.03640e+03
5.00615e+01 5.49800e+03
5.01003e+01 4.93780e+03
5.01391e+01 5.27660e+03
5.01779e+01 5.54980e+03
5.02167e+01 6.30360e+03
5.02554e+01 5.27940e+03
5.02941e+01 5.23140e+03
5.03328e+01 3.91340e+03
5.03715e+01 4.40400e+03
5.04102e+01 5.82620e+03
5.04488e+01 5.97320e+03
5.04874e+01 5.58940e+03
5.05259e+01 3.71420e+03
5.05645e+01 4.24980e+03
5.06030e+01 5.00160e+03
5.06415e+01 5.44380e+03
5.06800e+01 5.26340e+03
5.07184e+01 5.14380e+03
5.07569e+01 4.06520e+03
5.07953e+01 3.37480e+03
5.08336e+01 3.25580e+03
5.08720e+01 4.66900e+03
5.09103e+01 4.55160e+03
5.09486e+01 2.93360e+03
5.09869e+01 5.19060e+03
5.10251e+01 6.83160e+03
5.10634e+01 4.56320e+03
5.11016e+01 4.44140e+03
5.11397e+01 4.51980e+03
5.11779e+01 5.27180e+03
5.12160e+01 5.65940e+03
5.12541e+01 7.72960e+03
5.12922e+01 6.02360e+03
5.13303e+01 5.80760e+03
5.13683e+01 6.34460e+03
5.14063e+01 4.23900e+03
5.14443e+01 4.66780e+03
5.14823e+01 6.14700e+03
5.15202e+01 5.21120e+03
5.15581e+01 4.63240e+03
5.15960e+01 5.44440e+03
5.16338e+01 4.99260e+03
5.16717e+01 3.53660e+03
5.17095e+01 4.23820e+03
5.17473e+01 4.58100e+03
5.17850e+01 4.50760e+03
5.18228e+01 5.50340e+03
5.18605e+01 6.52780e+03
5.18982e+01 4.54860e+03
5.19358e+01 3.29100e+03
5.19735e+01 4.06800e+03
5.20111e+01 5.26720e+03
5.20487e+01 4.76060e+03
5.20862e+01 5.72080e+03
5.21238e+01 4.76380e+03
5.21613e+01 6.06180e+03
5.21988e+01 6.32560e+03
5.22363e+01 4.77980e+03
5.22737e+01 4.30520e+03
5.23111e+01 2.89900e+03
5.23485e+01 3.18700e+03
5.23859e+01 4.08820e+03
5.24232e+01 4.13640e+03
5.24605e+01 3.93960e+03
5.24978e+01 2.10060e+03
5.25351e+01 1.57840e+03
5.25724e+01 2.43020e+03
5.26096e+01 2.81240e+03
5.26468e+01 1.42720e+03
5.26839e+01 2.62080e+03
5.27211e+01 3.92140e+03
5.27582e+01 3.94940e+03
5.27953e+01 4.80760e+03
5.28324e+01 6.02140e+03
5.28694e+01 4.99640e+03
5.29065e+01 4.29200e+03
5.29435e+01 3.98940e+03
5.29804e+01 4.07960e+03
5.30174e+01 5.52280e+03
5.30543e+01 4.49680e+03
5.30912e+01 3.43460e+03
5.31281e+01 2.84180e+03
5.31650e+01 4.28680e+03
5.32018e+01 4.54760e+03
5.32386e+01 3.36860e+03
5.32754e+01 3.42800e+03
5.33121e+01 3.21500e+03
5.33489e+01 2.84060e+03
5.33856e+01 3.25960e+03
5.34222e+01 2.95500e+03
5.34589e+01 3.22400e+03
5.34955e+01 2.39760e+03
5.35321e+01 3.98260e+03
5.35687e+01 5.07320e+03
5.36053e+01 3.54780e+03
5.36418e+01 3.05300e+03
5.36783e+01 3.84900e+03
5.37148e+01 3.67700e+03
5.37513e+01 2.63040e+03
5.37877e+01 2.47120e+03
5.38241e+01 1.75940e+03
5.38605e+01 2.93080e+03
5.38969e+01 4.60240e+03
5.39332e+01 5.15300e+03
5.39695e+01 5.16440e+03
5.40058e+01 2.99980e+03
5.40421e+01 3.24480e+03
5.40783e+01 2.03600e+03
5.41145e+01 2.92900e+03
5.41507e+01 3.39280e+03
5.41869e+01 2.62720e+03
5.42230e+01 2.53200e+03
5.42592e+01 3.08840e+03
5.42952e+01 2.22020e+03
5.43313e+01 1.33500e+03
5.43674e+01 1.97080e+03
5.44034e+01 1.73860e+03
5.44394e+01 3.78660e+03
5.44753e+01 3.78220e+03
5.45113e+01 1.98900e+03
5.45472e+01 1.59560e+03
5.45831e+01 2.13260e+03
5.46190e+01 3.44900e+03
5.46548e+01 3.11460e+03
5.46906e+01 3.49740e+03
5.47264e+01 4.49560e+03
5.47622e+01 4.17280e+03
5.47980e+01 2.88280e+03
5.48337e+01 4.28040e+03
5.48694e+01 3.65780e+03
5.49051e+01 3.48780e+03
5.49407e+01 3.36640e+03
5.49763e+01 2.73000e+03
5.50119e+01 4.73700e+03
5.50475e+01 3.58740e+03
5.50831e+01 3.16460e+03
5.51186e+01 5.86900e+03
5.51541e+01 4.52220e+03
5.51896e+01 5.40480e+03
5.52250e+01 4.45660e+03
5.52605e+01 3.75100e+03
5.52959e+01 2.55280e+03
5.53313e+01 2.87980e+03
5.53666e+01 2.91780e+03
5.54020e+01 3.31080e+03
5.54373e+01 3.38040e+03
5.54725e+01 3.82200e+03
5.55078e+01 2.26780e+03
5.55430e+01 2.75380e+03
5.55782e+01 3.65700e+03
5.56134e+01 2.85340e+03
5.56486e+01 1.68480e+03
5.56837e+01 2.69660e+03
5.57188e+01 4.10140e+03
5.57539e+01 4.41480e+03
5.57890e+01 4.51600e+03
5.58240e+01 2.63260e+03
5.58590e+01 4.71140e+03
5.58940e+01 5.68840e+03
5.59290e+01 5.66660e+03
5.59639e+01 4.67320e+03
5.59988e+01 5.88120e+03
5.60337e+01 4.47360e+03
5.60686e+01 5.04600e+03
5.61034e+01 4.20540e+03
5.61383e+01 3.80120e+03
5.61730e+01 5.10600e+03
5.62078e+01 7.08640e+03
5.62426e+01 7.41140e+03
5.62773e+01 7.39700e+03
5.63120e+01 9.05580e+03
5.63466e+01 7.06160e+03
5.63813e+01 6.72900e+03
5.64159e+01 7.41400e+03
5.64505e+01 7.46400e+03
5.64851e+01 8.54920e+03
5.65196e+01 7.93060e+03
5.65541e+01 6.61040e+03
5.65886e+01 7.00240e+03
5.66231e+01 8.48220e+03
5.66576e+01 7.67540e+03
5.66920e+01 6.29740e+03
5.67264e+01 6.83820e+03
5.67608e+01 7.63060e+03
5.67951e+01 7.12720e+03
5.68294e+01 8.62120e+03
5.68637e+01 8.86180e+03
5.68980e+01 7.81220e+03
5.69323e+01 6.82300e+03
5.69665e+01 8.54320e+03
5.70007e+01 1.02030e+04
5.70349e+01 1.12032e+04
5.70690e+01 1.03142e+04
5.71032e+01 1.07202e+04
5.71373e+01 9.18320e+03
5.71713e+01 9.63220e+03
5.72054e+01 8.12600e+03
5.72394e+01 9.07540e+03
5.72734e+01 8.42660e+03
5.73074e+01 8.47340e+03
5.73414e+01 7.39360e+03
5.73753e+01 6.79440e+03
5.74092e+01 7.77860e+03
5.74431e+01 8.61700e+03
5.74770e+01 8.83520e+03
5.75108e+01 8.66460e+03
5.75446e+01 8.80880e+03
5.75784e+01 7.65540e+03
5.76122e+01 6.09880e+03
5.76459e+01 5.73000e+03
5.76796e+01 7.64540e+03
5.77133e+01 8.86560e+03
5.77470e+01 7.20600e+03
5.77806e+01 6.06600e+03
5.78142e+01 6.73900e+03
5.78478e+01 6.99000e+03
5.78814e+01 7.48660e+03
5.79149e+01 6.18500e+03
5.79484e+01 4.90940e+03
5.79819e+01 6.19500e+03
5.80154e+01 6.38700e+03
5.80488e+01 7.28700e+03
5.80822e+01 6.47220e+03
5.81156e+01 5.33320e+03
5.81490e+01 6.16200e+03
5.81823e+01 5.20580e+03
5.82157e+01 5.05840e+03
5.82490e+01 4.14840e+03
5.82822e+01 2.55920e+03
5.83155e+01 3.48160e+03
5.83487e+01 2.72700e+03
5.83819e+01 3.52100e+03
5.84151e+01 4.10400e+03
5.84482e+01 4.30060e+03
5.84813e+01 5.64420e+03
5.85144e+01 4.43780e+03
5.85475e+01 2.66740e+03
5.85806e+01 2.94300e+03
5.86136e+01 1.76740e+03
5.86466e+01 1.50220e+03
5.86796e+01 1.78720e+03
5.87125e+01 2.55100e+03
5.87454e+01 3.02640e+03
5.87783e+01 3.60580e+03
5.88112e+01 2.84580e+03
5.88441e+01 2.14260e+03
5.88769e+01 1.52020e+03
5.89097e+01 1.78660e+03
5.89425e+01 2.08420e+03
5.89752e+01 3.02340e+03
5.90080e+01 1.71440e+03
5.90407e+01 1.72640e+03
5.90734e+01 7.40200e+02
5.91060e+01 2.54640e+03
5.91386e+01 1.98760e+03
5.91713e+01 1.75400e+03
5.92038e+01 1.36100e+03
5.92364e+01 -2.68200e+02
5.92689e+01 9.14000e+01
5.93014e+01 1.03300e+03
5.93339e+01 1.63640e+03
5.93664e+01 1.60320e+03
5.93988e+01 1.17020e+03
5.94312e+01 2.01200e+03
5.94636e+01 -3.18600e+02
5.94960e+01 -6.85800e+02
5.95283e+01 -1.22740e+03
5.95606e+01 -1.44780e+03
5.95929e+01 -2.15600e+03
5.96252e+01 -1.56340e+03
5.96574e+01 3.47000e+02
5.96896e+01 1.81600e+03
5.97218e+01 1.46060e+03
5.97540e+01 8.71200e+02
5.97861e+01 2.65340e+03
5.98183e+01 3.38060e+03
5.98504e+01 2.52760e+03
5.98824e+01 1.64980e+03
5.99145e+01 7.92200e+02
5.99465e+01 1.25800e+03
5.99785e+01 2.21680e+03
6.00105e+01 1.15880e+03
6.00424e+01 1.43500e+03
6.00743e+01 6.80400e+02
6.01062e+01 -1.06120e+03
6.01381e+01 6.49000e+02
6.01699e+01 7.29200e+02
6.02018e+01 6.65600e+02
6.02336e+01 1.12680e+03
6.02653e+01 5.73200e+02
6.02971e+01 -2.96200e+02
6.03288e+01 6.44800e+02
6.03605e+01 1.36780e+03
6.03922e+01 1.40800e+02
6.04238e+01 -5.63400e+02
6.04555e+01 2.37600e+02
6.04871e+01 -4.80000e+01
6.05186e+01 -5.56800e+02
6.05502e+01 5.36800e+02
6.05817e+01 1.07100e+03
6.06132e+01 2.02900e+03
6.06447e+01 -3.05400e+02
6.06761e+01 -3.94200e+02
6.07076e+01 7.66000e+01
6.07390e+01 3.60000e+02
6.07704e+01 -5.37800e+02
6.08017e+01 9.37400e+02
6.08331e+01 5.99000e+02
6.08644e+01 2.45740e+03
6.08956e+01 1.31300e+03
6.09269e+01 1.82540e+03
6.09581e+01 9.34400e+02
6.09893e+01 4.29800e+02
6.10205e+01 6.79800e+02
6.10517e+01 1.31500e+03
6.10828e+01 1.12600e+02
6.11139e+01 -3.56000e+02
6.11450e+01 -8.56000e+02
6.11761e+01 -7.66000e+01
6.12071e+01 -2.12200e+02
6.12381e+01 1.32620e+03
6.12691e+01 1.19600e+02
6.13001e+01 -5.87000e+02
6.13310e+01 -1.72860e+03
6.13619e+01 -7.90000e+01
6.13928e+01 1.13600e+03
6.14237e+01 1.88740e+03
6.14545e+01 2.71880e+03
6.14854e+01 1.59680e+03
6.15161e+01 -2.63200e+02
6.15469e+01 1.29720e+03
6.15777e+01 1.39920e+03
6.16084e+01 2.18820e+03
6.16391e+01 7.20000e+01
6.16697e+01 9.76000e+01
6.17004e+01 -2.76000e+02
6.17310e+01 1.49600e+02
6.17616e+01 9.69600e+02
6.17922e+01 1.47200e+03
6.18227e+01 1.34540e+03
6.18532e+01 1.62020e+03
6.18837e+01 6.24600e+02
6.19142e+01 9.39400e+02
6.19447e+01 4.89200e+02
6.19751e+01 1.15380e+03
6.20055e+01 5.48600e+02
6.20359e+01 -3.95600e+02
6.20662e+01 1.14260e+03
6.20965e+01 1.56300e+03
6.21268e+01 1.05760e+03
6.21571e+01 2.02000e+02
6.21874e+01 -4.31600e+02
6.22176e+01 -1.38200e+03
6.22478e+01 -3.31600e+02
6.22780e+01 8.02000e+01
6.23081e+01 7.23800e+02
6.23382e+01 1.71160e+03
6.23684e+01 9.38000e+01
6.23984e+01 4.02200e+02
6.24285e+01 1.38020e+03
6.24585e+01 -9.34000e+01
6.24885e+01 3.60600e+02
6.25185e+01 1.34460e+03
6.25485e+01 1.68880e+03
6.25784e+01 -6.20200e+02
6.26083e+01 -6.18200e+02
6.26382e+01 -7.04000e+02
6.26681e+01 5.50200e+02
6.26979e+01 1.80400e+02
6.27277e+01 1.04060e+03
6.27575e+01 1.27280e+03
6.27872e+01 -5.70800e+02
6.28170e+01 -1.99000e+02
6.28467e+01 -1.08880e+03
6.28764e+01 1.30060e+03
6.29060e+01 1.10120e+03
6.29357e+01 -1.73600e+02
6.29653e+01 -4.35200e+02
6.29949e+01 -9.74400e+02
6.30244e+01 -5.95200e+02
6.30540e+01 1.18180e+03
6.30835e+01 2.05960e+03
6.31130e+01 7.77600e+02
6.31425e+01 -1.15920e+03
6.31719e+01 -1.38680e+03
6.32013e+01 -1.93800e+02
6.32307e+01 1.36400e+02
6.32601e+01 -3.49400e+02
6.32894e+01 -9.81000e+02
6.33187e+01 -5.02600e+02
6.33480e+01 3.21000e+02
6.33773e+01 -9.20000e+01
6.34066e+01 -2.86800e+02
6.34358e+01 6.60200e+02
6.34650e+01 9.40000e+01
6.34941e+01 7.80200e+02
6.35233e+01 1.24620e+03
6.35524e+01 4.41800e+02
6.35815e+01 4.30600e+02
