# La4Ni3O8 Ni L2 edge RIXS
# T = 80 K
# RIXS resolution ~ 0.4 eV
# Horizontal scattering geometry, theta = 15 degrees, 2theta = 95 degrees
# SEXTANTS beamline, SOLEIL synchrotron
# Energy loss 	 Intensity
-4.56188e+01 -3.47000e+02
-4.55392e+01 2.93000e+02
-4.54597e+01 7.96800e+02
-4.53802e+01 1.76000e+02
-4.53007e+01 9.39500e+02
-4.52213e+01 9.41000e+02
-4.51418e+01 1.45220e+03
-4.50624e+01 1.78300e+03
-4.49830e+01 1.85290e+03
-4.49037e+01 1.69580e+03
-4.48244e+01 2.24280e+03
-4.47450e+01 1.87370e+03
-4.46658e+01 1.48510e+03
-4.45865e+01 1.76830e+03
-4.45073e+01 1.52650e+03
-4.44280e+01 1.84550e+03
-4.43489e+01 2.69310e+03
-4.42697e+01 2.74990e+03
-4.41906e+01 1.98360e+03
-4.41114e+01 2.08400e+03
-4.40324e+01 1.69170e+03
-4.39533e+01 1.15220e+03
-4.38743e+01 1.81350e+03
-4.37952e+01 1.89890e+03
-4.37162e+01 1.63290e+03
-4.36373e+01 2.28090e+03
-4.35583e+01 2.37820e+03
-4.34794e+01 1.08190e+03
-4.34005e+01 3.64700e+02
-4.33217e+01 1.67310e+03
-4.32428e+01 1.55530e+03
-4.31640e+01 2.32940e+03
-4.30852e+01 1.77990e+03
-4.30064e+01 2.38200e+03
-4.29277e+01 1.90480e+03
-4.28490e+01 1.62970e+03
-4.27703e+01 9.29500e+02
-4.26916e+01 1.55790e+03
-4.26129e+01 1.19980e+03
-4.25343e+01 7.34900e+02
-4.24557e+01 9.94600e+02
-4.23772e+01 1.03770e+03
-4.22986e+01 1.24150e+03
-4.22201e+01 1.76760e+03
-4.21416e+01 1.78440e+03
-4.20631e+01 1.26760e+03
-4.19847e+01 1.92230e+03
-4.19062e+01 1.80460e+03
-4.18278e+01 1.04050e+03
-4.17494e+01 1.08070e+03
-4.16711e+01 1.75170e+03
-4.15928e+01 1.23160e+03
-4.15145e+01 1.41140e+03
-4.14362e+01 1.30450e+03
-4.13579e+01 2.99200e+02
-4.12797e+01 9.55100e+02
-4.12015e+01 1.05190e+03
-4.11233e+01 7.17700e+02
-4.10452e+01 5.01100e+02
-4.09670e+01 8.56400e+02
-4.08889e+01 1.40080e+03
-4.08108e+01 8.95700e+02
-4.07328e+01 1.31430e+03
-4.06547e+01 1.87700e+03
-4.05767e+01 2.59900e+03
-4.04987e+01 9.38700e+02
-4.04208e+01 2.02730e+03
-4.03428e+01 1.22710e+03
-4.02649e+01 2.19560e+03
-4.01870e+01 2.31990e+03
-4.01092e+01 1.42440e+03
-4.00314e+01 1.18240e+03
-3.99535e+01 2.96010e+03
-3.98757e+01 2.53650e+03
-3.97980e+01 1.87940e+03
-3.97202e+01 2.25810e+03
-3.96425e+01 1.94050e+03
-3.95648e+01 1.55150e+03
-3.94872e+01 2.25960e+03
-3.94095e+01 1.61640e+03
-3.93319e+01 1.28580e+03
-3.92543e+01 1.07670e+03
-3.91768e+01 1.75070e+03
-3.90992e+01 1.33730e+03
-3.90217e+01 1.07330e+03
-3.89442e+01 2.04550e+03
-3.88667e+01 1.66210e+03
-3.87893e+01 2.07560e+03
-3.87119e+01 2.44740e+03
-3.86345e+01 1.36110e+03
-3.85571e+01 7.87500e+02
-3.84798e+01 9.91900e+02
-3.84024e+01 1.17900e+03
-3.83251e+01 1.51170e+03
-3.82479e+01 1.84210e+03
-3.81706e+01 1.70620e+03
-3.80934e+01 1.07270e+03
-3.80162e+01 7.54500e+02
-3.79390e+01 2.31020e+03
-3.78619e+01 1.80680e+03
-3.77847e+01 2.19690e+03
-3.77076e+01 2.49020e+03
-3.76306e+01 2.87190e+03
-3.75535e+01 2.75130e+03
-3.74765e+01 2.38640e+03
-3.73995e+01 2.11030e+03
-3.73225e+01 2.27540e+03
-3.72455e+01 1.93300e+03
-3.71686e+01 1.48890e+03
-3.70917e+01 1.56950e+03
-3.70148e+01 1.62560e+03
-3.69380e+01 2.36770e+03
-3.68611e+01 1.64970e+03
-3.67843e+01 1.77970e+03
-3.67076e+01 2.52610e+03
-3.66308e+01 1.89670e+03
-3.65541e+01 1.38800e+03
-3.64774e+01 2.04020e+03
-3.64007e+01 2.40250e+03
-3.63240e+01 1.81990e+03
-3.62474e+01 1.77410e+03
-3.61708e+01 1.83840e+03
-3.60942e+01 2.10690e+03
-3.60176e+01 1.88930e+03
-3.59411e+01 1.97080e+03
-3.58646e+01 1.72680e+03
-3.57881e+01 1.66440e+03
-3.57116e+01 2.02290e+03
-3.56352e+01 1.23840e+03
-3.55588e+01 1.88210e+03
-3.54824e+01 2.34050e+03
-3.54060e+01 2.80360e+03
-3.53297e+01 2.29120e+03
-3.52533e+01 2.45780e+03
-3.51771e+01 2.73020e+03
-3.51008e+01 3.38750e+03
-3.50245e+01 2.70900e+03
-3.49483e+01 1.83220e+03
-3.48721e+01 1.51210e+03
-3.47960e+01 2.36310e+03
-3.47198e+01 2.86860e+03
-3.46437e+01 2.19950e+03
-3.45676e+01 2.10010e+03
-3.44915e+01 7.70800e+02
-3.44155e+01 1.75570e+03
-3.43395e+01 1.78530e+03
-3.42635e+01 2.28540e+03
-3.41875e+01 1.23990e+03
-3.41116e+01 1.28050e+03
-3.40356e+01 1.80060e+03
-3.39597e+01 1.49700e+03
-3.38839e+01 1.32420e+03
-3.38080e+01 1.54680e+03
-3.37322e+01 1.54650e+03
-3.36564e+01 1.39930e+03
-3.35806e+01 1.29620e+03
-3.35049e+01 3.97200e+02
-3.34291e+01 1.58340e+03
-3.33534e+01 3.14250e+03
-3.32777e+01 1.92380e+03
-3.32021e+01 1.75810e+03
-3.31265e+01 1.54730e+03
-3.30509e+01 2.30320e+03
-3.29753e+01 1.58120e+03
-3.28997e+01 2.15630e+03
-3.28242e+01 1.99900e+03
-3.27487e+01 2.33220e+03
-3.26732e+01 2.02710e+03
-3.25978e+01 2.12530e+03
-3.25223e+01 1.89870e+03
-3.24469e+01 2.04410e+03
-3.23715e+01 2.24900e+03
-3.22962e+01 1.97670e+03
-3.22208e+01 1.08070e+03
-3.21455e+01 1.52520e+03
-3.20702e+01 1.42030e+03
-3.19950e+01 1.77610e+03
-3.19197e+01 1.95300e+03
-3.18445e+01 2.44560e+03
-3.17693e+01 2.10070e+03
-3.16942e+01 1.95620e+03
-3.16190e+01 7.52600e+02
-3.15439e+01 1.96200e+03
-3.14688e+01 1.81710e+03
-3.13938e+01 2.12550e+03
-3.13187e+01 1.88220e+03
-3.12437e+01 2.37900e+03
-3.11687e+01 2.47720e+03
-3.10938e+01 2.12170e+03
-3.10188e+01 2.46340e+03
-3.09439e+01 2.51490e+03
-3.08690e+01 1.14190e+03
-3.07941e+01 2.77450e+03
-3.07193e+01 2.32360e+03
-3.06445e+01 2.41720e+03
-3.05697e+01 1.60080e+03
-3.04949e+01 1.55080e+03
-3.04202e+01 1.87690e+03
-3.03454e+01 2.71880e+03
-3.02708e+01 2.53020e+03
-3.01961e+01 1.74230e+03
-3.01214e+01 1.16100e+03
-3.00468e+01 1.65480e+03
-2.99722e+01 9.61000e+02
-2.98976e+01 1.65170e+03
-2.98231e+01 2.24550e+03
-2.97486e+01 9.33900e+02
-2.96741e+01 1.57190e+03
-2.95996e+01 2.03490e+03
-2.95251e+01 1.16080e+03
-2.94507e+01 1.46780e+03
-2.93763e+01 9.85400e+02
-2.93019e+01 2.09730e+03
-2.92276e+01 2.63960e+03
-2.91533e+01 2.07190e+03
-2.90790e+01 2.20570e+03
-2.90047e+01 1.59940e+03
-2.89304e+01 2.38500e+03
-2.88562e+01 1.58040e+03
-2.87820e+01 1.32510e+03
-2.87078e+01 1.95350e+03
-2.86336e+01 2.12380e+03
-2.85595e+01 1.60690e+03
-2.84854e+01 1.39290e+03
-2.84113e+01 1.98840e+03
-2.83373e+01 1.70270e+03
-2.82632e+01 1.53190e+03
-2.81892e+01 1.17370e+03
-2.81152e+01 1.32040e+03
-2.80413e+01 1.51270e+03
-2.79673e+01 8.17000e+02
-2.78934e+01 6.48200e+02
-2.78195e+01 5.51000e+02
-2.77457e+01 9.34600e+02
-2.76718e+01 1.03020e+03
-2.75980e+01 1.54080e+03
-2.75242e+01 1.35230e+03
-2.74505e+01 2.20280e+03
-2.73767e+01 1.51670e+03
-2.73030e+01 2.39260e+03
-2.72293e+01 2.69470e+03
-2.71557e+01 2.62510e+03
-2.70820e+01 1.88160e+03
-2.70084e+01 1.60160e+03
-2.69348e+01 1.24330e+03
-2.68613e+01 2.95000e+03
-2.67877e+01 1.42880e+03
-2.67142e+01 1.31210e+03
-2.66407e+01 2.20000e+03
-2.65672e+01 2.42910e+03
-2.64938e+01 1.90300e+03
-2.64204e+01 1.13750e+03
-2.63470e+01 1.23320e+03
-2.62736e+01 2.15130e+03
-2.62003e+01 1.21480e+03
-2.61269e+01 6.79000e+02
-2.60536e+01 4.79400e+02
-2.59804e+01 1.28910e+03
-2.59071e+01 8.13600e+02
-2.58339e+01 8.76800e+02
-2.57607e+01 9.36800e+02
-2.56875e+01 2.22450e+03
-2.56144e+01 1.89620e+03
-2.55412e+01 9.80300e+02
-2.54681e+01 1.09810e+03
-2.53951e+01 9.26300e+02
-2.53220e+01 1.22270e+03
-2.52490e+01 2.10490e+03
-2.51760e+01 1.79680e+03
-2.51030e+01 2.23980e+03
-2.50300e+01 2.20900e+03
-2.49571e+01 6.79500e+02
-2.48842e+01 1.73840e+03
-2.48113e+01 2.57340e+03
-2.47385e+01 2.30950e+03
-2.46656e+01 2.44450e+03
-2.45928e+01 1.50750e+03
-2.45201e+01 7.96900e+02
-2.44473e+01 9.28100e+02
-2.43746e+01 1.85870e+03
-2.43019e+01 1.11340e+03
-2.42292e+01 1.59430e+03
-2.41565e+01 2.29020e+03
-2.40839e+01 1.27550e+03
-2.40113e+01 1.43870e+03
-2.39387e+01 1.60470e+03
-2.38661e+01 1.85520e+03
-2.37936e+01 1.58140e+03
-2.37211e+01 1.20530e+03
-2.36486e+01 1.22630e+03
-2.35761e+01 1.57450e+03
-2.35037e+01 6.70000e+02
-2.34313e+01 1.59130e+03
-2.33589e+01 1.64150e+03
-2.32865e+01 1.12030e+03
-2.32142e+01 1.25250e+03
-2.31419e+01 1.05960e+03
-2.30696e+01 1.30530e+03
-2.29973e+01 1.55230e+03
-2.29251e+01 2.07780e+03
-2.28528e+01 1.89240e+03
-2.27806e+01 8.49400e+02
-2.27085e+01 1.35330e+03
-2.26363e+01 9.27900e+02
-2.25642e+01 1.06610e+03
-2.24921e+01 1.14090e+03
-2.24201e+01 2.07230e+03
-2.23480e+01 1.48600e+03
-2.22760e+01 1.63570e+03
-2.22040e+01 1.41960e+03
-2.21320e+01 7.39700e+02
-2.20601e+01 4.85100e+02
-2.19881e+01 1.29690e+03
-2.19162e+01 6.25100e+02
-2.18444e+01 1.19700e+02
-2.17725e+01 5.60700e+02
-2.17007e+01 1.39810e+03
-2.16289e+01 1.40790e+03
-2.15571e+01 1.25180e+03
-2.14854e+01 9.03300e+02
-2.14136e+01 5.36700e+02
-2.13419e+01 7.70600e+02
-2.12703e+01 1.10510e+03
-2.11986e+01 8.02300e+02
-2.11270e+01 1.03640e+03
-2.10554e+01 -3.13000e+01
-2.09838e+01 3.34000e+02
-2.09122e+01 6.60000e+01
-2.08407e+01 1.21870e+03
-2.07692e+01 1.28880e+03
-2.06977e+01 1.13970e+03
-2.06263e+01 1.24690e+03
-2.05548e+01 1.90380e+03
-2.04834e+01 1.32680e+03
-2.04120e+01 1.45560e+03
-2.03407e+01 1.27720e+03
-2.02694e+01 1.46970e+03
-2.01980e+01 1.31290e+03
-2.01268e+01 9.35100e+02
-2.00555e+01 1.40280e+03
-1.99843e+01 1.86660e+03
-1.99130e+01 1.75750e+03
-1.98419e+01 1.34920e+03
-1.97707e+01 6.13200e+02
-1.96996e+01 1.11260e+03
-1.96284e+01 1.28250e+03
-1.95574e+01 1.07090e+03
-1.94863e+01 1.03190e+03
-1.94153e+01 1.06540e+03
-1.93442e+01 5.54500e+02
-1.92733e+01 9.95300e+02
-1.92023e+01 1.63310e+03
-1.91313e+01 2.99800e+02
-1.90604e+01 9.48000e+02
-1.89895e+01 1.04850e+03
-1.89187e+01 5.01200e+02
-1.88478e+01 9.38200e+02
-1.87770e+01 1.75370e+03
-1.87062e+01 1.04240e+03
-1.86354e+01 1.22850e+03
-1.85647e+01 1.68610e+03
-1.84940e+01 6.72600e+02
-1.84233e+01 1.00880e+03
-1.83526e+01 1.17740e+03
-1.82820e+01 1.73570e+03
-1.82113e+01 9.62400e+02
-1.81407e+01 1.17090e+03
-1.80702e+01 1.73880e+03
-1.79996e+01 1.22790e+03
-1.79291e+01 9.03500e+02
-1.78586e+01 9.13600e+02
-1.77881e+01 1.49650e+03
-1.77177e+01 8.72300e+02
-1.76472e+01 1.17830e+03
-1.75768e+01 -3.03100e+02
-1.75065e+01 -3.86700e+02
-1.74361e+01 7.28900e+02
-1.73658e+01 1.36490e+03
-1.72955e+01 8.86300e+02
-1.72252e+01 5.03400e+02
-1.71549e+01 2.49700e+02
-1.70847e+01 -1.84000e+01
-1.70145e+01 1.14420e+03
-1.69443e+01 6.95600e+02
-1.68742e+01 2.69000e+01
-1.68040e+01 4.64000e+02
-1.67339e+01 3.66600e+02
-1.66639e+01 6.98200e+02
-1.65938e+01 1.44880e+03
-1.65238e+01 1.35140e+03
-1.64538e+01 9.89600e+02
-1.63838e+01 1.20230e+03
-1.63138e+01 1.32150e+03
-1.62439e+01 1.56400e+03
-1.61740e+01 7.50800e+02
-1.61041e+01 9.47100e+02
-1.60342e+01 1.20760e+03
-1.59644e+01 1.56380e+03
-1.58946e+01 2.93000e+02
-1.58248e+01 1.89010e+03
-1.57550e+01 9.98600e+02
-1.56853e+01 3.93200e+02
-1.56156e+01 1.14720e+03
-1.55459e+01 1.08690e+03
-1.54762e+01 1.23880e+03
-1.54066e+01 1.40840e+03
-1.53369e+01 1.30130e+03
-1.52674e+01 6.10200e+02
-1.51978e+01 4.33200e+02
-1.51282e+01 3.24100e+02
-1.50587e+01 6.32900e+02
-1.49892e+01 7.02900e+02
-1.49198e+01 8.19400e+02
-1.48503e+01 2.96600e+02
-1.47809e+01 -1.33800e+02
-1.47115e+01 3.88500e+02
-1.46421e+01 1.11920e+03
-1.45728e+01 1.41640e+03
-1.45035e+01 9.88600e+02
-1.44342e+01 4.55700e+02
-1.43649e+01 2.61680e+03
-1.42956e+01 1.75490e+03
-1.42264e+01 1.39530e+03
-1.41572e+01 1.20060e+03
-1.40881e+01 1.32190e+03
-1.40189e+01 8.62800e+02
-1.39498e+01 1.68700e+02
-1.38807e+01 1.16970e+03
-1.38116e+01 1.51890e+03
-1.37425e+01 1.72860e+03
-1.36735e+01 2.53960e+03
-1.36045e+01 1.22920e+03
-1.35355e+01 1.11500e+03
-1.34666e+01 9.52200e+02
-1.33977e+01 1.24630e+03
-1.33288e+01 1.43980e+03
-1.32599e+01 1.41520e+03
-1.31910e+01 1.08470e+03
-1.31222e+01 1.61360e+03
-1.30534e+01 9.27700e+02
-1.29846e+01 1.26160e+03
-1.29158e+01 8.64100e+02
-1.28471e+01 1.15450e+03
-1.27784e+01 9.61500e+02
-1.27097e+01 1.51970e+03
-1.26411e+01 4.62100e+02
-1.25724e+01 1.25560e+03
-1.25038e+01 8.59900e+02
-1.24352e+01 1.23590e+03
-1.23667e+01 1.11570e+03
-1.22981e+01 8.51700e+02
-1.22296e+01 6.06600e+02
-1.21611e+01 8.92500e+02
-1.20927e+01 4.90000e+02
-1.20242e+01 1.90120e+03
-1.19558e+01 4.99800e+02
-1.18874e+01 7.86300e+02
-1.18191e+01 9.12700e+02
-1.17507e+01 8.31100e+02
-1.16824e+01 -9.58000e+01
-1.16141e+01 1.47070e+03
-1.15458e+01 9.77400e+02
-1.14776e+01 1.07160e+03
-1.14094e+01 -3.77900e+02
-1.13412e+01 6.68200e+02
-1.12730e+01 2.98900e+02
-1.12049e+01 8.24400e+02
-1.11368e+01 5.17900e+02
-1.10687e+01 1.35460e+03
-1.10006e+01 9.59900e+02
-1.09326e+01 1.53150e+03
-1.08645e+01 1.86030e+03
-1.07965e+01 2.07330e+03
-1.07286e+01 1.98750e+03
-1.06606e+01 1.68670e+03
-1.05927e+01 1.06220e+03
-1.05248e+01 1.24590e+03
-1.04569e+01 2.10440e+03
-1.03891e+01 1.26880e+03
-1.03212e+01 1.65020e+03
-1.02534e+01 1.27510e+03
-1.01857e+01 1.10850e+03
-1.01179e+01 1.73190e+03
-1.00502e+01 1.43980e+03
-9.98249e+00 2.14170e+03
-9.91482e+00 2.26280e+03
-9.84716e+00 1.27040e+03
-9.77953e+00 1.29670e+03
-9.71193e+00 1.69330e+03
-9.64435e+00 1.79160e+03
-9.57680e+00 1.59910e+03
-9.50927e+00 7.66100e+02
-9.44176e+00 8.66500e+02
-9.37428e+00 1.82440e+03
-9.30682e+00 2.21240e+03
-9.23939e+00 2.15240e+03
-9.17198e+00 1.05440e+03
-9.10460e+00 3.72100e+02
-9.03724e+00 9.99500e+02
-8.96991e+00 1.35650e+03
-8.90260e+00 1.50510e+03
-8.83531e+00 9.22400e+02
-8.76805e+00 1.95200e+02
-8.70082e+00 9.09500e+02
-8.63361e+00 1.50220e+03
-8.56642e+00 9.92700e+02
-8.49926e+00 9.47300e+02
-8.43212e+00 1.88720e+03
-8.36501e+00 1.27220e+03
-8.29792e+00 1.38630e+03
-8.23086e+00 1.03130e+03
-8.16381e+00 9.98300e+02
-8.09680e+00 1.27760e+03
-8.02981e+00 1.86730e+03
-7.96284e+00 1.24090e+03
-7.89590e+00 1.87100e+02
-7.82899e+00 5.01200e+02
-7.76209e+00 4.73600e+02
-7.69523e+00 1.00740e+03
-7.62838e+00 1.72270e+03
-7.56156e+00 1.20470e+03
-7.49477e+00 1.34260e+03
-7.42800e+00 -3.24000e+01
-7.36126e+00 9.91100e+02
-7.29454e+00 1.35640e+03
-7.22784e+00 1.91110e+03
-7.16117e+00 1.15070e+03
-7.09452e+00 1.70990e+03
-7.02790e+00 1.95480e+03
-6.96130e+00 2.29520e+03
-6.89473e+00 1.67630e+03
-6.82818e+00 1.67940e+03
-6.76166e+00 1.86520e+03
-6.69516e+00 1.51340e+03
-6.62868e+00 1.62500e+03
-6.56223e+00 1.66760e+03
-6.49581e+00 9.58900e+02
-6.42941e+00 1.73370e+03
-6.36303e+00 2.15780e+03
-6.29668e+00 2.31910e+03
-6.23035e+00 1.83050e+03
-6.16404e+00 2.41440e+03
-6.09777e+00 2.31140e+03
-6.03151e+00 1.64940e+03
-5.96528e+00 1.01750e+03
-5.89908e+00 1.82040e+03
-5.83290e+00 7.80000e+02
-5.76674e+00 1.71660e+03
-5.70061e+00 2.44690e+03
-5.63450e+00 2.29390e+03
-5.56842e+00 1.05530e+03
-5.50236e+00 9.89800e+02
-5.43633e+00 1.64600e+03
-5.37032e+00 1.99400e+03
-5.30434e+00 9.52600e+02
-5.23838e+00 1.13820e+03
-5.17244e+00 2.48940e+03
-5.10653e+00 1.69640e+03
-5.04065e+00 2.31620e+03
-4.97478e+00 1.26130e+03
-4.90895e+00 2.33620e+03
-4.84314e+00 2.16990e+03
-4.77735e+00 1.59850e+03
-4.71158e+00 1.69470e+03
-4.64585e+00 2.36820e+03
-4.58013e+00 1.17430e+03
-4.51444e+00 7.85500e+02
-4.44878e+00 5.18000e+02
-4.38314e+00 1.57370e+03
-4.31752e+00 1.97480e+03
-4.25193e+00 2.01190e+03
-4.18636e+00 1.28570e+03
-4.12082e+00 1.29590e+03
-4.05530e+00 1.64400e+03
-3.98981e+00 2.34980e+03
-3.92434e+00 1.48120e+03
-3.85889e+00 1.30700e+03
-3.79348e+00 9.57400e+02
-3.72808e+00 1.97190e+03
-3.66271e+00 1.45710e+03
-3.59736e+00 2.83400e+02
-3.53204e+00 2.80900e+02
-3.46675e+00 1.74700e+03
-3.40147e+00 2.15130e+03
-3.33623e+00 2.51940e+03
-3.27100e+00 1.56780e+03
-3.20580e+00 1.66670e+03
-3.14063e+00 2.36580e+03
-3.07548e+00 2.32600e+03
-3.01035e+00 7.22200e+02
-2.94525e+00 9.58500e+02
-2.88018e+00 8.87700e+02
-2.81513e+00 1.56730e+03
-2.75010e+00 9.25400e+02
-2.68510e+00 1.37040e+03
-2.62012e+00 8.12300e+02
-2.55517e+00 8.90500e+02
-2.49024e+00 1.46370e+03
-2.42533e+00 1.85000e+03
-2.36045e+00 8.09500e+02
-2.29560e+00 1.07330e+03
-2.23077e+00 1.87030e+03
-2.16596e+00 2.85270e+03
-2.10118e+00 1.60650e+03
-2.03642e+00 2.20050e+03
-1.97169e+00 2.30670e+03
-1.90698e+00 2.54490e+03
-1.84230e+00 1.90910e+03
-1.77764e+00 1.74660e+03
-1.71300e+00 2.16730e+03
-1.64839e+00 2.17930e+03
-1.58381e+00 1.65160e+03
-1.51925e+00 1.57910e+03
-1.45471e+00 2.39510e+03
-1.39020e+00 2.60360e+03
-1.32571e+00 1.62690e+03
-1.26125e+00 2.13240e+03
-1.19681e+00 1.87480e+03
-1.13240e+00 2.43730e+03
-1.06801e+00 1.83280e+03
-1.00365e+00 2.41990e+03
-9.39306e-01 1.94700e+03
-8.74991e-01 1.94210e+03
-8.10700e-01 1.85000e+03
-7.46434e-01 2.71850e+03
-6.82192e-01 2.74420e+03
-6.17975e-01 2.40960e+03
-5.53782e-01 2.12910e+03
-4.89614e-01 3.28090e+03
-4.25471e-01 3.95700e+03
-3.61352e-01 3.18550e+03
-2.97257e-01 2.44140e+03
-2.33187e-01 3.82850e+03
-1.69142e-01 4.02980e+03
-1.05121e-01 5.40020e+03
-4.11250e-02 6.17950e+03
2.28470e-02 5.91470e+03
8.67940e-02 5.64640e+03
1.50717e-01 4.18450e+03
2.14615e-01 6.50750e+03
2.78488e-01 5.72420e+03
3.42337e-01 6.84010e+03
4.06162e-01 1.01242e+04
4.69962e-01 1.20596e+04
5.33737e-01 1.47085e+04
5.97488e-01 1.60957e+04
6.61214e-01 1.82701e+04
7.24916e-01 2.08227e+04
7.88593e-01 2.09591e+04
8.52246e-01 2.25721e+04
9.15874e-01 2.56171e+04
9.79478e-01 2.83230e+04
1.04306e+00 2.95267e+04
1.10661e+00 3.28088e+04
1.17014e+00 3.09494e+04
1.23365e+00 3.13752e+04
1.29713e+00 3.03563e+04
1.36058e+00 3.31416e+04
1.42402e+00 3.55700e+04
1.48742e+00 3.66566e+04
1.55081e+00 3.52223e+04
1.61416e+00 3.58650e+04
1.67750e+00 3.75164e+04
1.74081e+00 4.13768e+04
1.80409e+00 4.26477e+04
1.86735e+00 4.59782e+04
1.93059e+00 4.47224e+04
1.99380e+00 4.55827e+04
2.05699e+00 4.58780e+04
2.12015e+00 4.25685e+04
2.18328e+00 4.49463e+04
2.24640e+00 4.75901e+04
2.30949e+00 4.84719e+04
2.37255e+00 5.06941e+04
2.43559e+00 5.47452e+04
2.49860e+00 5.78863e+04
2.56159e+00 6.11297e+04
2.62456e+00 6.38959e+04
2.68750e+00 6.78475e+04
2.75041e+00 7.44832e+04
2.81331e+00 7.99719e+04
2.87617e+00 7.82930e+04
2.93902e+00 8.06062e+04
3.00184e+00 8.57015e+04
3.06463e+00 8.87245e+04
3.12740e+00 9.16328e+04
3.19014e+00 9.48811e+04
3.25286e+00 9.72091e+04
3.31556e+00 1.01057e+05
3.37823e+00 1.05971e+05
3.44088e+00 1.16997e+05
3.50350e+00 1.24573e+05
3.56610e+00 1.29204e+05
3.62867e+00 1.35285e+05
3.69122e+00 1.38874e+05
3.75374e+00 1.44074e+05
3.81624e+00 1.48390e+05
3.87872e+00 1.57822e+05
3.94116e+00 1.64025e+05
4.00359e+00 1.66452e+05
4.06599e+00 1.80441e+05
4.12837e+00 1.92459e+05
4.19072e+00 1.95798e+05
4.25305e+00 1.93883e+05
4.31535e+00 1.96621e+05
4.37763e+00 1.97114e+05
4.43988e+00 2.00358e+05
4.50211e+00 1.99026e+05
4.56432e+00 1.97702e+05
4.62650e+00 1.93862e+05
4.68865e+00 1.90120e+05
4.75078e+00 1.87733e+05
4.81289e+00 1.73523e+05
4.87497e+00 1.68141e+05
4.93703e+00 1.66631e+05
4.99906e+00 1.55791e+05
5.06107e+00 1.53204e+05
5.12306e+00 1.51752e+05
5.18501e+00 1.41253e+05
5.24695e+00 1.43898e+05
5.30886e+00 1.38567e+05
5.37075e+00 1.29662e+05
5.43261e+00 1.30375e+05
5.49444e+00 1.23387e+05
5.55626e+00 1.14862e+05
5.61804e+00 1.08947e+05
5.67981e+00 1.02882e+05
5.74155e+00 9.99586e+04
5.80326e+00 9.12597e+04
5.86495e+00 8.85040e+04
5.92661e+00 8.98951e+04
5.98825e+00 8.80068e+04
6.04987e+00 8.65244e+04
6.11146e+00 8.25593e+04
6.17303e+00 7.80237e+04
6.23457e+00 7.39209e+04
6.29609e+00 7.75890e+04
6.35758e+00 7.81493e+04
6.41905e+00 7.10724e+04
6.48049e+00 6.46454e+04
6.54191e+00 6.38503e+04
6.60331e+00 6.25456e+04
6.66468e+00 6.08906e+04
6.72602e+00 5.54053e+04
6.78734e+00 5.59561e+04
6.84864e+00 5.63135e+04
6.90991e+00 5.35409e+04
6.97116e+00 5.10224e+04
7.03238e+00 4.75229e+04
7.09358e+00 4.93388e+04
7.15476e+00 5.23651e+04
7.21591e+00 5.00480e+04
7.27703e+00 4.95506e+04
7.33813e+00 4.57285e+04
7.39921e+00 4.50172e+04
7.46026e+00 4.31872e+04
7.52128e+00 4.63996e+04
7.58229e+00 4.52446e+04
7.64327e+00 4.44948e+04
7.70422e+00 4.41389e+04
7.76515e+00 4.16719e+04
7.82605e+00 3.99346e+04
7.88693e+00 4.02216e+04
7.94779e+00 4.10923e+04
8.00862e+00 3.98277e+04
8.06942e+00 3.97706e+04
8.13020e+00 4.19979e+04
8.19096e+00 4.22813e+04
8.25169e+00 4.35657e+04
8.31240e+00 4.06182e+04
8.37308e+00 3.45030e+04
8.43374e+00 3.17447e+04
8.49438e+00 3.18332e+04
8.55499e+00 3.35326e+04
8.61557e+00 3.44407e+04
8.67613e+00 3.58604e+04
8.73667e+00 3.54118e+04
8.79718e+00 3.34703e+04
8.85767e+00 3.23228e+04
8.91813e+00 3.30780e+04
8.97857e+00 3.39734e+04
9.03898e+00 3.03692e+04
9.09937e+00 2.99475e+04
9.15973e+00 2.64169e+04
9.22007e+00 2.70887e+04
9.28039e+00 2.57068e+04
9.34068e+00 2.32386e+04
9.40094e+00 2.20227e+04
9.46119e+00 2.68801e+04
9.52140e+00 2.41315e+04
9.58159e+00 2.29751e+04
9.64176e+00 2.20731e+04
9.70191e+00 2.02765e+04
9.76202e+00 1.89308e+04
9.82212e+00 2.08307e+04
9.88219e+00 2.30341e+04
9.94223e+00 2.12996e+04
1.00023e+01 2.20353e+04
1.00622e+01 2.26320e+04
1.01222e+01 2.19817e+04
1.01822e+01 2.37162e+04
1.02421e+01 2.02477e+04
1.03020e+01 1.78192e+04
1.03619e+01 1.73793e+04
1.04217e+01 1.84010e+04
1.04815e+01 1.84899e+04
1.05413e+01 1.78916e+04
1.06011e+01 1.63773e+04
1.06609e+01 1.73214e+04
1.07206e+01 1.72829e+04
1.07803e+01 1.73630e+04
1.08400e+01 1.70519e+04
1.08996e+01 1.66298e+04
1.09592e+01 1.70555e+04
1.10188e+01 1.83470e+04
1.10784e+01 1.75676e+04
1.11380e+01 1.61217e+04
1.11975e+01 1.59932e+04
1.12570e+01 1.64571e+04
1.13165e+01 1.57052e+04
1.13760e+01 1.49545e+04
1.14354e+01 1.45499e+04
1.14948e+01 1.51311e+04
1.15542e+01 1.67385e+04
1.16135e+01 1.51240e+04
1.16729e+01 1.38021e+04
1.17322e+01 1.28097e+04
1.17915e+01 1.18073e+04
1.18507e+01 1.15606e+04
1.19100e+01 1.29324e+04
1.19692e+01 1.33019e+04
1.20284e+01 1.21354e+04
1.20875e+01 1.28060e+04
1.21466e+01 1.36769e+04
1.22058e+01 1.23507e+04
1.22648e+01 1.45618e+04
1.23239e+01 1.60056e+04
1.23830e+01 1.39324e+04
1.24420e+01 1.38201e+04
1.25010e+01 1.27881e+04
1.25599e+01 1.39277e+04
1.26189e+01 1.39590e+04
1.26778e+01 1.37855e+04
1.27367e+01 1.38083e+04
1.27955e+01 1.59665e+04
1.28544e+01 1.49258e+04
1.29132e+01 1.23756e+04
1.29720e+01 1.38777e+04
1.30308e+01 1.41593e+04
1.30895e+01 1.31946e+04
1.31482e+01 1.49676e+04
1.32069e+01 1.61669e+04
1.32656e+01 1.50423e+04
1.33242e+01 1.54450e+04
1.33829e+01 1.53342e+04
1.34415e+01 1.55558e+04
1.35000e+01 1.63593e+04
1.35586e+01 1.39426e+04
1.36171e+01 1.32819e+04
1.36756e+01 1.30066e+04
1.37341e+01 1.26637e+04
1.37925e+01 1.36992e+04
1.38509e+01 1.37113e+04
1.39094e+01 1.49348e+04
1.39677e+01 1.64276e+04
1.40261e+01 1.62018e+04
1.40844e+01 1.52478e+04
1.41427e+01 1.48930e+04
1.42010e+01 1.58176e+04
1.42592e+01 1.83085e+04
1.43175e+01 1.89999e+04
1.43757e+01 1.83450e+04
1.44339e+01 1.72496e+04
1.44920e+01 1.55797e+04
1.45501e+01 1.66803e+04
1.46082e+01 1.74117e+04
1.46663e+01 1.75815e+04
1.47244e+01 1.88603e+04
1.47824e+01 1.76581e+04
1.48404e+01 1.87341e+04
1.48984e+01 1.99237e+04
1.49564e+01 1.89633e+04
1.50143e+01 1.85787e+04
1.50722e+01 2.18966e+04
1.51301e+01 2.14072e+04
1.51880e+01 2.14815e+04
1.52458e+01 1.92123e+04
1.53036e+01 2.17511e+04
1.53614e+01 2.18021e+04
1.54192e+01 2.14057e+04
1.54769e+01 2.28669e+04
1.55346e+01 2.38659e+04
1.55923e+01 2.21870e+04
1.56500e+01 2.51136e+04
1.57076e+01 2.49613e+04
1.57652e+01 2.41395e+04
1.58228e+01 2.44662e+04
1.58804e+01 2.42453e+04
1.59379e+01 2.62524e+04
1.59954e+01 2.46910e+04
1.60529e+01 2.43515e+04
1.61104e+01 2.80572e+04
1.61678e+01 2.90726e+04
1.62253e+01 2.99976e+04
1.62827e+01 3.12484e+04
1.63400e+01 2.86605e+04
1.63974e+01 2.82723e+04
1.64547e+01 2.86162e+04
1.65120e+01 2.91187e+04
1.65693e+01 3.28466e+04
1.66265e+01 3.18690e+04
1.66837e+01 3.18807e+04
1.67409e+01 3.30591e+04
1.67981e+01 3.36197e+04
1.68553e+01 3.52781e+04
1.69124e+01 3.49411e+04
1.69695e+01 3.42308e+04
1.70266e+01 3.61301e+04
1.70836e+01 3.79320e+04
1.71406e+01 3.71600e+04
1.71976e+01 3.66769e+04
1.72546e+01 3.66885e+04
1.73116e+01 3.83401e+04
1.73685e+01 3.92844e+04
1.74254e+01 4.24003e+04
1.74823e+01 4.54116e+04
1.75391e+01 4.36026e+04
1.75960e+01 4.44528e+04
1.76528e+01 4.48445e+04
1.77095e+01 4.45393e+04
1.77663e+01 4.82888e+04
1.78230e+01 5.08806e+04
1.78797e+01 5.05939e+04
1.79364e+01 5.02232e+04
1.79931e+01 5.36169e+04
1.80497e+01 5.28715e+04
1.81063e+01 5.17775e+04
1.81629e+01 5.54634e+04
1.82195e+01 5.87045e+04
1.82760e+01 5.70617e+04
1.83325e+01 5.56905e+04
1.83890e+01 5.80292e+04
1.84455e+01 6.04586e+04
1.85019e+01 6.39347e+04
1.85583e+01 6.66581e+04
1.86147e+01 6.66944e+04
1.86711e+01 6.76351e+04
1.87274e+01 6.84102e+04
1.87837e+01 6.89457e+04
1.88400e+01 7.26020e+04
1.88963e+01 7.38184e+04
1.89525e+01 7.51999e+04
1.90087e+01 7.61903e+04
1.90649e+01 7.88049e+04
1.91211e+01 8.34142e+04
1.91772e+01 8.33213e+04
1.92334e+01 8.40786e+04
1.92895e+01 8.78475e+04
1.93455e+01 8.94070e+04
1.94016e+01 9.41298e+04
1.94576e+01 9.90485e+04
1.95136e+01 9.57983e+04
1.95696e+01 9.78617e+04
1.96255e+01 1.02741e+05
1.96814e+01 1.11137e+05
1.97373e+01 1.16400e+05
1.97932e+01 1.19274e+05
1.98490e+01 1.23549e+05
1.99049e+01 1.30086e+05
1.99607e+01 1.31632e+05
2.00164e+01 1.41803e+05
2.00722e+01 1.46667e+05
2.01279e+01 1.53292e+05
2.01836e+01 1.55875e+05
2.02393e+01 1.59482e+05
2.02950e+01 1.70853e+05
2.03506e+01 1.81869e+05
2.04062e+01 1.81496e+05
2.04618e+01 1.85395e+05
2.05173e+01 1.90575e+05
2.05728e+01 2.06500e+05
2.06283e+01 2.18583e+05
2.06838e+01 2.31970e+05
2.07393e+01 2.38724e+05
2.07947e+01 2.50884e+05
2.08501e+01 2.52918e+05
2.09055e+01 2.54644e+05
2.09609e+01 2.60756e+05
2.10162e+01 2.65924e+05
2.10715e+01 2.61276e+05
2.11268e+01 2.65798e+05
2.11820e+01 2.62509e+05
2.12373e+01 2.54321e+05
2.12925e+01 2.49852e+05
2.13477e+01 2.39881e+05
2.14028e+01 2.28720e+05
2.14580e+01 2.14225e+05
2.15131e+01 1.94096e+05
2.15682e+01 1.79819e+05
2.16232e+01 1.74536e+05
2.16783e+01 1.60931e+05
2.17333e+01 1.48456e+05
2.17883e+01 1.31956e+05
2.18432e+01 1.15015e+05
2.18982e+01 1.07007e+05
2.19531e+01 9.55263e+04
2.20080e+01 8.83360e+04
2.20629e+01 7.96900e+04
2.21177e+01 7.30212e+04
2.21725e+01 6.91150e+04
2.22273e+01 6.62690e+04
2.22821e+01 6.17448e+04
2.23368e+01 5.90077e+04
2.23915e+01 5.59070e+04
2.24462e+01 5.67227e+04
2.25009e+01 6.17680e+04
2.25556e+01 6.06857e+04
2.26102e+01 5.79184e+04
2.26648e+01 5.90897e+04
2.27194e+01 6.08370e+04
2.27739e+01 6.47037e+04
2.28284e+01 6.34576e+04
2.28829e+01 5.98014e+04
2.29374e+01 6.66780e+04
2.29918e+01 7.21014e+04
2.30463e+01 7.07601e+04
2.31007e+01 6.90459e+04
2.31550e+01 7.14586e+04
2.32094e+01 7.56819e+04
2.32637e+01 7.54095e+04
2.33180e+01 7.58938e+04
2.33723e+01 7.64246e+04
2.34266e+01 7.73629e+04
2.34808e+01 7.75963e+04
2.35350e+01 7.17959e+04
2.35892e+01 7.38526e+04
2.36433e+01 7.90542e+04
2.36975e+01 8.02133e+04
2.37516e+01 8.14418e+04
2.38056e+01 7.12236e+04
2.38597e+01 7.31067e+04
2.39137e+01 7.28269e+04
2.39677e+01 7.42975e+04
2.40217e+01 7.37630e+04
2.40757e+01 7.23271e+04
2.41296e+01 7.82965e+04
2.41835e+01 7.45733e+04
2.42374e+01 7.87273e+04
2.42913e+01 8.22441e+04
2.43451e+01 7.64844e+04
2.43989e+01 7.49217e+04
2.44527e+01 7.25809e+04
2.45065e+01 7.42559e+04
2.45602e+01 7.70598e+04
2.46139e+01 7.62451e+04
2.46676e+01 7.69313e+04
2.47213e+01 7.66032e+04
2.47749e+01 7.74864e+04
2.48285e+01 8.07616e+04
2.48821e+01 8.18882e+04
2.49357e+01 7.84763e+04
2.49892e+01 7.89197e+04
2.50428e+01 7.94366e+04
2.50962e+01 7.66286e+04
2.51497e+01 7.63379e+04
2.52032e+01 7.47092e+04
2.52566e+01 7.72850e+04
2.53100e+01 7.63074e+04
2.53633e+01 7.32822e+04
2.54167e+01 7.28630e+04
2.54700e+01 7.62082e+04
2.55233e+01 7.65751e+04
2.55766e+01 7.35167e+04
2.56298e+01 7.20734e+04
2.56830e+01 7.19361e+04
2.57362e+01 7.11158e+04
2.57894e+01 6.88392e+04
2.58426e+01 6.53387e+04
2.58957e+01 6.42468e+04
2.59488e+01 6.56232e+04
2.60019e+01 6.42453e+04
2.60549e+01 6.76030e+04
2.61079e+01 6.36047e+04
2.61609e+01 6.01870e+04
2.62139e+01 5.71105e+04
2.62669e+01 5.81263e+04
2.63198e+01 5.62360e+04
2.63727e+01 5.51685e+04
2.64256e+01 5.49121e+04
2.64784e+01 5.40096e+04
2.65313e+01 5.22654e+04
2.65841e+01 5.12997e+04
2.66369e+01 5.18134e+04
2.66896e+01 5.57226e+04
2.67423e+01 4.89391e+04
2.67950e+01 4.31702e+04
2.68477e+01 4.26304e+04
2.69004e+01 4.34932e+04
2.69530e+01 4.26414e+04
2.70056e+01 4.03676e+04
2.70582e+01 4.02091e+04
2.71108e+01 3.96085e+04
2.71633e+01 3.61372e+04
2.72158e+01 3.86302e+04
2.72683e+01 4.01989e+04
2.73208e+01 3.84182e+04
2.73732e+01 3.59020e+04
2.74256e+01 3.30144e+04
2.74780e+01 3.32844e+04
2.75304e+01 3.28219e+04
2.75827e+01 3.29416e+04
2.76350e+01 3.36139e+04
2.76873e+01 3.18385e+04
2.77396e+01 3.14247e+04
2.77918e+01 2.94279e+04
2.78440e+01 2.85557e+04
2.78962e+01 2.76571e+04
2.79484e+01 2.88983e+04
2.80005e+01 2.88661e+04
2.80527e+01 2.80120e+04
2.81048e+01 2.50308e+04
2.81568e+01 2.32413e+04
2.82089e+01 2.25654e+04
2.82609e+01 2.49051e+04
2.83129e+01 2.63808e+04
2.83649e+01 2.53677e+04
2.84168e+01 2.38840e+04
2.84687e+01 2.35674e+04
2.85206e+01 2.25911e+04
2.85725e+01 2.23920e+04
2.86243e+01 2.15854e+04
2.86762e+01 1.89348e+04
2.87280e+01 1.80518e+04
2.87797e+01 2.02632e+04
2.88315e+01 2.21456e+04
2.88832e+01 1.95341e+04
2.89349e+01 2.04693e+04
2.89866e+01 2.18706e+04
2.90382e+01 1.99847e+04
2.90899e+01 1.82708e+04
2.91415e+01 1.78013e+04
2.91931e+01 1.66726e+04
2.92446e+01 1.72202e+04
2.92961e+01 1.71404e+04
2.93476e+01 1.48439e+04
2.93991e+01 1.62379e+04
2.94506e+01 1.69589e+04
2.95020e+01 1.83636e+04
2.95534e+01 1.87015e+04
2.96048e+01 1.76443e+04
2.96562e+01 1.71347e+04
2.97075e+01 1.64589e+04
2.97588e+01 1.75024e+04
2.98101e+01 1.59247e+04
2.98613e+01 1.39482e+04
2.99126e+01 1.47851e+04
2.99638e+01 1.43744e+04
3.00150e+01 1.36356e+04
3.00661e+01 1.46922e+04
3.01173e+01 1.45829e+04
3.01684e+01 1.19287e+04
3.02195e+01 1.16300e+04
3.02705e+01 1.25839e+04
3.03216e+01 1.53692e+04
3.03726e+01 1.40513e+04
3.04236e+01 1.43600e+04
3.04745e+01 1.45956e+04
3.05255e+01 1.13608e+04
3.05764e+01 1.12764e+04
3.06273e+01 1.16892e+04
3.06782e+01 1.11610e+04
3.07290e+01 1.07543e+04
3.07798e+01 1.23343e+04
3.08306e+01 1.26516e+04
3.08814e+01 1.25534e+04
3.09321e+01 1.41658e+04
3.09828e+01 1.35712e+04
3.10335e+01 1.30486e+04
3.10842e+01 1.10536e+04
3.11348e+01 1.15068e+04
3.11855e+01 1.12854e+04
3.12361e+01 9.93380e+03
3.12866e+01 1.13368e+04
3.13372e+01 1.30014e+04
3.13877e+01 1.22078e+04
3.14382e+01 1.16475e+04
3.14887e+01 1.08128e+04
3.15391e+01 1.17963e+04
3.15896e+01 1.01360e+04
3.16400e+01 9.03470e+03
3.16903e+01 9.59050e+03
3.17407e+01 1.12792e+04
3.17910e+01 1.20207e+04
3.18413e+01 1.32625e+04
3.18916e+01 1.23838e+04
3.19418e+01 1.19881e+04
3.19921e+01 1.24669e+04
3.20423e+01 1.15671e+04
3.20925e+01 1.00436e+04
3.21426e+01 9.98630e+03
3.21927e+01 1.08215e+04
3.22428e+01 1.14284e+04
3.22929e+01 1.12133e+04
3.23430e+01 1.14807e+04
3.23930e+01 1.14494e+04
3.24430e+01 1.21345e+04
3.24930e+01 1.09036e+04
3.25430e+01 9.42690e+03
3.25929e+01 8.41260e+03
3.26428e+01 8.93490e+03
3.26927e+01 9.84380e+03
3.27426e+01 1.14421e+04
3.27924e+01 8.51960e+03
3.28422e+01 8.40250e+03
3.28920e+01 8.95270e+03
3.29418e+01 1.00858e+04
3.29915e+01 1.18999e+04
3.30412e+01 1.12606e+04
3.30909e+01 1.12025e+04
3.31406e+01 1.17792e+04
3.31902e+01 1.03232e+04
3.32398e+01 1.12272e+04
3.32894e+01 1.06891e+04
3.33390e+01 1.05242e+04
3.33885e+01 9.29640e+03
3.34380e+01 9.74600e+03
3.34875e+01 7.99960e+03
3.35370e+01 7.87900e+03
3.35864e+01 8.85290e+03
3.36358e+01 1.06281e+04
3.36852e+01 1.03764e+04
3.37346e+01 9.77690e+03
3.37840e+01 8.40880e+03
3.38333e+01 9.81280e+03
3.38826e+01 8.21950e+03
3.39318e+01 6.76340e+03
3.39811e+01 8.08220e+03
3.40303e+01 9.26910e+03
3.40795e+01 9.04100e+03
3.41287e+01 1.02504e+04
3.41778e+01 1.11697e+04
3.42270e+01 9.73670e+03
3.42761e+01 8.13100e+03
3.43251e+01 8.56100e+03
3.43742e+01 9.08430e+03
3.44232e+01 9.70530e+03
3.44722e+01 8.62920e+03
3.45212e+01 9.07780e+03
3.45701e+01 9.90090e+03
3.46191e+01 9.43050e+03
3.46680e+01 7.31600e+03
3.47169e+01 8.04780e+03
3.47657e+01 8.24420e+03
3.48145e+01 9.24120e+03
3.48633e+01 1.04824e+04
3.49121e+01 1.12502e+04
3.49609e+01 1.00555e+04
3.50096e+01 9.27340e+03
3.50583e+01 7.59390e+03
3.51070e+01 9.73160e+03
3.51557e+01 9.68610e+03
3.52043e+01 1.01291e+04
3.52529e+01 8.89650e+03
3.53015e+01 8.99190e+03
3.53500e+01 1.05879e+04
3.53986e+01 1.00554e+04
3.54471e+01 9.71620e+03
3.54956e+01 1.08752e+04
3.55440e+01 1.12392e+04
3.55925e+01 8.21820e+03
3.56409e+01 8.07800e+03
3.56893e+01 8.28780e+03
3.57376e+01 8.36400e+03
3.57860e+01 8.59970e+03
3.58343e+01 7.80440e+03
3.58826e+01 8.50740e+03
3.59308e+01 7.79890e+03
3.59791e+01 6.48810e+03
3.60273e+01 7.45720e+03
3.60755e+01 9.04010e+03
3.61237e+01 8.39000e+03
3.61718e+01 7.23840e+03
3.62199e+01 6.61010e+03
3.62680e+01 6.27020e+03
3.63161e+01 8.32740e+03
3.63641e+01 8.71780e+03
3.64121e+01 1.02428e+04
3.64601e+01 8.93540e+03
3.65081e+01 8.05170e+03
3.65561e+01 9.27530e+03
3.66040e+01 1.00542e+04
3.66519e+01 9.19800e+03
3.66998e+01 7.30860e+03
3.67476e+01 6.84020e+03
3.67954e+01 7.52610e+03
3.68432e+01 8.71250e+03
3.68910e+01 9.31550e+03
3.69387e+01 9.18410e+03
3.69865e+01 1.00393e+04
3.70342e+01 9.02430e+03
3.70819e+01 9.58540e+03
3.71295e+01 9.39810e+03
3.71771e+01 8.50400e+03
3.72247e+01 9.69540e+03
3.72723e+01 9.08460e+03
3.73199e+01 9.27310e+03
3.73674e+01 9.89700e+03
3.74149e+01 1.00556e+04
3.74624e+01 8.91590e+03
3.75098e+01 8.30180e+03
3.75573e+01 8.80640e+03
3.76047e+01 9.25910e+03
3.76521e+01 9.54040e+03
3.76994e+01 9.96980e+03
3.77467e+01 1.14353e+04
3.77940e+01 1.06571e+04
3.78413e+01 9.21040e+03
3.78886e+01 9.89260e+03
3.79358e+01 1.12453e+04
3.79830e+01 1.03452e+04
3.80302e+01 1.04617e+04
3.80774e+01 1.11742e+04
3.81245e+01 1.30415e+04
3.81716e+01 1.45376e+04
3.82187e+01 1.28154e+04
3.82658e+01 1.28787e+04
3.83128e+01 1.26320e+04
3.83598e+01 1.18914e+04
3.84068e+01 1.19073e+04
3.84538e+01 1.28033e+04
3.85007e+01 1.31236e+04
3.85476e+01 1.39328e+04
3.85945e+01 1.34732e+04
3.86414e+01 1.33068e+04
3.86882e+01 1.29085e+04
3.87351e+01 1.28519e+04
3.87819e+01 1.43390e+04
3.88286e+01 1.41606e+04
3.88754e+01 1.32691e+04
3.89221e+01 1.41888e+04
3.89688e+01 1.41255e+04
3.90154e+01 1.31673e+04
3.90621e+01 1.21195e+04
3.91087e+01 9.61830e+03
3.91553e+01 1.01877e+04
3.92019e+01 1.09391e+04
3.92484e+01 1.30046e+04
3.92950e+01 1.46525e+04
3.93415e+01 1.35157e+04
3.93879e+01 1.26425e+04
3.94344e+01 1.27074e+04
3.94808e+01 1.07247e+04
3.95272e+01 1.03634e+04
3.95736e+01 1.16457e+04
3.96199e+01 1.17166e+04
3.96663e+01 1.12433e+04
3.97126e+01 1.01754e+04
3.97588e+01 1.10267e+04
3.98051e+01 1.15751e+04
3.98513e+01 1.16677e+04
3.98975e+01 1.17358e+04
3.99437e+01 1.26163e+04
3.99899e+01 1.40453e+04
4.00360e+01 1.22301e+04
4.00821e+01 1.04127e+04
4.01282e+01 1.18321e+04
4.01742e+01 1.26676e+04
4.02203e+01 1.19617e+04
4.02663e+01 1.11004e+04
4.03122e+01 1.08657e+04
4.03582e+01 1.11513e+04
4.04041e+01 1.11683e+04
4.04500e+01 1.23448e+04
4.04959e+01 1.25946e+04
4.05418e+01 1.25229e+04
4.05876e+01 1.20928e+04
4.06334e+01 9.79890e+03
4.06792e+01 1.00711e+04
4.07250e+01 1.13144e+04
4.07707e+01 1.16228e+04
4.08164e+01 1.28603e+04
4.08621e+01 1.02465e+04
4.09078e+01 1.19798e+04
4.09534e+01 1.20087e+04
4.09990e+01 1.20265e+04
4.10446e+01 1.22495e+04
4.10902e+01 1.29353e+04
4.11357e+01 1.19116e+04
4.11813e+01 1.18742e+04
4.12268e+01 1.30578e+04
4.12722e+01 1.15509e+04
4.13177e+01 1.25294e+04
4.13631e+01 1.52674e+04
4.14085e+01 1.25520e+04
4.14538e+01 1.16504e+04
4.14992e+01 1.33880e+04
4.15445e+01 1.31572e+04
4.15898e+01 1.31977e+04
4.16351e+01 1.06797e+04
4.16803e+01 1.20132e+04
4.17255e+01 1.27116e+04
4.17707e+01 1.21693e+04
4.18159e+01 1.24029e+04
4.18611e+01 1.18243e+04
4.19062e+01 1.16609e+04
4.19513e+01 1.14257e+04
4.19964e+01 1.03687e+04
4.20414e+01 1.06730e+04
4.20864e+01 1.40124e+04
4.21314e+01 1.23065e+04
4.21764e+01 1.11811e+04
4.22214e+01 1.00051e+04
4.22663e+01 1.22809e+04
4.23112e+01 1.17116e+04
4.23561e+01 1.26009e+04
4.24009e+01 1.17330e+04
4.24458e+01 1.26171e+04
4.24906e+01 1.11228e+04
4.25354e+01 1.24743e+04
4.25801e+01 1.19303e+04
4.26248e+01 1.24711e+04
4.26695e+01 1.12740e+04
4.27142e+01 1.09837e+04
4.27589e+01 1.19675e+04
4.28035e+01 1.31530e+04
4.28481e+01 1.21040e+04
4.28927e+01 1.11864e+04
4.29373e+01 1.05255e+04
4.29818e+01 1.26672e+04
4.30263e+01 1.07410e+04
4.30708e+01 1.07194e+04
4.31153e+01 1.33362e+04
4.31597e+01 1.18938e+04
4.32041e+01 1.06395e+04
4.32485e+01 1.15846e+04
4.32929e+01 1.05945e+04
4.33372e+01 9.76440e+03
4.33815e+01 1.04602e+04
4.34258e+01 1.10869e+04
4.34701e+01 1.15074e+04
4.35143e+01 1.22971e+04
4.35585e+01 1.04054e+04
4.36027e+01 8.93220e+03
4.36469e+01 9.44370e+03
4.36910e+01 1.14246e+04
4.37351e+01 1.18445e+04
4.37792e+01 1.10973e+04
4.38233e+01 1.06557e+04
4.38674e+01 1.12497e+04
4.39114e+01 1.12186e+04
4.39554e+01 1.20511e+04
4.39993e+01 1.21571e+04
4.40433e+01 1.10949e+04
4.40872e+01 1.31953e+04
4.41311e+01 1.22326e+04
4.41750e+01 1.35268e+04
4.42188e+01 1.54293e+04
4.42626e+01 1.35834e+04
4.43064e+01 1.13407e+04
4.43502e+01 1.14762e+04
4.43940e+01 1.16591e+04
4.44377e+01 1.10886e+04
4.44814e+01 1.13867e+04
4.45251e+01 1.14274e+04
4.45687e+01 9.82280e+03
4.46123e+01 1.18487e+04
4.46560e+01 1.29928e+04
4.46995e+01 1.24196e+04
4.47431e+01 9.91830e+03
4.47866e+01 9.83870e+03
4.48301e+01 1.03174e+04
4.48736e+01 1.33417e+04
4.49171e+01 1.22363e+04
4.49605e+01 1.27137e+04
4.50039e+01 1.35954e+04
4.50473e+01 1.31519e+04
4.50906e+01 1.25114e+04
4.51340e+01 1.13402e+04
4.51773e+01 1.09992e+04
4.52205e+01 1.18247e+04
4.52638e+01 1.36515e+04
4.53070e+01 1.26981e+04
4.53503e+01 1.22144e+04
4.53934e+01 1.35453e+04
4.54366e+01 1.34314e+04
4.54797e+01 1.09128e+04
4.55228e+01 1.13351e+04
4.55659e+01 1.14039e+04
4.56090e+01 1.09737e+04
4.56520e+01 1.17233e+04
4.56950e+01 1.25681e+04
4.57380e+01 1.27238e+04
4.57810e+01 1.14779e+04
4.58239e+01 1.20165e+04
4.58669e+01 9.99160e+03
4.59097e+01 1.18625e+04
4.59526e+01 1.17972e+04
4.59955e+01 1.14286e+04
4.60383e+01 1.19045e+04
4.60811e+01 1.10118e+04
4.61238e+01 9.86440e+03
4.61666e+01 9.15630e+03
4.62093e+01 1.09321e+04
4.62520e+01 1.04504e+04
4.62947e+01 1.20130e+04
4.63373e+01 1.29850e+04
4.63799e+01 1.31513e+04
4.64225e+01 1.23139e+04
4.64651e+01 1.20660e+04
4.65076e+01 1.04737e+04
4.65502e+01 9.78090e+03
4.65927e+01 1.02219e+04
4.66351e+01 1.08005e+04
4.66776e+01 1.05022e+04
4.67200e+01 1.04906e+04
4.67624e+01 1.09898e+04
4.68048e+01 9.76080e+03
4.68471e+01 9.98360e+03
4.68895e+01 9.87640e+03
4.69318e+01 1.07049e+04
4.69740e+01 1.14238e+04
4.70163e+01 9.50950e+03
4.70585e+01 1.02747e+04
4.71007e+01 1.02770e+04
4.71429e+01 9.69030e+03
4.71851e+01 9.40590e+03
4.72272e+01 7.99600e+03
4.72693e+01 7.79960e+03
4.73114e+01 8.63060e+03
4.73534e+01 9.56430e+03
4.73955e+01 9.60810e+03
4.74375e+01 9.19690e+03
4.74795e+01 9.04500e+03
4.75214e+01 9.01800e+03
4.75633e+01 8.17190e+03
4.76053e+01 7.43400e+03
4.76471e+01 8.50150e+03
4.76890e+01 8.19090e+03
4.77308e+01 6.58470e+03
4.77726e+01 6.21050e+03
4.78144e+01 7.54080e+03
4.78562e+01 7.99340e+03
4.78979e+01 8.88910e+03
4.79396e+01 7.72610e+03
4.79813e+01 7.69070e+03
4.80230e+01 7.71580e+03
4.80646e+01 6.92940e+03
4.81062e+01 6.37430e+03
4.81478e+01 6.86530e+03
4.81894e+01 7.37230e+03
4.82309e+01 7.13130e+03
4.82725e+01 6.15080e+03
4.83140e+01 6.84270e+03
4.83554e+01 6.83720e+03
4.83969e+01 6.11310e+03
4.84383e+01 6.42440e+03
4.84797e+01 7.60810e+03
4.85210e+01 6.20700e+03
4.85624e+01 6.74400e+03
4.86037e+01 5.73050e+03
4.86450e+01 7.40710e+03
4.86863e+01 5.73570e+03
4.87275e+01 4.48940e+03
4.87687e+01 6.11510e+03
4.88099e+01 6.26700e+03
4.88511e+01 6.03430e+03
4.88923e+01 5.59580e+03
4.89334e+01 6.38510e+03
4.89745e+01 7.38760e+03
4.90156e+01 6.74360e+03
4.90566e+01 5.18170e+03
4.90976e+01 5.75170e+03
4.91386e+01 6.08660e+03
4.91796e+01 7.23960e+03
4.92206e+01 9.10590e+03
4.92615e+01 7.94230e+03
4.93024e+01 6.39090e+03
4.93433e+01 6.49400e+03
4.93841e+01 6.09120e+03
4.94250e+01 6.44460e+03
4.94658e+01 7.20230e+03
4.95065e+01 6.36940e+03
4.95473e+01 6.49020e+03
4.95880e+01 6.93280e+03
4.96287e+01 7.79540e+03
4.96694e+01 5.50130e+03
4.97101e+01 5.33080e+03
4.97507e+01 6.09210e+03
4.97913e+01 8.43120e+03
4.98319e+01 7.27880e+03
4.98725e+01 6.73400e+03
4.99130e+01 8.35010e+03
4.99535e+01 7.60850e+03
4.99940e+01 7.96890e+03
5.00345e+01 7.89420e+03
5.00749e+01 7.37920e+03
5.01153e+01 6.46060e+03
5.01557e+01 5.44130e+03
5.01961e+01 6.07280e+03
5.02364e+01 7.11980e+03
5.02767e+01 7.13330e+03
5.03170e+01 6.17090e+03
5.03573e+01 7.27510e+03
5.03975e+01 7.22230e+03
5.04377e+01 7.74640e+03
5.04779e+01 7.99210e+03
5.05181e+01 7.90830e+03
5.05582e+01 7.62660e+03
5.05983e+01 8.28490e+03
5.06384e+01 7.08060e+03
5.06785e+01 7.79900e+03
5.07185e+01 7.79200e+03
5.07586e+01 8.69690e+03
5.07986e+01 8.11560e+03
5.08385e+01 7.52200e+03
5.08785e+01 7.42700e+03
5.09184e+01 7.08580e+03
5.09583e+01 6.72570e+03
5.09982e+01 7.08000e+03
5.10380e+01 6.62760e+03
5.10778e+01 7.12620e+03
5.11176e+01 5.39600e+03
5.11574e+01 5.83150e+03
5.11972e+01 6.63180e+03
5.12369e+01 6.83580e+03
5.12766e+01 7.54830e+03
5.13163e+01 7.30680e+03
5.13559e+01 7.13370e+03
5.13955e+01 8.14320e+03
5.14351e+01 8.73220e+03
5.14747e+01 7.38240e+03
5.15143e+01 5.70330e+03
5.15538e+01 6.52980e+03
5.15933e+01 7.10620e+03
5.16328e+01 6.76980e+03
5.16722e+01 7.27440e+03
5.17117e+01 6.72030e+03
5.17511e+01 7.38700e+03
5.17904e+01 6.13960e+03
5.18298e+01 6.44170e+03
5.18691e+01 6.79660e+03
5.19084e+01 7.19160e+03
5.19477e+01 6.33740e+03
5.19870e+01 5.70940e+03
5.20262e+01 5.86550e+03
5.20654e+01 6.11910e+03
5.21046e+01 5.10310e+03
5.21438e+01 6.32770e+03
5.21829e+01 6.48770e+03
5.22220e+01 6.46370e+03
5.22611e+01 5.23410e+03
5.23002e+01 5.41180e+03
5.23392e+01 5.62620e+03
5.23782e+01 6.82380e+03
5.24172e+01 6.58280e+03
5.24562e+01 7.72800e+03
5.24951e+01 8.24450e+03
5.25340e+01 6.89250e+03
5.25729e+01 7.63130e+03
5.26118e+01 8.43350e+03
5.26506e+01 7.53130e+03
5.26894e+01 6.16080e+03
5.27282e+01 6.50160e+03
5.27670e+01 6.17310e+03
5.28057e+01 5.76930e+03
5.28445e+01 5.62760e+03
5.28832e+01 6.39310e+03
5.29218e+01 6.85540e+03
5.29605e+01 7.20210e+03
5.29991e+01 7.36440e+03
5.30377e+01 7.06950e+03
5.30763e+01 7.81330e+03
5.31148e+01 7.69040e+03
5.31533e+01 7.57920e+03
5.31918e+01 7.89360e+03
5.32303e+01 7.88440e+03
5.32688e+01 5.24160e+03
5.33072e+01 5.68530e+03
5.33456e+01 5.77150e+03
5.33840e+01 5.75770e+03
5.34223e+01 6.07190e+03
5.34606e+01 5.47680e+03
5.34989e+01 5.36110e+03
5.35372e+01 6.37350e+03
5.35755e+01 6.90570e+03
5.36137e+01 6.84400e+03
5.36519e+01 7.21970e+03
5.36901e+01 8.34030e+03
5.37282e+01 7.54380e+03
5.37664e+01 7.51790e+03
5.38045e+01 6.20510e+03
5.38425e+01 6.53090e+03
5.38806e+01 6.58240e+03
5.39186e+01 7.59830e+03
5.39566e+01 6.29780e+03
5.39946e+01 6.97040e+03
5.40326e+01 7.00550e+03
5.40705e+01 6.66770e+03
5.41084e+01 6.49270e+03
5.41463e+01 7.63040e+03
5.41842e+01 6.94960e+03
5.42220e+01 5.39890e+03
5.42598e+01 4.39990e+03
5.42976e+01 6.45890e+03
5.43354e+01 6.50850e+03
5.43731e+01 5.60330e+03
5.44108e+01 6.40720e+03
5.44485e+01 5.93040e+03
5.44862e+01 5.23370e+03
5.45238e+01 6.62780e+03
5.45614e+01 8.21020e+03
5.45990e+01 6.13210e+03
5.46366e+01 5.17830e+03
5.46741e+01 4.41140e+03
5.47116e+01 5.92310e+03
5.47491e+01 6.16240e+03
5.47866e+01 6.96740e+03
5.48240e+01 7.18910e+03
5.48614e+01 7.15660e+03
5.48988e+01 5.27990e+03
5.49362e+01 5.65690e+03
5.49735e+01 4.98680e+03
5.50109e+01 5.75980e+03
5.50482e+01 4.67890e+03
5.50854e+01 4.72170e+03
5.51227e+01 5.02200e+03
5.51599e+01 7.25080e+03
5.51971e+01 7.05660e+03
5.52343e+01 4.84830e+03
5.52714e+01 3.75540e+03
5.53085e+01 5.07660e+03
5.53456e+01 4.05690e+03
5.53827e+01 5.13430e+03
5.54198e+01 4.52230e+03
5.54568e+01 4.55750e+03
5.54938e+01 4.83650e+03
5.55308e+01 4.32650e+03
5.55677e+01 4.17780e+03
5.56046e+01 4.69840e+03
5.56416e+01 6.02520e+03
5.56784e+01 4.70200e+03
5.57153e+01 5.03940e+03
5.57521e+01 4.99130e+03
5.57889e+01 3.92740e+03
5.58257e+01 5.29330e+03
5.58625e+01 4.84170e+03
5.58992e+01 5.41440e+03
5.59359e+01 4.81150e+03
5.59726e+01 4.11910e+03
5.60092e+01 4.40440e+03
5.60459e+01 4.59840e+03
5.60825e+01 5.72140e+03
5.61191e+01 5.52240e+03
5.61556e+01 4.68910e+03
5.61921e+01 4.55850e+03
5.62287e+01 4.45380e+03
5.62651e+01 4.21490e+03
5.63016e+01 4.24130e+03
5.63380e+01 5.02340e+03
5.63745e+01 5.00700e+03
5.64108e+01 4.12760e+03
5.64472e+01 4.76830e+03
5.64835e+01 4.92460e+03
5.65199e+01 4.16900e+03
5.65561e+01 4.49650e+03
5.65924e+01 4.30520e+03
5.66286e+01 4.56700e+03
5.66649e+01 5.43500e+03
5.67011e+01 4.86040e+03
5.67372e+01 6.00110e+03
5.67734e+01 6.89130e+03
5.68095e+01 5.90160e+03
5.68456e+01 4.46810e+03
5.68816e+01 5.11570e+03
5.69177e+01 5.71630e+03
5.69537e+01 5.18820e+03
5.69897e+01 5.15630e+03
5.70257e+01 5.14300e+03
5.70616e+01 5.23610e+03
5.70975e+01 5.29670e+03
5.71334e+01 4.95630e+03
5.71693e+01 4.72740e+03
5.72052e+01 4.58540e+03
5.72410e+01 5.67710e+03
5.72768e+01 5.18060e+03
5.73125e+01 5.24770e+03
5.73483e+01 5.49070e+03
5.73840e+01 6.82970e+03
5.74197e+01 6.15480e+03
5.74554e+01 4.76730e+03
5.74910e+01 4.15590e+03
5.75267e+01 4.07640e+03
5.75623e+01 5.77110e+03
5.75979e+01 5.93630e+03
5.76334e+01 6.09660e+03
5.76689e+01 7.76510e+03
5.77044e+01 5.80050e+03
5.77399e+01 5.92990e+03
5.77754e+01 5.00690e+03
5.78108e+01 5.07920e+03
5.78462e+01 4.60500e+03
5.78816e+01 5.60440e+03
5.79169e+01 5.45590e+03
5.79523e+01 4.28090e+03
5.79876e+01 5.54730e+03
5.80229e+01 7.06420e+03
5.80581e+01 5.97800e+03
5.80934e+01 5.41050e+03
5.81286e+01 4.50120e+03
5.81638e+01 5.32560e+03
5.81989e+01 6.07910e+03
5.82340e+01 6.00120e+03
5.82692e+01 6.36790e+03
5.83042e+01 6.00000e+03
5.83393e+01 6.95700e+03
5.83743e+01 5.26710e+03
5.84094e+01 5.53330e+03
5.84443e+01 6.20470e+03
5.84793e+01 7.29310e+03
5.85143e+01 6.78040e+03
5.85492e+01 7.30690e+03
5.85841e+01 7.19950e+03
5.86189e+01 7.52690e+03
5.86538e+01 7.66900e+03
5.86886e+01 8.66600e+03
5.87234e+01 8.48650e+03
5.87581e+01 8.12730e+03
5.87929e+01 7.39300e+03
5.88276e+01 8.05630e+03
5.88623e+01 7.88350e+03
5.88970e+01 6.91440e+03
5.89316e+01 7.17400e+03
5.89662e+01 7.94160e+03
5.90008e+01 7.03260e+03
5.90354e+01 7.08860e+03
5.90699e+01 6.43370e+03
5.91045e+01 6.55790e+03
5.91390e+01 9.77300e+03
5.91734e+01 1.12878e+04
5.92079e+01 8.92040e+03
5.92423e+01 8.43170e+03
5.92767e+01 8.41400e+03
5.93111e+01 9.87290e+03
5.93454e+01 9.96580e+03
5.93798e+01 1.09987e+04
5.94141e+01 1.01601e+04
5.94483e+01 9.56310e+03
5.94826e+01 1.05224e+04
5.95168e+01 1.16150e+04
5.95510e+01 1.12368e+04
5.95852e+01 1.22529e+04
5.96194e+01 1.18103e+04
5.96535e+01 1.12004e+04
5.96876e+01 1.06762e+04
5.97217e+01 8.93820e+03
5.97557e+01 1.06646e+04
5.97898e+01 1.06944e+04
5.98238e+01 1.00787e+04
5.98577e+01 1.11412e+04
5.98917e+01 1.04136e+04
5.99256e+01 8.64630e+03
5.99595e+01 8.54670e+03
5.99934e+01 1.00262e+04
6.00273e+01 8.82920e+03
6.00611e+01 9.01200e+03
6.00949e+01 9.09730e+03
6.01287e+01 8.59220e+03
6.01625e+01 7.59760e+03
6.01962e+01 7.54650e+03
6.02299e+01 6.78670e+03
6.02636e+01 7.40070e+03
6.02973e+01 8.66030e+03
6.03309e+01 8.94690e+03
6.03645e+01 8.24550e+03
6.03981e+01 6.80530e+03
6.04317e+01 6.02870e+03
6.04652e+01 5.95980e+03
6.04987e+01 7.71020e+03
6.05322e+01 8.14560e+03
6.05657e+01 8.73740e+03
6.05991e+01 7.89000e+03
6.06326e+01 6.92080e+03
6.06660e+01 6.94780e+03
6.06993e+01 6.14000e+03
6.07327e+01 4.39750e+03
6.07660e+01 4.25770e+03
6.07993e+01 5.75840e+03
6.08326e+01 4.75280e+03
6.08658e+01 5.39120e+03
6.08990e+01 5.04540e+03
6.09322e+01 3.80110e+03
6.09654e+01 3.75860e+03
6.09985e+01 5.29350e+03
6.10317e+01 5.57120e+03
6.10648e+01 4.91120e+03
6.10978e+01 5.43620e+03
6.11309e+01 4.97130e+03
6.11639e+01 4.45970e+03
6.11969e+01 5.39650e+03
6.12299e+01 3.92450e+03
6.12628e+01 3.50570e+03
6.12958e+01 4.02120e+03
6.13287e+01 3.71960e+03
6.13615e+01 5.09570e+03
6.13944e+01 5.24380e+03
6.14272e+01 4.55220e+03
6.14600e+01 5.13400e+03
6.14928e+01 3.82320e+03
6.15256e+01 3.58490e+03
6.15583e+01 5.15120e+03
6.15910e+01 5.10880e+03
6.16237e+01 2.89460e+03
6.16563e+01 3.89120e+03
6.16890e+01 4.03250e+03
6.17216e+01 3.03140e+03
6.17542e+01 3.00970e+03
6.17867e+01 3.95820e+03
6.18193e+01 4.42890e+03
6.18518e+01 4.64830e+03
6.18843e+01 4.94300e+03
6.19167e+01 3.62750e+03
6.19492e+01 3.68220e+03
6.19816e+01 4.03120e+03
6.20140e+01 3.22740e+03
6.20463e+01 3.09450e+03
6.20787e+01 3.53720e+03
6.21110e+01 3.68830e+03
6.21433e+01 4.62090e+03
6.21755e+01 3.84460e+03
6.22078e+01 3.99520e+03
6.22400e+01 3.26960e+03
6.22722e+01 3.38290e+03
6.23043e+01 4.06470e+03
6.23365e+01 3.69470e+03
6.23686e+01 2.87340e+03
6.24007e+01 3.25120e+03
6.24327e+01 5.58320e+03
6.24648e+01 5.81340e+03
6.24968e+01 3.81290e+03
6.25288e+01 3.86180e+03
6.25608e+01 3.31220e+03
6.25927e+01 4.40960e+03
6.26246e+01 4.21490e+03
6.26565e+01 2.70470e+03
6.26884e+01 3.03840e+03
6.27203e+01 2.83030e+03
6.27521e+01 3.31080e+03
6.27839e+01 4.70860e+03
6.28157e+01 4.61190e+03
6.28474e+01 2.48900e+03
6.28791e+01 1.73760e+03
6.29108e+01 2.64440e+03
6.29425e+01 2.53650e+03
6.29742e+01 2.08720e+03
6.30058e+01 1.82160e+03
6.30374e+01 2.58650e+03
6.30690e+01 2.70290e+03
6.31005e+01 2.71200e+03
6.31320e+01 2.69870e+03
6.31635e+01 2.53230e+03
6.31950e+01 3.30890e+03
6.32265e+01 4.48480e+03
6.32579e+01 3.66640e+03
6.32893e+01 2.76820e+03
6.33207e+01 3.89030e+03
6.33520e+01 3.26790e+03
6.33834e+01 2.31080e+03
6.34147e+01 3.31530e+03
6.34460e+01 3.74150e+03
6.34772e+01 3.65070e+03
6.35085e+01 3.25150e+03
6.35397e+01 3.04860e+03
6.35709e+01 3.45170e+03
6.36020e+01 3.74180e+03
6.36331e+01 2.30190e+03
6.36643e+01 2.76630e+03
6.36953e+01 4.44160e+03
6.37264e+01 4.04290e+03
6.37574e+01 3.21110e+03
6.37885e+01 3.63600e+03
6.38194e+01 3.63880e+03
6.38504e+01 2.54340e+03
6.38813e+01 2.54640e+03
6.39123e+01 3.14360e+03
6.39432e+01 3.36930e+03
6.39740e+01 3.69790e+03
6.40049e+01 4.50610e+03
6.40357e+01 3.73210e+03
6.40665e+01 3.41260e+03
6.40972e+01 3.24200e+03
6.41280e+01 4.64100e+03
6.41587e+01 4.46980e+03
6.41894e+01 3.49370e+03
6.42201e+01 3.40070e+03
6.42507e+01 3.47420e+03
6.42813e+01 3.60020e+03
6.43119e+01 3.77190e+03
6.43425e+01 4.26880e+03
6.43730e+01 3.26780e+03
6.44036e+01 2.54210e+03
6.44341e+01 2.95460e+03
6.44645e+01 3.35300e+03
6.44950e+01 2.98100e+03
6.45254e+01 2.44190e+03
6.45558e+01 2.40420e+03
6.45862e+01 3.01250e+03
6.46165e+01 3.79600e+03
6.46469e+01 3.85650e+03
6.46772e+01 4.56360e+03
6.47074e+01 3.64270e+03
6.47377e+01 2.11260e+03
6.47679e+01 2.55220e+03
6.47981e+01 3.86910e+03
6.48283e+01 4.34490e+03
6.48584e+01 2.42620e+03
6.48886e+01 2.65930e+03
6.49187e+01 2.11220e+03
6.49488e+01 2.56900e+03
6.49788e+01 2.46740e+03
6.50088e+01 1.92850e+03
6.50389e+01 1.88190e+03
6.50688e+01 2.41170e+03
6.50988e+01 4.48400e+03
6.51287e+01 3.17880e+03
6.51586e+01 2.52500e+03
6.51885e+01 2.03170e+03
6.52184e+01 1.80140e+03
6.52482e+01 2.43930e+03
6.52780e+01 3.21000e+03
6.53078e+01 2.61720e+03
6.53376e+01 1.76680e+03
6.53673e+01 2.57620e+03
6.53970e+01 3.06240e+03
6.54267e+01 2.01740e+03
6.54564e+01 2.49400e+03
6.54860e+01 2.52690e+03
6.55156e+01 2.84860e+03
6.55452e+01 3.30740e+03
6.55748e+01 2.55900e+03
6.56043e+01 2.56310e+03
6.56338e+01 2.36220e+03
6.56633e+01 1.75710e+03
6.56928e+01 2.08960e+03
6.57222e+01 2.27270e+03
6.57516e+01 3.70750e+03
6.57810e+01 2.30950e+03
6.58104e+01 2.06320e+03
6.58398e+01 2.89770e+03
6.58691e+01 2.50170e+03
6.58984e+01 2.57720e+03
6.59276e+01 2.64330e+03
6.59569e+01 2.17240e+03
6.59861e+01 1.47480e+03
6.60153e+01 1.63680e+03
6.60445e+01 1.47020e+03
6.60736e+01 8.92000e+02
6.61027e+01 1.14610e+03
6.61318e+01 1.19410e+03
