# La4Ni3O10 Ni L3 edge RIXS
# Room temperature
# RIXS resolution ~ 0.4 eV
# Horizontal scattering geometry, theta = 15 degrees, 2theta = 95 degrees
# SEXTANTS beamline, SOLEIL synchrotron
# Energy loss 	 Intensity
-1.00000e+01 -3.18991e-03
-9.90306e+00 -8.22032e-04
-9.80613e+00 -1.16867e-03
-9.70919e+00 1.01530e-03
-9.61226e+00 1.45451e-03
-9.51532e+00 5.89525e-04
-9.41838e+00 2.49634e-03
-9.32145e+00 -3.47090e-04
-9.22451e+00 1.82705e-03
-9.12757e+00 6.47998e-04
-9.03064e+00 1.13091e-03
-8.93370e+00 2.47090e-03
-8.83677e+00 3.41503e-03
-8.73983e+00 2.29901e-03
-8.64289e+00 1.87475e-03
-8.54596e+00 2.62062e-03
-8.44902e+00 1.45936e-03
-8.35209e+00 1.20364e-03
-8.25515e+00 1.42227e-03
-8.15821e+00 -9.95187e-04
-8.06128e+00 1.45075e-03
-7.96434e+00 2.96122e-03
-7.86740e+00 -7.70921e-04
-7.77047e+00 -7.99745e-05
-7.67353e+00 3.85900e-04
-7.57660e+00 -1.77937e-03
-7.47966e+00 6.04535e-04
-7.38272e+00 1.21847e-03
-7.28579e+00 -2.51718e-03
-7.18885e+00 -2.09151e-03
-7.09192e+00 6.42680e-04
-6.99498e+00 1.71448e-03
-6.89804e+00 1.22601e-03
-6.80111e+00 3.82047e-03
-6.70417e+00 -1.88721e-04
-6.60723e+00 1.70205e-03
-6.51030e+00 2.55348e-04
-6.41336e+00 -1.44680e-04
-6.31643e+00 -1.72599e-05
-6.21949e+00 -2.98645e-03
-6.12255e+00 7.37727e-04
-6.02562e+00 3.64910e-04
-5.92868e+00 9.80616e-04
-5.83175e+00 -1.06586e-03
-5.73481e+00 6.33487e-05
-5.63787e+00 -2.48157e-03
-5.54094e+00 -4.45434e-03
-5.44400e+00 -8.56149e-04
-5.34706e+00 -3.08496e-03
-5.25013e+00 -3.95077e-04
-5.15319e+00 -3.61446e-03
-5.05626e+00 -8.34166e-04
-4.95932e+00 -5.38586e-04
-4.86238e+00 -3.44883e-03
-4.76545e+00 -7.72270e-04
-4.66851e+00 -2.29782e-03
-4.57158e+00 -1.05494e-03
-4.47464e+00 -3.24931e-03
-4.37770e+00 -8.96690e-04
-4.28077e+00 -1.40309e-03
-4.18383e+00 -1.21104e-03
-4.08689e+00 -4.42900e-04
-3.98996e+00 -2.60371e-03
-3.89302e+00 -2.24084e-03
-3.79609e+00 5.71093e-04
-3.69915e+00 2.30049e-03
-3.60221e+00 6.15354e-04
-3.50528e+00 2.80289e-03
-3.40834e+00 3.50445e-03
-3.31141e+00 -7.68118e-04
-3.21447e+00 -4.99421e-04
-3.11753e+00 -1.31819e-03
-3.02060e+00 1.79949e-03
-2.92366e+00 1.21471e-03
-2.82672e+00 8.12380e-04
-2.72979e+00 1.95254e-03
-2.63285e+00 -1.05773e-03
-2.53592e+00 -3.14718e-04
-2.43898e+00 -4.84632e-05
-2.34204e+00 -1.24514e-03
-2.24511e+00 -3.12877e-03
-2.14817e+00 9.21157e-04
-2.05124e+00 1.87579e-03
-1.95430e+00 2.43901e-03
-1.85736e+00 -1.75074e-03
-1.76043e+00 5.32749e-04
-1.66349e+00 -8.48712e-04
-1.56655e+00 -1.09282e-04
-1.46962e+00 -5.34294e-05
-1.37268e+00 2.59087e-04
-1.27575e+00 2.75419e-03
-1.17881e+00 3.48731e-03
-1.08187e+00 -7.38083e-04
-9.84938e-01 1.00067e-03
-8.88002e-01 3.29202e-03
-7.91066e-01 3.15452e-03
-6.94129e-01 3.49581e-03
-5.97193e-01 2.53269e-03
-5.00257e-01 4.95725e-03
-4.03321e-01 4.64333e-03
-3.06385e-01 1.38336e-02
-2.09449e-01 2.49675e-02
-1.12513e-01 3.53965e-02
-1.55764e-02 5.42726e-02
8.13597e-02 5.35963e-02
1.78296e-01 3.76693e-02
2.75232e-01 1.55450e-02
3.72168e-01 9.31022e-03
4.69104e-01 1.02540e-02
5.66040e-01 7.12617e-03
6.62977e-01 1.09335e-02
7.59913e-01 1.21138e-02
8.56849e-01 1.52448e-02
9.53785e-01 1.35162e-02
1.05072e+00 1.55181e-02
1.14766e+00 2.22066e-02
1.24459e+00 1.92613e-02
1.34153e+00 2.61812e-02
1.43847e+00 2.83282e-02
1.53540e+00 2.37658e-02
1.63234e+00 2.37767e-02
1.72927e+00 2.73987e-02
1.82621e+00 2.80346e-02
1.92315e+00 2.49590e-02
2.02008e+00 2.73017e-02
2.11702e+00 2.61631e-02
2.21396e+00 3.02903e-02
2.31089e+00 2.89790e-02
2.40783e+00 2.79870e-02
2.50476e+00 2.23243e-02
2.60170e+00 2.40545e-02
2.69864e+00 2.26433e-02
2.79557e+00 2.38873e-02
2.89251e+00 1.96079e-02
2.98944e+00 2.03237e-02
3.08638e+00 2.27992e-02
3.18332e+00 1.48464e-02
3.28025e+00 1.62437e-02
3.37719e+00 1.56121e-02
3.47413e+00 1.47530e-02
3.57106e+00 1.53161e-02
3.66800e+00 1.50647e-02
3.76493e+00 1.57315e-02
3.86187e+00 1.49984e-02
3.95881e+00 1.59180e-02
4.05574e+00 2.03518e-02
4.15268e+00 2.24636e-02
4.24961e+00 1.78873e-02
4.34655e+00 2.24534e-02
4.44349e+00 2.54084e-02
4.54042e+00 2.68406e-02
4.63736e+00 2.61646e-02
4.73429e+00 2.80916e-02
4.83123e+00 2.87269e-02
4.92817e+00 2.88274e-02
5.02510e+00 3.17057e-02
5.12204e+00 3.84190e-02
5.21898e+00 3.57204e-02
5.31591e+00 3.51640e-02
5.41285e+00 4.12561e-02
5.50978e+00 4.39428e-02
5.60672e+00 4.75557e-02
5.70366e+00 6.32999e-02
5.80059e+00 6.73150e-02
5.89753e+00 7.51199e-02
5.99446e+00 8.93211e-02
6.09140e+00 9.94802e-02
6.18834e+00 9.23470e-02
6.28527e+00 9.10568e-02
6.38221e+00 1.09685e-01
6.47915e+00 1.16406e-01
6.57608e+00 1.16668e-01
6.67302e+00 1.36721e-01
6.76995e+00 1.59852e-01
6.86689e+00 1.68937e-01
6.96383e+00 1.56857e-01
7.06076e+00 1.55179e-01
7.15770e+00 1.41707e-01
7.25463e+00 1.28990e-01
7.35157e+00 1.06881e-01
7.44851e+00 9.17192e-02
7.54544e+00 8.28585e-02
7.64238e+00 7.22952e-02
7.73932e+00 5.54352e-02
7.83625e+00 5.07814e-02
7.93319e+00 4.63526e-02
8.03012e+00 4.14964e-02
8.12706e+00 2.44913e-02
8.22400e+00 2.35457e-02
8.32093e+00 2.17807e-02
8.41787e+00 2.15235e-02
8.51480e+00 1.85633e-02
8.61174e+00 2.18459e-02
8.70868e+00 2.31185e-02
8.80561e+00 2.11152e-02
8.90255e+00 2.17278e-02
8.99949e+00 1.92207e-02
9.09642e+00 2.49702e-02
9.19336e+00 2.62778e-02
9.29029e+00 2.84161e-02
9.38723e+00 3.21227e-02
9.48417e+00 3.73481e-02
9.58110e+00 3.84107e-02
9.67804e+00 3.38603e-02
9.77497e+00 3.43176e-02
9.87191e+00 3.36209e-02
9.96885e+00 3.58333e-02
1.00658e+01 3.79966e-02
1.01627e+01 4.40082e-02
1.02597e+01 4.61646e-02
1.03566e+01 4.41009e-02
1.04535e+01 4.02731e-02
1.05505e+01 5.51570e-02
1.06474e+01 4.76951e-02
1.07443e+01 4.45667e-02
1.08413e+01 5.86760e-02
1.09382e+01 5.99034e-02
1.10351e+01 5.93743e-02
1.11321e+01 4.79258e-02
1.12290e+01 5.29000e-02
1.13260e+01 4.93477e-02
1.14229e+01 5.34685e-02
1.15198e+01 5.58482e-02
1.16168e+01 5.94975e-02
1.17137e+01 5.82788e-02
1.18106e+01 4.00469e-02
1.19076e+01 4.28899e-02
1.20045e+01 4.07113e-02
1.21014e+01 3.96065e-02
1.21984e+01 4.10815e-02
1.22953e+01 3.67641e-02
1.23923e+01 3.53223e-02
1.24892e+01 3.91881e-02
1.25861e+01 3.36689e-02
1.26831e+01 2.35930e-02
1.27800e+01 2.36239e-02
1.28769e+01 2.23865e-02
1.29739e+01 2.38486e-02
1.30708e+01 2.41827e-02
1.31677e+01 1.78007e-02
1.32647e+01 1.76708e-02
1.33616e+01 1.62621e-02
1.34585e+01 1.08588e-02
1.35555e+01 1.31355e-02
1.36524e+01 1.66042e-02
1.37494e+01 1.16768e-02
1.38463e+01 1.15902e-02
1.39432e+01 8.98816e-03
1.40402e+01 6.52873e-03
1.41371e+01 4.92785e-03
1.42340e+01 7.52976e-03
1.43310e+01 5.46562e-03
1.44279e+01 8.40264e-03
1.45248e+01 5.19322e-03
1.46218e+01 2.30508e-03
1.47187e+01 3.68679e-03
1.48157e+01 8.38254e-03
1.49126e+01 5.91505e-03
1.50095e+01 6.97483e-03
1.51065e+01 6.48787e-03
1.52034e+01 3.40389e-03
1.53003e+01 3.31665e-03
1.53973e+01 2.65779e-03
1.54942e+01 2.31592e-03
1.55911e+01 2.59060e-03
1.56881e+01 3.85743e-03
1.57850e+01 1.93041e-03
1.58820e+01 2.31883e-04
1.59789e+01 1.12482e-03
1.60758e+01 2.91119e-04
1.61728e+01 6.16292e-04
1.62697e+01 3.85453e-03
1.63666e+01 -5.53372e-05
1.64636e+01 2.41901e-03
1.65605e+01 2.57022e-03
1.66574e+01 2.67199e-03
1.67544e+01 1.96721e-03
1.68513e+01 2.17150e-03
1.69483e+01 1.95009e-03
1.70452e+01 2.25231e-03
1.71421e+01 1.11378e-03
1.72391e+01 -1.16581e-03
1.73360e+01 5.45694e-04
1.74329e+01 1.21673e-03
1.75299e+01 -7.89042e-04
1.76268e+01 -8.84194e-04
1.77237e+01 2.38113e-04
1.78207e+01 2.85889e-03
1.79176e+01 -7.52107e-04
1.80145e+01 -5.61157e-04
1.81115e+01 -1.20471e-03
1.82084e+01 -1.74295e-03
1.83054e+01 -2.90856e-03
1.84023e+01 -4.09796e-04
1.84992e+01 -5.74254e-04
1.85962e+01 -2.29093e-03
1.86931e+01 -2.18314e-04
1.87900e+01 5.49462e-04
1.88870e+01 5.37558e-06
1.89839e+01 1.35066e-03
1.90808e+01 -8.73396e-04
1.91778e+01 -2.29606e-03
1.92747e+01 -2.06569e-03
1.93717e+01 6.71783e-04
1.94686e+01 -1.13105e-03
1.95655e+01 -1.90494e-03
1.96625e+01 -6.34205e-04
1.97594e+01 1.93189e-03
1.98563e+01 4.03370e-04
1.99533e+01 1.30552e-03
2.00502e+01 -1.73272e-03
2.01471e+01 1.81411e-04
2.02441e+01 9.32823e-04
2.03410e+01 -6.62818e-04
2.04380e+01 -9.53111e-04
2.05349e+01 -2.21156e-03
2.06318e+01 -3.37938e-03
2.07288e+01 -6.63181e-04
2.08257e+01 -1.48070e-03
2.09226e+01 6.27232e-04
2.10196e+01 -4.32394e-04
2.11165e+01 1.13553e-04
2.12134e+01 -2.91981e-03
2.13104e+01 -1.19423e-03
2.14073e+01 -1.29889e-03
2.15042e+01 -7.33993e-04
2.16012e+01 7.90925e-05
2.16981e+01 -4.07343e-05
2.17951e+01 -2.18110e-03
2.18920e+01 1.46746e-03
2.19889e+01 1.05710e-03
2.20859e+01 1.61482e-04
2.21828e+01 1.51493e-03
2.22797e+01 1.43834e-03
2.23767e+01 8.39809e-04
2.24736e+01 1.25836e-03
2.25705e+01 2.70982e-03
2.26675e+01 3.60703e-03
2.27644e+01 2.75003e-03
2.28614e+01 5.20007e-03
2.29583e+01 4.45916e-03
2.30552e+01 6.77269e-03
2.31522e+01 4.16666e-03
2.32491e+01 6.17640e-03
2.33460e+01 5.77418e-03
2.34430e+01 8.54764e-03
2.35399e+01 9.98276e-03
2.36368e+01 5.04520e-03
2.37338e+01 1.10278e-02
2.38307e+01 6.69097e-03
2.39277e+01 1.02947e-02
2.40246e+01 6.00243e-03
2.41215e+01 1.41714e-02
2.42185e+01 1.13717e-02
2.43154e+01 1.45816e-02
2.44123e+01 1.18409e-02
2.45093e+01 1.59250e-02
2.46062e+01 2.08876e-02
2.47031e+01 1.72064e-02
2.48001e+01 1.52086e-02
2.48970e+01 1.74395e-02
2.49940e+01 1.55165e-02
2.50909e+01 1.03461e-02
2.51878e+01 1.42407e-02
2.52848e+01 1.16690e-02
2.53817e+01 9.08347e-03
2.54786e+01 1.04233e-02
2.55756e+01 6.02727e-03
2.56725e+01 1.10036e-02
2.57694e+01 9.42652e-03
2.58664e+01 7.82158e-03
2.59633e+01 6.12579e-03
2.60602e+01 8.19819e-03
2.61572e+01 7.28653e-03
2.62541e+01 3.82580e-03
2.63511e+01 5.04383e-03
2.64480e+01 3.41363e-03
2.65449e+01 3.11255e-03
2.66419e+01 2.82474e-03
2.67388e+01 3.13739e-03
2.68357e+01 2.34509e-03
2.69327e+01 2.82324e-03
2.70296e+01 4.25043e-03
2.71265e+01 6.14070e-03
2.72235e+01 6.81117e-03
2.73204e+01 6.21346e-03
2.74174e+01 5.83145e-03
2.75143e+01 8.27586e-03
2.76112e+01 7.95126e-03
2.77082e+01 1.68124e-03
2.78051e+01 5.19692e-03
2.79020e+01 6.65225e-03
2.79990e+01 7.73810e-03
2.80959e+01 3.75030e-03
2.81928e+01 5.76226e-03
2.82898e+01 2.78641e-03
2.83867e+01 6.07840e-03
2.84837e+01 3.69756e-03
2.85806e+01 3.37253e-03
2.86775e+01 5.30374e-03
2.87745e+01 5.55918e-03
2.88714e+01 2.11130e-03
2.89683e+01 -1.73605e-03
2.90653e+01 7.89811e-04
2.91622e+01 2.83614e-03
2.92591e+01 9.46069e-04
2.93561e+01 3.74570e-03
2.94530e+01 3.22418e-03
2.95499e+01 2.04875e-03
2.96469e+01 2.78746e-03
2.97438e+01 5.18513e-03
2.98408e+01 3.51707e-03
2.99377e+01 3.56147e-03
3.00346e+01 3.96923e-03
3.01316e+01 2.99401e-03
3.02285e+01 3.21451e-03
3.03254e+01 3.20490e-03
3.04224e+01 2.99409e-03
3.05193e+01 4.73352e-03
3.06162e+01 4.74461e-03
3.07132e+01 4.84829e-03
3.08101e+01 4.74536e-03
3.09071e+01 3.00443e-03
3.10040e+01 4.17421e-03
3.11009e+01 1.24665e-03
3.11979e+01 3.99835e-03
3.12948e+01 3.96208e-03
3.13917e+01 5.27806e-03
3.14887e+01 1.52580e-03
3.15856e+01 5.86981e-03
3.16825e+01 3.95476e-03
3.17795e+01 2.40204e-03
3.18764e+01 8.76796e-04
3.19734e+01 3.01625e-03
3.20703e+01 -2.08247e-03
3.21672e+01 4.65856e-03
3.22642e+01 1.20779e-03
3.23611e+01 -9.91834e-04
3.24580e+01 -4.29188e-04
3.25550e+01 2.17542e-03
3.26519e+01 -9.84515e-05
3.27488e+01 1.33579e-03
3.28458e+01 3.31863e-03
3.29427e+01 1.45202e-04
3.30397e+01 2.45497e-03
3.31366e+01 -1.21348e-03
3.32335e+01 1.67668e-03
3.33305e+01 1.51941e-03
3.34274e+01 4.96506e-03
3.35243e+01 2.83807e-03
3.36213e+01 5.43514e-04
3.37182e+01 7.45605e-04
3.38151e+01 1.73134e-03
3.39121e+01 2.48321e-03
3.40090e+01 2.71128e-03
3.41059e+01 1.64736e-03
3.42029e+01 -2.19965e-04
3.42998e+01 -1.82962e-03
3.43968e+01 3.14370e-03
3.44937e+01 3.86520e-04
3.45906e+01 3.01384e-03
3.46876e+01 5.25588e-04
3.47845e+01 2.10107e-03
3.48814e+01 3.45937e-03
3.49784e+01 2.49441e-03
3.50753e+01 2.22713e-03
3.51722e+01 -3.48688e-03
3.52692e+01 1.39441e-03
3.53661e+01 1.09011e-04
3.54631e+01 1.32829e-03
3.55600e+01 1.55897e-03
3.56569e+01 5.19131e-03
3.57539e+01 4.79638e-04
3.58508e+01 6.74424e-04
3.59477e+01 9.31102e-04
3.60447e+01 3.02409e-03
3.61416e+01 2.85872e-03
3.62385e+01 2.28123e-03
3.63355e+01 1.81565e-04
3.64324e+01 4.89726e-03
3.65294e+01 3.47486e-03
3.66263e+01 5.69704e-03
3.67232e+01 4.10912e-03
3.68202e+01 5.39576e-03
3.69171e+01 3.91150e-03
3.70140e+01 2.64181e-03
3.71110e+01 2.50284e-03
3.72079e+01 1.27792e-03
3.73048e+01 2.87378e-03
3.74018e+01 5.39926e-03
3.74987e+01 3.54954e-03
3.75957e+01 5.40542e-05
3.76926e+01 3.79315e-03
3.77895e+01 4.65560e-03
3.78865e+01 1.25470e-03
3.79834e+01 2.03507e-03
3.80803e+01 3.01599e-03
3.81773e+01 3.05343e-03
3.82742e+01 4.95593e-03
3.83711e+01 1.65275e-03
3.84681e+01 -1.87968e-04
3.85650e+01 -4.13527e-03
3.86619e+01 -1.73602e-03
3.87589e+01 1.15076e-03
3.88558e+01 -1.76032e-04
3.89528e+01 5.61850e-04
3.90497e+01 1.64390e-03
3.91466e+01 2.19732e-03
3.92436e+01 5.68926e-03
3.93405e+01 2.93222e-03
3.94374e+01 6.99818e-03
3.95344e+01 2.20972e-03
3.96313e+01 3.97428e-03
3.97282e+01 3.28662e-03
3.98252e+01 4.48745e-03
3.99221e+01 5.05420e-03
4.00191e+01 6.00431e-04
4.01160e+01 4.40198e-04
4.02129e+01 3.95044e-03
4.03099e+01 1.32957e-03
4.04068e+01 2.42225e-03
4.05037e+01 1.65845e-03
4.06007e+01 2.16218e-03
4.06976e+01 1.10785e-03
4.07945e+01 1.53634e-03
4.08915e+01 3.62981e-03
4.09884e+01 -1.07689e-03
4.10854e+01 3.72320e-03
4.11823e+01 1.36688e-03
4.12792e+01 5.90623e-03
4.13762e+01 2.53915e-03
4.14731e+01 2.48984e-03
4.15700e+01 2.22069e-03
4.16670e+01 -8.00778e-04
4.17639e+01 5.14935e-04
4.18608e+01 4.41496e-03
4.19578e+01 3.34857e-03
4.20547e+01 2.59632e-03
4.21516e+01 4.32436e-03
4.22486e+01 3.62891e-03
4.23455e+01 1.09241e-03
4.24425e+01 2.56052e-03
4.25394e+01 1.49956e-04
4.26363e+01 2.97600e-03
4.27333e+01 -9.58685e-04
4.28302e+01 5.42499e-03
4.29271e+01 8.23597e-03
4.30241e+01 5.39917e-03
4.31210e+01 4.15657e-03
4.32179e+01 5.09403e-03
4.33149e+01 6.11128e-03
4.34118e+01 1.23413e-02
4.35088e+01 9.67112e-03
4.36057e+01 1.20229e-02
4.37026e+01 9.21502e-03
4.37996e+01 1.06055e-02
4.38965e+01 9.71470e-03
4.39934e+01 1.18218e-02
4.40904e+01 1.01075e-02
4.41873e+01 9.80037e-03
4.42842e+01 1.44147e-02
4.43812e+01 1.07485e-02
4.44781e+01 8.14708e-03
4.45751e+01 2.30975e-03
4.46720e+01 4.11756e-03
4.47689e+01 3.96832e-03
4.48659e+01 6.38786e-03
4.49628e+01 3.46830e-03
4.50597e+01 4.65773e-03
4.51567e+01 4.34276e-03
4.52536e+01 1.48215e-03
4.53505e+01 3.94667e-03
4.54475e+01 5.10458e-03
4.55444e+01 3.38267e-03
4.56414e+01 2.71437e-03
4.57383e+01 4.18174e-03
4.58352e+01 4.16892e-03
4.59322e+01 2.70678e-03
4.60291e+01 5.51420e-03
4.61260e+01 3.03806e-03
4.62230e+01 2.21708e-03
4.63199e+01 2.81806e-03
4.64168e+01 1.36218e-03
4.65138e+01 -1.01105e-03
4.66107e+01 2.70130e-03
4.67076e+01 3.52513e-04
4.68046e+01 1.39959e-03
4.69015e+01 2.39621e-03
4.69985e+01 2.06691e-03
4.70954e+01 1.94077e-03
4.71923e+01 4.63236e-03
4.72893e+01 8.04442e-04
4.73862e+01 1.89527e-03
4.74831e+01 -1.35714e-03
4.75801e+01 2.54747e-03
4.76770e+01 2.16691e-03
4.77739e+01 -1.69021e-03
4.78709e+01 -1.90398e-03
4.79678e+01 -3.78202e-04
4.80648e+01 -4.23236e-04
4.81617e+01 -5.14138e-05
4.82586e+01 -2.89700e-03
4.83556e+01 -3.93378e-03
4.84525e+01 -7.32083e-04
4.85494e+01 -1.09056e-03
4.86464e+01 -2.37517e-03
4.87433e+01 5.11770e-04
4.88402e+01 -1.42711e-03
4.89372e+01 -1.61757e-03
4.90341e+01 2.23999e-04
4.91311e+01 -4.45821e-04
4.92280e+01 1.02191e-03
4.93249e+01 -1.25257e-03
4.94219e+01 -6.19412e-04
4.95188e+01 -2.58041e-03
4.96157e+01 1.56702e-03
4.97127e+01 -1.19658e-03
4.98096e+01 -2.74431e-03
4.99065e+01 -3.24171e-05
5.00035e+01 1.93212e-03
5.01004e+01 -2.04477e-03
5.01973e+01 -1.03945e-03
5.02943e+01 -1.77013e-03
5.03912e+01 -2.94956e-03
5.04882e+01 -2.87857e-03
5.05851e+01 -1.59036e-04
5.06820e+01 -1.55259e-03
5.07790e+01 4.63354e-04
5.08759e+01 -1.97147e-03
5.09728e+01 -4.47378e-03
5.10698e+01 -4.47710e-03
5.11667e+01 -3.82062e-03
5.12636e+01 1.13395e-03
5.13606e+01 -3.36964e-03
5.14575e+01 1.75770e-04
5.15545e+01 6.54862e-04
5.16514e+01 1.38020e-03
5.17483e+01 2.94425e-03
5.18453e+01 1.50451e-03
5.19422e+01 -1.39801e-03
5.20391e+01 -1.66296e-03
5.21361e+01 6.53767e-04
5.22330e+01 3.20785e-03
5.23299e+01 1.64006e-03
5.24269e+01 -2.48039e-03
5.25238e+01 6.70909e-04
5.26208e+01 -1.13799e-03
5.27177e+01 -1.03349e-03
5.28146e+01 -2.01792e-03
5.29116e+01 -1.63755e-04
5.30085e+01 8.66744e-04
5.31054e+01 -1.80027e-03
5.32024e+01 1.96927e-03
5.32993e+01 -5.66973e-04
5.33962e+01 3.04787e-03
5.34932e+01 2.13927e-03
5.35901e+01 -1.10886e-03
5.36871e+01 -1.10886e-03
5.37840e+01 -1.10886e-03
5.38809e+01 -1.10886e-03
5.39779e+01 -1.10886e-03
5.40748e+01 -1.10886e-03
5.41717e+01 -1.10886e-03
5.42687e+01 -1.10886e-03
5.43656e+01 -1.10886e-03
5.44625e+01 -1.10886e-03
5.45595e+01 -1.10886e-03
5.46564e+01 -1.10886e-03
5.47533e+01 -1.10886e-03
5.48503e+01 -1.10886e-03
5.49472e+01 -1.10886e-03
5.50442e+01 -1.10886e-03
5.51411e+01 -1.10886e-03
5.52380e+01 -1.10886e-03
5.53350e+01 -1.10886e-03
5.54319e+01 -1.10886e-03
5.55288e+01 -1.10886e-03
5.56258e+01 -1.10886e-03
5.57227e+01 -1.10886e-03
5.58196e+01 -1.10886e-03
5.59166e+01 -1.10886e-03
5.60135e+01 -1.10886e-03
5.61105e+01 -1.10886e-03
5.62074e+01 -1.10886e-03
5.63043e+01 -1.10886e-03
5.64013e+01 -1.10886e-03
5.64982e+01 -1.10886e-03
5.65951e+01 -1.10886e-03
5.66921e+01 -1.10886e-03
5.67890e+01 -1.10886e-03
5.68859e+01 -1.10886e-03
5.69829e+01 -1.10886e-03
5.70798e+01 -1.10886e-03
5.71768e+01 -1.10886e-03
5.72737e+01 -1.10886e-03
5.73706e+01 -1.10886e-03
5.74676e+01 -1.10886e-03
5.75645e+01 -1.10886e-03
5.76614e+01 -1.10886e-03
5.77584e+01 -1.10886e-03
5.78553e+01 -1.10886e-03
5.79522e+01 -1.10886e-03
5.80492e+01 -1.10886e-03
5.81461e+01 -1.10886e-03
5.82431e+01 -1.10886e-03
5.83400e+01 -1.10886e-03
5.84369e+01 -1.10886e-03
5.85339e+01 -1.10886e-03
5.86308e+01 -1.10886e-03
5.87277e+01 -1.10886e-03
5.88247e+01 -1.10886e-03
5.89216e+01 -1.10886e-03
5.90185e+01 -1.10886e-03
5.91155e+01 -1.10886e-03
5.92124e+01 -1.10886e-03
5.93093e+01 -1.10886e-03
5.94063e+01 -1.10886e-03
5.95032e+01 -1.10886e-03
5.96002e+01 -1.10886e-03
5.96971e+01 -1.10886e-03
5.97940e+01 -1.10886e-03
5.98910e+01 -1.10886e-03
5.99879e+01 -1.10886e-03
