# La4Ni3O8 Ni L2 edge RIXS
# T = 80 K
# RIXS resolution ~ 0.4 eV
# Horizontal scattering geometry, theta = 15 degrees, 2theta = 95 degrees
# SEXTANTS beamline, SOLEIL synchrotron
# Energy loss 	 Intensity
-4.82245e+01 1.26000e+01
-4.81450e+01 3.02700e+02
-4.80654e+01 8.73000e+01
-4.79859e+01 2.58300e+02
-4.79064e+01 3.49300e+02
-4.78270e+01 5.88800e+02
-4.77475e+01 1.05220e+03
-4.76681e+01 1.51980e+03
-4.75888e+01 1.29780e+03
-4.75094e+01 1.83700e+03
-4.74301e+01 9.88900e+02
-4.73507e+01 1.26380e+03
-4.72715e+01 1.12580e+03
-4.71922e+01 4.63800e+02
-4.71130e+01 2.78400e+02
-4.70338e+01 9.70200e+02
-4.69546e+01 6.43200e+02
-4.68754e+01 8.09100e+02
-4.67963e+01 2.90000e+02
-4.67172e+01 9.91800e+02
-4.66381e+01 9.80000e+00
-4.65590e+01 9.01500e+02
-4.64800e+01 4.31900e+02
-4.64009e+01 5.72600e+02
-4.63220e+01 1.01810e+03
-4.62430e+01 1.59370e+03
-4.61640e+01 7.00000e+01
-4.60851e+01 -4.61900e+02
-4.60062e+01 6.18000e+02
-4.59274e+01 1.52150e+03
-4.58485e+01 1.63400e+03
-4.57697e+01 1.62850e+03
-4.56909e+01 1.62960e+03
-4.56121e+01 3.69100e+02
-4.55334e+01 1.96600e+02
-4.54547e+01 3.87000e+01
-4.53760e+01 2.67400e+02
-4.52973e+01 3.00300e+02
-4.52187e+01 -7.00300e+02
-4.51400e+01 -5.51400e+02
-4.50614e+01 7.08700e+02
-4.49829e+01 -3.06000e+01
-4.49043e+01 -3.86000e+01
-4.48258e+01 1.40000e+02
-4.47473e+01 5.23300e+02
-4.46688e+01 7.73800e+02
-4.45904e+01 1.32300e+03
-4.45119e+01 8.72900e+02
-4.44335e+01 1.07530e+03
-4.43552e+01 1.02570e+03
-4.42768e+01 2.77000e+02
-4.41985e+01 5.06500e+02
-4.41202e+01 6.08800e+02
-4.40419e+01 -5.84900e+02
-4.39636e+01 -5.37300e+02
-4.38854e+01 -1.12850e+03
-4.38072e+01 -1.03160e+03
-4.37290e+01 -4.04800e+02
-4.36509e+01 1.44700e+02
-4.35727e+01 3.93000e+01
-4.34946e+01 7.43500e+02
-4.34165e+01 1.20660e+03
-4.33385e+01 1.04650e+03
-4.32604e+01 1.25090e+03
-4.31824e+01 1.35930e+03
-4.31044e+01 2.33100e+02
-4.30265e+01 1.66000e+01
-4.29486e+01 6.13100e+02
-4.28706e+01 8.33500e+02
-4.27928e+01 7.50500e+02
-4.27149e+01 3.84600e+02
-4.26371e+01 1.08120e+03
-4.25592e+01 9.42900e+02
-4.24815e+01 6.78000e+02
-4.24037e+01 9.94500e+02
-4.23260e+01 1.09880e+03
-4.22482e+01 1.00750e+03
-4.21705e+01 6.10600e+02
-4.20929e+01 -4.16800e+02
-4.20152e+01 -7.91300e+02
-4.19376e+01 -5.90000e+02
-4.18600e+01 7.76000e+01
-4.17825e+01 3.54700e+02
-4.17049e+01 9.71000e+01
-4.16274e+01 1.19690e+03
-4.15499e+01 9.76900e+02
-4.14724e+01 5.42600e+02
-4.13950e+01 8.66200e+02
-4.13176e+01 9.88500e+02
-4.12402e+01 3.55000e+02
-4.11628e+01 5.56000e+01
-4.10855e+01 4.10100e+02
-4.10081e+01 1.22590e+03
-4.09308e+01 9.65700e+02
-4.08536e+01 -5.85200e+02
-4.07763e+01 8.53600e+02
-4.06991e+01 -2.81800e+02
-4.06219e+01 -2.65900e+02
-4.05447e+01 -5.45000e+02
-4.04676e+01 4.18000e+02
-4.03904e+01 1.08170e+03
-4.03133e+01 1.39580e+03
-4.02363e+01 1.23580e+03
-4.01592e+01 1.52960e+03
-4.00822e+01 3.47000e+02
-4.00052e+01 1.12720e+03
-3.99282e+01 8.67100e+02
-3.98512e+01 5.45400e+02
-3.97743e+01 6.85200e+02
-3.96974e+01 3.72600e+02
-3.96205e+01 3.82200e+02
-3.95437e+01 4.05500e+02
-3.94668e+01 4.80500e+02
-3.93900e+01 1.64590e+03
-3.93133e+01 8.05000e+02
-3.92365e+01 8.82500e+02
-3.91598e+01 1.04080e+03
-3.90831e+01 1.95670e+03
-3.90064e+01 1.29640e+03
-3.89297e+01 1.91360e+03
-3.88531e+01 1.03640e+03
-3.87765e+01 1.42600e+03
-3.86999e+01 1.23970e+03
-3.86233e+01 1.28510e+03
-3.85468e+01 6.57800e+02
-3.84703e+01 5.78300e+02
-3.83938e+01 1.04800e+03
-3.83173e+01 2.37400e+02
-3.82409e+01 -6.57000e+01
-3.81645e+01 6.53300e+02
-3.80881e+01 9.51400e+02
-3.80117e+01 6.40000e+02
-3.79354e+01 7.59100e+02
-3.78591e+01 1.27050e+03
-3.77828e+01 7.43200e+02
-3.77065e+01 1.57390e+03
-3.76303e+01 7.69400e+02
-3.75540e+01 9.44000e+02
-3.74778e+01 1.45500e+03
-3.74017e+01 1.22870e+03
-3.73255e+01 6.32100e+02
-3.72494e+01 4.80200e+02
-3.71733e+01 1.29800e+02
-3.70972e+01 2.10000e+00
-3.70212e+01 5.20700e+02
-3.69452e+01 1.06070e+03
-3.68692e+01 5.65700e+02
-3.67932e+01 4.39900e+02
-3.67173e+01 4.73000e+02
-3.66413e+01 1.13100e+02
-3.65654e+01 8.81200e+02
-3.64896e+01 2.26600e+02
-3.64137e+01 3.87800e+02
-3.63379e+01 9.06900e+02
-3.62621e+01 8.66400e+02
-3.61863e+01 2.24100e+02
-3.61106e+01 5.75500e+02
-3.60348e+01 9.05300e+02
-3.59591e+01 3.87000e+02
-3.58835e+01 3.43400e+02
-3.58078e+01 8.84900e+02
-3.57322e+01 1.12800e+03
-3.56566e+01 1.42090e+03
-3.55810e+01 1.39430e+03
-3.55054e+01 1.84600e+03
-3.54299e+01 1.26430e+03
-3.53544e+01 7.70900e+02
-3.52789e+01 1.45930e+03
-3.52035e+01 8.26900e+02
-3.51280e+01 1.30510e+03
-3.50526e+01 8.15800e+02
-3.49772e+01 6.57600e+02
-3.49019e+01 3.73800e+02
-3.48265e+01 1.29900e+02
-3.47512e+01 1.60200e+02
-3.46759e+01 1.28500e+02
-3.46007e+01 6.63400e+02
-3.45254e+01 7.94300e+02
-3.44502e+01 1.33180e+03
-3.43750e+01 3.74000e+02
-3.42999e+01 -2.21600e+02
-3.42247e+01 3.78000e+02
-3.41496e+01 8.03000e+02
-3.40745e+01 3.90900e+02
-3.39995e+01 6.97000e+02
-3.39244e+01 9.19600e+02
-3.38494e+01 1.19080e+03
-3.37744e+01 9.93900e+02
-3.36995e+01 1.05300e+03
-3.36245e+01 1.24610e+03
-3.35496e+01 -1.00000e+02
-3.34747e+01 8.30200e+02
-3.33998e+01 1.33470e+03
-3.33250e+01 1.39240e+03
-3.32502e+01 5.59200e+02
-3.31754e+01 1.31600e+02
-3.31006e+01 7.28600e+02
-3.30259e+01 1.11230e+03
-3.29512e+01 1.92600e+03
-3.28765e+01 1.85620e+03
-3.28018e+01 1.18110e+03
-3.27271e+01 8.21700e+02
-3.26525e+01 2.62100e+02
-3.25779e+01 1.08040e+03
-3.25033e+01 1.58290e+03
-3.24288e+01 1.68500e+02
-3.23543e+01 6.70200e+02
-3.22798e+01 1.57350e+03
-3.22053e+01 1.40060e+03
-3.21308e+01 1.16640e+03
-3.20564e+01 5.51200e+02
-3.19820e+01 1.07240e+03
-3.19076e+01 1.18540e+03
-3.18333e+01 1.25860e+03
-3.17590e+01 5.53100e+02
-3.16847e+01 5.42300e+02
-3.16104e+01 1.12800e+03
-3.15361e+01 1.00540e+03
-3.14619e+01 -3.70000e+02
-3.13877e+01 4.93700e+02
-3.13135e+01 1.26300e+03
-3.12394e+01 8.73800e+02
-3.11652e+01 1.06130e+03
-3.10911e+01 9.61200e+02
-3.10170e+01 2.94300e+02
-3.09430e+01 8.54900e+02
-3.08689e+01 1.23900e+02
-3.07949e+01 -5.83700e+02
-3.07209e+01 3.17000e+01
-3.06470e+01 -1.91300e+02
-3.05730e+01 8.75000e+01
-3.04991e+01 -2.17600e+02
-3.04252e+01 7.27300e+02
-3.03514e+01 4.97800e+02
-3.02776e+01 7.21500e+02
-3.02037e+01 8.56000e+01
-3.01300e+01 3.61600e+02
-3.00562e+01 8.08200e+02
-2.99824e+01 1.76370e+03
-2.99087e+01 1.08870e+03
-2.98350e+01 7.92900e+02
-2.97614e+01 5.43500e+02
-2.96877e+01 6.10200e+02
-2.96141e+01 8.39000e+01
-2.95405e+01 1.12400e+03
-2.94670e+01 5.17900e+02
-2.93934e+01 -1.53800e+02
-2.93199e+01 1.27490e+03
-2.92464e+01 1.46260e+03
-2.91729e+01 1.37910e+03
-2.90995e+01 -1.29000e+02
-2.90261e+01 3.41700e+02
-2.89527e+01 9.69200e+02
-2.88793e+01 -1.80000e+00
-2.88060e+01 5.30000e+01
-2.87326e+01 -3.30000e+00
-2.86593e+01 -2.80000e+00
-2.85861e+01 -4.58000e+01
-2.85128e+01 4.83300e+02
-2.84396e+01 2.66300e+02
-2.83664e+01 9.90800e+02
-2.82932e+01 4.32400e+02
-2.82201e+01 -1.28900e+02
-2.81469e+01 3.19000e+02
-2.80738e+01 3.37000e+01
-2.80008e+01 -1.26400e+02
-2.79277e+01 9.43000e+02
-2.78547e+01 5.13900e+02
-2.77817e+01 5.25400e+02
-2.77087e+01 1.48420e+03
-2.76358e+01 7.05200e+02
-2.75628e+01 4.58200e+02
-2.74899e+01 -1.51000e+02
-2.74170e+01 4.73000e+02
-2.73442e+01 -4.67000e+01
-2.72714e+01 9.11000e+01
-2.71985e+01 -4.88500e+02
-2.71258e+01 -3.34000e+02
-2.70530e+01 3.80300e+02
-2.69803e+01 1.55440e+03
-2.69076e+01 9.26600e+02
-2.68349e+01 8.57200e+02
-2.67622e+01 1.47000e+02
-2.66896e+01 -2.00000e+00
-2.66170e+01 -4.65700e+02
-2.65444e+01 -2.43100e+02
-2.64718e+01 1.69000e+01
-2.63993e+01 4.96800e+02
-2.63268e+01 7.93600e+02
-2.62543e+01 9.05600e+02
-2.61818e+01 -2.08000e+02
-2.61094e+01 -2.38900e+02
-2.60370e+01 4.55100e+02
-2.59646e+01 3.04300e+02
-2.58922e+01 2.13700e+02
-2.58199e+01 1.29200e+02
-2.57476e+01 1.62400e+02
-2.56753e+01 2.08800e+02
-2.56030e+01 5.21500e+02
-2.55308e+01 4.42000e+02
-2.54585e+01 -1.68000e+02
-2.53864e+01 1.46300e+02
-2.53142e+01 9.41300e+02
-2.52420e+01 1.00600e+02
-2.51699e+01 1.06400e+02
-2.50978e+01 3.04300e+02
-2.50258e+01 7.10000e+01
-2.49537e+01 -4.46100e+02
-2.48817e+01 1.45400e+02
-2.48097e+01 -3.74900e+02
-2.47377e+01 3.37300e+02
-2.46658e+01 7.05000e+01
-2.45938e+01 6.28600e+02
-2.45220e+01 -1.93500e+02
-2.44501e+01 7.23000e+01
-2.43782e+01 -2.69000e+01
-2.43064e+01 9.24800e+02
-2.42346e+01 5.20000e+02
-2.41628e+01 7.07900e+02
-2.40911e+01 6.74100e+02
-2.40193e+01 9.60600e+02
-2.39476e+01 6.17800e+02
-2.38760e+01 7.31500e+02
-2.38043e+01 3.01500e+02
-2.37327e+01 -6.63700e+02
-2.36611e+01 -3.62900e+02
-2.35895e+01 -2.83900e+02
-2.35179e+01 -1.56900e+02
-2.34464e+01 7.27600e+02
-2.33749e+01 -2.21200e+02
-2.33034e+01 -4.76200e+02
-2.32320e+01 -2.49700e+02
-2.31605e+01 -7.89000e+01
-2.30891e+01 -1.55500e+02
-2.30177e+01 -3.10600e+02
-2.29464e+01 3.00200e+02
-2.28751e+01 9.26300e+02
-2.28037e+01 5.84300e+02
-2.27325e+01 -2.29700e+02
-2.26612e+01 1.05430e+03
-2.25900e+01 5.37300e+02
-2.25188e+01 4.80600e+02
-2.24476e+01 -3.01600e+02
-2.23764e+01 5.35000e+01
-2.23053e+01 -1.53100e+02
-2.22342e+01 5.06000e+01
-2.21631e+01 6.20000e+00
-2.20920e+01 -2.74000e+01
-2.20210e+01 -1.29750e+03
-2.19499e+01 -3.60100e+02
-2.18790e+01 -8.13900e+02
-2.18080e+01 -5.50800e+02
-2.17370e+01 -4.73900e+02
-2.16661e+01 1.48200e+02
-2.15952e+01 -9.35200e+02
-2.15244e+01 -5.94500e+02
-2.14535e+01 -1.92700e+02
-2.13827e+01 -3.16000e+02
-2.13119e+01 -4.75400e+02
-2.12411e+01 -3.19300e+02
-2.11704e+01 -1.00400e+02
-2.10997e+01 2.93000e+01
-2.10290e+01 -1.60800e+02
-2.09583e+01 -2.50000e+02
-2.08877e+01 -3.48600e+02
-2.08170e+01 5.60100e+02
-2.07464e+01 3.48300e+02
-2.06759e+01 4.09400e+02
-2.06053e+01 6.10000e+00
-2.05348e+01 1.01630e+03
-2.04643e+01 3.67800e+02
-2.03938e+01 1.72600e+02
-2.03234e+01 3.74000e+01
-2.02529e+01 -7.10600e+02
-2.01825e+01 -1.27010e+03
-2.01122e+01 5.91000e+01
-2.00418e+01 -3.99400e+02
-1.99715e+01 -5.83200e+02
-1.99012e+01 -1.13970e+03
-1.98309e+01 -4.78500e+02
-1.97607e+01 -7.37200e+02
-1.96904e+01 6.96100e+02
-1.96202e+01 3.78800e+02
-1.95500e+01 -7.13500e+02
-1.94799e+01 -5.23200e+02
-1.94097e+01 1.85200e+02
-1.93396e+01 -4.50100e+02
-1.92696e+01 3.49800e+02
-1.91995e+01 1.88500e+02
-1.91295e+01 3.05200e+02
-1.90595e+01 -5.46000e+01
-1.89895e+01 4.14000e+01
-1.89195e+01 8.83000e+02
-1.88496e+01 -3.10000e+01
-1.87797e+01 -1.16430e+03
-1.87098e+01 1.60900e+02
-1.86399e+01 3.63200e+02
-1.85701e+01 -5.20600e+02
-1.85003e+01 4.21000e+02
-1.84305e+01 1.08110e+03
-1.83607e+01 -3.96100e+02
-1.82910e+01 5.39500e+02
-1.82213e+01 6.21000e+01
-1.81516e+01 2.14000e+02
-1.80819e+01 4.71900e+02
-1.80123e+01 6.59000e+01
-1.79427e+01 -5.29000e+01
-1.78731e+01 3.04500e+02
-1.78035e+01 -2.30000e+01
-1.77340e+01 -7.27000e+01
-1.76644e+01 -8.26000e+01
-1.75949e+01 -1.75000e+01
-1.75255e+01 3.23200e+02
-1.74560e+01 -8.85700e+02
-1.73866e+01 -6.96900e+02
-1.73172e+01 1.34100e+02
-1.72478e+01 -6.26000e+01
-1.71785e+01 1.00900e+02
-1.71092e+01 1.91200e+02
-1.70399e+01 1.02500e+02
-1.69706e+01 -5.01300e+02
-1.69014e+01 -3.58400e+02
-1.68321e+01 9.04000e+02
-1.67629e+01 8.23900e+02
-1.66938e+01 -2.22900e+02
-1.66246e+01 -9.97300e+02
-1.65555e+01 6.14000e+02
-1.64864e+01 4.06000e+02
-1.64173e+01 1.49180e+03
-1.63483e+01 1.15240e+03
-1.62792e+01 6.44300e+02
-1.62102e+01 -3.16500e+02
-1.61412e+01 -1.44900e+02
-1.60723e+01 -6.22500e+02
-1.60034e+01 2.37000e+01
-1.59345e+01 3.88200e+02
-1.58656e+01 4.22000e+02
-1.57967e+01 -2.75000e+01
-1.57279e+01 -5.03300e+02
-1.56591e+01 -2.60300e+02
-1.55903e+01 -2.61700e+02
-1.55215e+01 -8.98200e+02
-1.54528e+01 -3.30200e+02
-1.53841e+01 1.04980e+03
-1.53154e+01 7.93600e+02
-1.52468e+01 -2.65600e+02
-1.51781e+01 -9.58200e+02
-1.51095e+01 -4.10500e+02
-1.50409e+01 -1.30000e+01
-1.49724e+01 7.21500e+02
-1.49038e+01 3.71000e+02
-1.48353e+01 3.06300e+02
-1.47668e+01 3.39100e+02
-1.46984e+01 7.02800e+02
-1.46299e+01 1.42000e+02
-1.45615e+01 -2.39200e+02
-1.44931e+01 -8.33000e+01
-1.44248e+01 4.68400e+02
-1.43564e+01 -1.51100e+02
-1.42881e+01 1.80300e+02
-1.42198e+01 5.98100e+02
-1.41516e+01 -3.53300e+02
-1.40833e+01 -6.27000e+02
-1.40151e+01 2.95300e+02
-1.39469e+01 1.91600e+02
-1.38787e+01 6.83600e+02
-1.38106e+01 5.39400e+02
-1.37425e+01 5.51000e+02
-1.36744e+01 -2.94200e+02
-1.36063e+01 6.20800e+02
-1.35383e+01 7.60900e+02
-1.34702e+01 -4.87000e+01
-1.34022e+01 1.24400e+02
-1.33343e+01 2.25700e+02
-1.32663e+01 4.06600e+02
-1.31984e+01 2.69800e+02
-1.31305e+01 4.60700e+02
-1.30626e+01 5.93500e+02
-1.29948e+01 -2.53800e+02
-1.29270e+01 -1.04000e+01
-1.28592e+01 -5.58700e+02
-1.27914e+01 2.22800e+02
-1.27236e+01 5.95800e+02
-1.26559e+01 6.91100e+02
-1.25882e+01 8.37800e+02
-1.25205e+01 5.78600e+02
-1.24529e+01 5.65900e+02
-1.23852e+01 2.45000e+01
-1.23176e+01 8.66300e+02
-1.22501e+01 9.73400e+02
-1.21825e+01 8.41000e+01
-1.21150e+01 -1.43300e+02
-1.20475e+01 1.42700e+02
-1.19800e+01 8.46700e+02
-1.19125e+01 1.13800e+03
-1.18451e+01 5.61200e+02
-1.17777e+01 2.86900e+02
-1.17103e+01 1.21950e+03
-1.16429e+01 7.73000e+02
-1.15756e+01 8.94200e+02
-1.15083e+01 6.43900e+02
-1.14410e+01 -2.33000e+01
-1.13738e+01 1.90300e+02
-1.13065e+01 1.25310e+03
-1.12393e+01 8.59300e+02
-1.11721e+01 1.92500e+02
-1.11050e+01 7.48600e+02
-1.10378e+01 1.51800e+02
-1.09707e+01 6.03500e+02
-1.09036e+01 5.71800e+02
-1.08366e+01 5.44400e+02
-1.07695e+01 9.71600e+02
-1.07025e+01 1.72860e+03
-1.06355e+01 1.59460e+03
-1.05686e+01 6.51900e+02
-1.05016e+01 2.91100e+02
-1.04347e+01 -4.00000e+01
-1.03678e+01 8.86700e+02
-1.03009e+01 9.34400e+02
-1.02341e+01 7.21000e+01
-1.01673e+01 -2.23600e+02
-1.01005e+01 -9.04400e+02
-1.00337e+01 1.46000e+01
-9.96696e+00 1.29780e+03
-9.90024e+00 7.49000e+02
-9.83355e+00 -1.59900e+02
-9.76688e+00 -1.11400e+02
-9.70023e+00 9.93100e+02
-9.63361e+00 1.31770e+03
-9.56701e+00 1.33440e+03
-9.50044e+00 7.33000e+02
-9.43389e+00 7.93400e+02
-9.36736e+00 1.29830e+03
-9.30086e+00 1.65780e+03
-9.23439e+00 1.71680e+03
-9.16794e+00 3.52500e+02
-9.10151e+00 8.25300e+02
-9.03511e+00 4.86600e+02
-8.96873e+00 1.31870e+03
-8.90238e+00 9.08200e+02
-8.83605e+00 8.26900e+02
-8.76975e+00 1.12710e+03
-8.70347e+00 7.68200e+02
-8.63722e+00 3.92000e+02
-8.57099e+00 6.08000e+02
-8.50478e+00 -3.33600e+02
-8.43860e+00 6.17500e+02
-8.37245e+00 7.38400e+02
-8.30632e+00 1.48400e+03
-8.24021e+00 9.05800e+02
-8.17413e+00 7.84900e+02
-8.10807e+00 1.10220e+03
-8.04204e+00 7.62000e+02
-7.97603e+00 1.06400e+02
-7.91004e+00 1.78000e+01
-7.84408e+00 1.20160e+03
-7.77815e+00 1.27890e+03
-7.71224e+00 1.01930e+03
-7.64635e+00 7.00100e+02
-7.58049e+00 5.01900e+02
-7.51465e+00 5.44000e+01
-7.44884e+00 2.51700e+02
-7.38305e+00 -1.49200e+02
-7.31729e+00 1.37130e+03
-7.25155e+00 9.50500e+02
-7.18584e+00 -2.07000e+01
-7.12015e+00 -7.55400e+02
-7.05448e+00 1.26060e+03
-6.98884e+00 1.33440e+03
-6.92323e+00 1.29810e+03
-6.85764e+00 4.86200e+02
-6.79207e+00 6.39700e+02
-6.72652e+00 3.26100e+02
-6.66101e+00 6.93600e+02
-6.59551e+00 8.60000e+01
-6.53005e+00 3.03200e+02
-6.46460e+00 -5.07000e+02
-6.39918e+00 -4.90000e+01
-6.33379e+00 4.98000e+01
-6.26842e+00 4.39700e+02
-6.20307e+00 -5.96600e+02
-6.13775e+00 -2.11500e+02
-6.07245e+00 2.88200e+02
-6.00718e+00 5.56600e+02
-5.94193e+00 2.27900e+02
-5.87671e+00 4.96000e+02
-5.81151e+00 3.31400e+02
-5.74634e+00 1.47700e+02
-5.68119e+00 -1.00440e+03
-5.61606e+00 -4.45000e+01
-5.55096e+00 -3.38200e+02
-5.48588e+00 4.17800e+02
-5.42083e+00 -2.75000e+02
-5.35581e+00 5.38900e+02
-5.29080e+00 6.42900e+02
-5.22582e+00 6.12800e+02
-5.16087e+00 5.29800e+02
-5.09594e+00 1.01270e+03
-5.03104e+00 5.56300e+02
-4.96616e+00 4.77000e+02
-4.90130e+00 1.01950e+03
-4.83647e+00 1.16730e+03
-4.77167e+00 3.99900e+02
-4.70688e+00 6.83700e+02
-4.64213e+00 5.76300e+02
-4.57740e+00 1.60000e+01
-4.51269e+00 -8.24700e+02
-4.44800e+00 -1.43100e+02
-4.38334e+00 1.01300e+02
-4.31871e+00 2.90500e+02
-4.25410e+00 -1.20400e+02
-4.18952e+00 -1.00000e-01
-4.12495e+00 7.94600e+02
-4.06042e+00 5.45000e+02
-3.99591e+00 -1.29100e+02
-3.93142e+00 3.17500e+02
-3.86696e+00 5.48800e+02
-3.80252e+00 4.83000e+01
-3.73811e+00 -7.42100e+02
-3.67372e+00 4.52500e+02
-3.60935e+00 7.01000e+01
-3.54501e+00 1.24000e+03
-3.48070e+00 9.78600e+02
-3.41641e+00 1.54490e+03
-3.35214e+00 2.19000e+03
-3.28790e+00 1.18270e+03
-3.22368e+00 1.06660e+03
-3.15949e+00 2.64990e+03
-3.09532e+00 2.48310e+03
-3.03118e+00 6.39000e+02
-2.96706e+00 4.52500e+02
-2.90296e+00 1.08590e+03
-2.83889e+00 8.12500e+02
-2.77485e+00 3.76400e+02
-2.71083e+00 3.66100e+02
-2.64683e+00 4.92600e+02
-2.58286e+00 1.49280e+03
-2.51891e+00 1.27300e+03
-2.45499e+00 1.81770e+03
-2.39109e+00 1.75400e+03
-2.32722e+00 1.64900e+03
-2.26337e+00 1.27990e+03
-2.19954e+00 1.94310e+03
-2.13574e+00 2.12510e+03
-2.07197e+00 2.61370e+03
-2.00822e+00 1.81740e+03
-1.94449e+00 2.67610e+03
-1.88079e+00 2.19710e+03
-1.81711e+00 1.94570e+03
-1.75346e+00 1.59490e+03
-1.68983e+00 2.34570e+03
-1.62623e+00 2.42580e+03
-1.56265e+00 3.54490e+03
-1.49909e+00 2.72500e+03
-1.43556e+00 3.09610e+03
-1.37206e+00 2.91630e+03
-1.30858e+00 2.16100e+03
-1.24512e+00 1.42210e+03
-1.18169e+00 2.26680e+03
-1.11828e+00 3.45900e+03
-1.05490e+00 3.03950e+03
-9.91542e-01 2.96770e+03
-9.28208e-01 2.98470e+03
-8.64899e-01 3.51520e+03
-8.01614e-01 5.08030e+03
-7.38354e-01 4.79520e+03
-6.75119e-01 5.56210e+03
-6.11908e-01 6.75910e+03
-5.48721e-01 8.44510e+03
-4.85559e-01 1.00085e+04
-4.22422e-01 1.03467e+04
-3.59309e-01 1.40754e+04
-2.96221e-01 2.10620e+04
-2.33157e-01 3.43237e+04
-1.70118e-01 4.93172e+04
-1.07104e-01 6.24450e+04
-4.41130e-02 6.79892e+04
1.88520e-02 6.52500e+04
8.17930e-02 6.03372e+04
1.44710e-01 5.65545e+04
2.07601e-01 5.15655e+04
2.70469e-01 5.24896e+04
3.33312e-01 5.70695e+04
3.96130e-01 7.61133e+04
4.58924e-01 9.51817e+04
5.21693e-01 1.21147e+05
5.84438e-01 1.51542e+05
6.47158e-01 1.81035e+05
7.09853e-01 2.04448e+05
7.72524e-01 2.31937e+05
8.35171e-01 2.55587e+05
8.97793e-01 2.67009e+05
9.60390e-01 2.72703e+05
1.02296e+00 2.69512e+05
1.08551e+00 2.60388e+05
1.14803e+00 2.46626e+05
1.21053e+00 2.38832e+05
1.27301e+00 2.38839e+05
1.33546e+00 2.43583e+05
1.39789e+00 2.54400e+05
1.46029e+00 2.64423e+05
1.52266e+00 2.74138e+05
1.58502e+00 2.95197e+05
1.64734e+00 2.95894e+05
1.70965e+00 2.89081e+05
1.77192e+00 2.89479e+05
1.83418e+00 2.82223e+05
1.89641e+00 2.69327e+05
1.95861e+00 2.58645e+05
2.02079e+00 2.38390e+05
2.08295e+00 2.28579e+05
2.14508e+00 2.17891e+05
2.20718e+00 2.10805e+05
2.26927e+00 2.02365e+05
2.33133e+00 1.97628e+05
2.39336e+00 1.91046e+05
2.45537e+00 1.86619e+05
2.51735e+00 1.88220e+05
2.57931e+00 1.81874e+05
2.64124e+00 1.77871e+05
2.70315e+00 1.72027e+05
2.76504e+00 1.67841e+05
2.82690e+00 1.56260e+05
2.88874e+00 1.44806e+05
2.95055e+00 1.39155e+05
3.01234e+00 1.35623e+05
3.07410e+00 1.37223e+05
3.13584e+00 1.35535e+05
3.19755e+00 1.25802e+05
3.25924e+00 1.18970e+05
3.32091e+00 1.16010e+05
3.38255e+00 1.04099e+05
3.44416e+00 9.77193e+04
3.50576e+00 9.24716e+04
3.56732e+00 9.26365e+04
3.62886e+00 8.91637e+04
3.69038e+00 8.56548e+04
3.75187e+00 8.37212e+04
3.81334e+00 8.40009e+04
3.87479e+00 8.23368e+04
3.93621e+00 7.92957e+04
3.99760e+00 7.60750e+04
4.05897e+00 6.99294e+04
4.12032e+00 7.10524e+04
4.18164e+00 7.14920e+04
4.24294e+00 6.86637e+04
4.30421e+00 6.55116e+04
4.36545e+00 6.36435e+04
4.42668e+00 6.51909e+04
4.48788e+00 6.55941e+04
4.54905e+00 6.15675e+04
4.61020e+00 6.24849e+04
4.67133e+00 6.55001e+04
4.73243e+00 6.61632e+04
4.79350e+00 6.51991e+04
4.85455e+00 6.11277e+04
4.91558e+00 6.21240e+04
4.97658e+00 6.23113e+04
5.03756e+00 6.19186e+04
5.09851e+00 6.03450e+04
5.15944e+00 5.68396e+04
5.22035e+00 5.86304e+04
5.28123e+00 6.09441e+04
5.34208e+00 5.99600e+04
5.40291e+00 5.59963e+04
5.46372e+00 5.60226e+04
5.52450e+00 5.49452e+04
5.58525e+00 5.29366e+04
5.64599e+00 5.13079e+04
5.70669e+00 4.67431e+04
5.76738e+00 4.88801e+04
5.82804e+00 4.90101e+04
5.88867e+00 4.64933e+04
5.94928e+00 5.25261e+04
6.00986e+00 5.17391e+04
6.07043e+00 4.47307e+04
6.13096e+00 4.75091e+04
6.19147e+00 4.64882e+04
6.25196e+00 4.50970e+04
6.31242e+00 4.13227e+04
6.37286e+00 3.82243e+04
6.43327e+00 3.85407e+04
6.49366e+00 3.98223e+04
6.55403e+00 3.91511e+04
6.61437e+00 3.52323e+04
6.67468e+00 3.45227e+04
6.73497e+00 3.41621e+04
6.79524e+00 3.87713e+04
6.85548e+00 3.75247e+04
6.91570e+00 3.34961e+04
6.97589e+00 3.36928e+04
7.03606e+00 3.18862e+04
7.09620e+00 3.40815e+04
7.15632e+00 3.63648e+04
7.21641e+00 3.46385e+04
7.27648e+00 2.91504e+04
7.33653e+00 2.82749e+04
7.39655e+00 2.85416e+04
7.45654e+00 2.82415e+04
7.51652e+00 2.75619e+04
7.57646e+00 2.56998e+04
7.63638e+00 2.65852e+04
7.69628e+00 2.93119e+04
7.75616e+00 2.69197e+04
7.81600e+00 2.39987e+04
7.87583e+00 2.46874e+04
7.93563e+00 2.58559e+04
7.99540e+00 2.25019e+04
8.05515e+00 2.19579e+04
8.11488e+00 2.36479e+04
8.17458e+00 2.30151e+04
8.23426e+00 2.22496e+04
8.29391e+00 2.26012e+04
8.35354e+00 1.95517e+04
8.41314e+00 2.07313e+04
8.47272e+00 2.03760e+04
8.53228e+00 2.01605e+04
8.59181e+00 2.04581e+04
8.65131e+00 1.65632e+04
8.71079e+00 1.72348e+04
8.77025e+00 1.93016e+04
8.82968e+00 2.04471e+04
8.88909e+00 2.02305e+04
8.94847e+00 2.00864e+04
9.00783e+00 1.95203e+04
9.06716e+00 1.57764e+04
9.12647e+00 1.62471e+04
9.18575e+00 1.84256e+04
9.24501e+00 1.78407e+04
9.30425e+00 1.68176e+04
9.36346e+00 1.64630e+04
9.42264e+00 1.59547e+04
9.48181e+00 1.72454e+04
9.54094e+00 1.77651e+04
9.60006e+00 1.77809e+04
9.65915e+00 1.79064e+04
9.71821e+00 1.65535e+04
9.77725e+00 1.68879e+04
9.83626e+00 1.63467e+04
9.89525e+00 1.63139e+04
9.95422e+00 1.69831e+04
1.00132e+01 1.66851e+04
1.00721e+01 1.71385e+04
1.01310e+01 1.80447e+04
1.01898e+01 1.80832e+04
1.02487e+01 1.79184e+04
1.03075e+01 1.65994e+04
1.03663e+01 1.44120e+04
1.04251e+01 1.44316e+04
1.04838e+01 1.68446e+04
1.05425e+01 1.74626e+04
1.06012e+01 1.68000e+04
1.06599e+01 1.69725e+04
1.07185e+01 1.53416e+04
1.07772e+01 1.50423e+04
1.08358e+01 1.51091e+04
1.08943e+01 1.48714e+04
1.09529e+01 1.62504e+04
1.10114e+01 1.69528e+04
1.10699e+01 1.58952e+04
1.11284e+01 1.56797e+04
1.11868e+01 1.39736e+04
1.12452e+01 1.36427e+04
1.13036e+01 1.43046e+04
1.13620e+01 1.55070e+04
1.14204e+01 1.52875e+04
1.14787e+01 1.53206e+04
1.15370e+01 1.67370e+04
1.15953e+01 1.58161e+04
1.16535e+01 1.61405e+04
1.17118e+01 1.57622e+04
1.17700e+01 1.81386e+04
1.18281e+01 1.85872e+04
1.18863e+01 1.79618e+04
1.19444e+01 1.90390e+04
1.20025e+01 1.76061e+04
1.20606e+01 1.74897e+04
1.21187e+01 1.86775e+04
1.21767e+01 1.85293e+04
1.22347e+01 2.03928e+04
1.22927e+01 2.06887e+04
1.23507e+01 1.93476e+04
1.24086e+01 1.98359e+04
1.24665e+01 2.04444e+04
1.25244e+01 2.05352e+04
1.25823e+01 2.05410e+04
1.26401e+01 2.22569e+04
1.26979e+01 2.00657e+04
1.27557e+01 1.85296e+04
1.28135e+01 1.88870e+04
1.28712e+01 2.15616e+04
1.29289e+01 2.18216e+04
1.29866e+01 2.04408e+04
1.30443e+01 2.03829e+04
1.31019e+01 2.22955e+04
1.31595e+01 2.27626e+04
1.32171e+01 2.40685e+04
1.32747e+01 2.51029e+04
1.33322e+01 2.80863e+04
1.33897e+01 2.50360e+04
1.34472e+01 2.76290e+04
1.35047e+01 2.59386e+04
1.35621e+01 2.43859e+04
1.36196e+01 2.53198e+04
1.36769e+01 2.63783e+04
1.37343e+01 2.84644e+04
1.37917e+01 3.11813e+04
1.38490e+01 2.98816e+04
1.39063e+01 2.84312e+04
1.39636e+01 3.10875e+04
1.40208e+01 3.17423e+04
1.40780e+01 3.04139e+04
1.41352e+01 3.02126e+04
1.41924e+01 3.21094e+04
1.42495e+01 3.21856e+04
1.43067e+01 3.29664e+04
1.43638e+01 3.41020e+04
1.44208e+01 3.46438e+04
1.44779e+01 3.76133e+04
1.45349e+01 3.88139e+04
1.45919e+01 3.95755e+04
1.46489e+01 3.77443e+04
1.47059e+01 3.66499e+04
1.47628e+01 3.68197e+04
1.48197e+01 3.89122e+04
1.48766e+01 4.35842e+04
1.49334e+01 4.36029e+04
1.49903e+01 4.38195e+04
1.50471e+01 4.35434e+04
1.51038e+01 4.50511e+04
1.51606e+01 4.65544e+04
1.52173e+01 4.80984e+04
1.52740e+01 5.02555e+04
1.53307e+01 5.09566e+04
1.53874e+01 5.21581e+04
1.54440e+01 5.21192e+04
1.55006e+01 5.70747e+04
1.55572e+01 6.04140e+04
1.56138e+01 5.87077e+04
1.56703e+01 5.82773e+04
1.57268e+01 5.96718e+04
1.57833e+01 6.46105e+04
1.58398e+01 6.32662e+04
1.58962e+01 6.82409e+04
1.59526e+01 6.92626e+04
1.60090e+01 7.12226e+04
1.60654e+01 7.00192e+04
1.61217e+01 7.42539e+04
1.61780e+01 6.96491e+04
1.62343e+01 7.02404e+04
1.62906e+01 7.59047e+04
1.63468e+01 8.07559e+04
1.64030e+01 8.08191e+04
1.64592e+01 8.02190e+04
1.65154e+01 8.10610e+04
1.65715e+01 8.65908e+04
1.66277e+01 8.61709e+04
1.66837e+01 8.86549e+04
1.67398e+01 9.09561e+04
1.67959e+01 9.59927e+04
1.68519e+01 9.73302e+04
1.69079e+01 1.02231e+05
1.69639e+01 1.07172e+05
1.70198e+01 1.10612e+05
1.70757e+01 1.13092e+05
1.71316e+01 1.12120e+05
1.71875e+01 1.20027e+05
1.72433e+01 1.27331e+05
1.72992e+01 1.28780e+05
1.73550e+01 1.28751e+05
1.74107e+01 1.34366e+05
1.74665e+01 1.46026e+05
1.75222e+01 1.53730e+05
1.75779e+01 1.53754e+05
1.76336e+01 1.55485e+05
1.76892e+01 1.62334e+05
1.77449e+01 1.71197e+05
1.78005e+01 1.76436e+05
1.78561e+01 1.79861e+05
1.79116e+01 1.85931e+05
1.79671e+01 1.92629e+05
1.80226e+01 2.07522e+05
1.80781e+01 2.21701e+05
1.81336e+01 2.32488e+05
1.81890e+01 2.41664e+05
1.82444e+01 2.43626e+05
1.82998e+01 2.47850e+05
1.83552e+01 2.59214e+05
1.84105e+01 2.64895e+05
1.84658e+01 2.53264e+05
1.85211e+01 2.49279e+05
1.85763e+01 2.42216e+05
1.86316e+01 2.37044e+05
1.86868e+01 2.30219e+05
1.87420e+01 2.19875e+05
1.87971e+01 1.99682e+05
1.88523e+01 1.91822e+05
1.89074e+01 1.82271e+05
1.89625e+01 1.71380e+05
1.90175e+01 1.58812e+05
1.90726e+01 1.45302e+05
1.91276e+01 1.26411e+05
1.91826e+01 1.19727e+05
1.92375e+01 1.11380e+05
1.92925e+01 1.02280e+05
1.93474e+01 9.38977e+04
1.94023e+01 8.77885e+04
1.94572e+01 8.30162e+04
1.95120e+01 8.23339e+04
1.95668e+01 7.79753e+04
1.96216e+01 6.93869e+04
1.96764e+01 6.09249e+04
1.97311e+01 6.03364e+04
1.97858e+01 6.02759e+04
1.98405e+01 5.85378e+04
1.98952e+01 5.79293e+04
1.99499e+01 6.12714e+04
2.00045e+01 6.56075e+04
2.00591e+01 6.16603e+04
2.01136e+01 6.51998e+04
2.01682e+01 6.50896e+04
2.02227e+01 6.57029e+04
2.02772e+01 6.51347e+04
2.03317e+01 6.25057e+04
2.03861e+01 6.34165e+04
2.04406e+01 6.82922e+04
2.04950e+01 7.47385e+04
2.05493e+01 7.26450e+04
2.06037e+01 7.30553e+04
2.06580e+01 7.06391e+04
2.07123e+01 7.21294e+04
2.07666e+01 7.40933e+04
2.08209e+01 7.34098e+04
2.08751e+01 7.07982e+04
2.09293e+01 7.42057e+04
2.09835e+01 7.61191e+04
2.10376e+01 7.34863e+04
2.10918e+01 7.32862e+04
2.11459e+01 6.86722e+04
2.11999e+01 6.96535e+04
2.12540e+01 7.17881e+04
2.13080e+01 7.31085e+04
2.13620e+01 7.40539e+04
2.14160e+01 7.43760e+04
2.14700e+01 8.16230e+04
2.15239e+01 8.08658e+04
2.15778e+01 8.04269e+04
2.16317e+01 7.68468e+04
2.16856e+01 7.56853e+04
2.17394e+01 7.58214e+04
2.17932e+01 8.12168e+04
2.18470e+01 7.81242e+04
2.19008e+01 7.86984e+04
2.19545e+01 7.69986e+04
2.20082e+01 7.30063e+04
2.20619e+01 7.26813e+04
2.21156e+01 7.44709e+04
2.21692e+01 7.15123e+04
2.22228e+01 7.20812e+04
2.22764e+01 7.67330e+04
2.23300e+01 7.39930e+04
2.23835e+01 7.19547e+04
2.24370e+01 7.15051e+04
2.24905e+01 7.30539e+04
2.25440e+01 7.35492e+04
2.25974e+01 7.17030e+04
2.26509e+01 7.06743e+04
2.27043e+01 6.71713e+04
2.27576e+01 7.09236e+04
2.28110e+01 7.04088e+04
2.28643e+01 6.76715e+04
2.29176e+01 6.70734e+04
2.29709e+01 6.89674e+04
2.30241e+01 6.98814e+04
2.30773e+01 6.48377e+04
2.31305e+01 6.27734e+04
2.31837e+01 6.07484e+04
2.32369e+01 5.78378e+04
2.32900e+01 5.92495e+04
2.33431e+01 6.03869e+04
2.33962e+01 5.97385e+04
2.34492e+01 5.62410e+04
2.35022e+01 5.49092e+04
2.35552e+01 5.39870e+04
2.36082e+01 5.46352e+04
2.36612e+01 5.64788e+04
2.37141e+01 5.34700e+04
2.37670e+01 5.21154e+04
2.38199e+01 5.04067e+04
2.38727e+01 4.85750e+04
2.39256e+01 4.62810e+04
2.39784e+01 4.42167e+04
2.40311e+01 4.51835e+04
2.40839e+01 4.44353e+04
2.41366e+01 4.47327e+04
2.41893e+01 4.62976e+04
2.42420e+01 4.57827e+04
2.42947e+01 4.33711e+04
2.43473e+01 3.94556e+04
2.43999e+01 3.71771e+04
2.44525e+01 3.45287e+04
2.45051e+01 3.56391e+04
2.45576e+01 3.73652e+04
2.46101e+01 3.79665e+04
2.46626e+01 3.71722e+04
2.47151e+01 3.15941e+04
2.47675e+01 2.92693e+04
2.48199e+01 3.17879e+04
2.48723e+01 3.21186e+04
2.49247e+01 3.17259e+04
2.49770e+01 3.07150e+04
2.50293e+01 2.84149e+04
2.50816e+01 2.84273e+04
2.51339e+01 3.05912e+04
2.51861e+01 3.04724e+04
2.52383e+01 2.60169e+04
2.52905e+01 2.49859e+04
2.53427e+01 2.47817e+04
2.53948e+01 2.58570e+04
2.54470e+01 2.54533e+04
2.54990e+01 2.47319e+04
2.55511e+01 2.60498e+04
2.56032e+01 2.66871e+04
2.56552e+01 2.54684e+04
2.57072e+01 2.67125e+04
2.57591e+01 2.65250e+04
2.58111e+01 2.44667e+04
2.58630e+01 2.31009e+04
2.59149e+01 2.32973e+04
2.59668e+01 2.14838e+04
2.60186e+01 2.04134e+04
2.60705e+01 2.02265e+04
2.61223e+01 2.08422e+04
2.61740e+01 2.02713e+04
2.62258e+01 2.10755e+04
2.62775e+01 1.99104e+04
2.63292e+01 1.99505e+04
2.63809e+01 2.18193e+04
2.64325e+01 1.76609e+04
2.64842e+01 1.56370e+04
2.65358e+01 1.50898e+04
2.65873e+01 1.64681e+04
2.66389e+01 1.68227e+04
2.66904e+01 1.63114e+04
2.67419e+01 1.74422e+04
2.67934e+01 1.65082e+04
2.68449e+01 1.68501e+04
2.68963e+01 1.79829e+04
2.69477e+01 1.79873e+04
2.69991e+01 1.58865e+04
2.70504e+01 1.58846e+04
2.71018e+01 1.46313e+04
2.71531e+01 1.39201e+04
2.72044e+01 1.34571e+04
2.72556e+01 1.15935e+04
2.73069e+01 1.26222e+04
2.73581e+01 1.19410e+04
2.74093e+01 1.30863e+04
2.74604e+01 1.23524e+04
2.75116e+01 1.37437e+04
2.75627e+01 1.54594e+04
2.76138e+01 1.28379e+04
2.76648e+01 1.30150e+04
2.77159e+01 1.14944e+04
2.77669e+01 1.24050e+04
2.78179e+01 1.47573e+04
2.78688e+01 1.28510e+04
2.79198e+01 1.10709e+04
2.79707e+01 1.19413e+04
2.80216e+01 1.25972e+04
2.80724e+01 1.11620e+04
2.81233e+01 1.08848e+04
2.81741e+01 1.26527e+04
2.82249e+01 1.20751e+04
2.82757e+01 1.18923e+04
2.83264e+01 1.25632e+04
2.83771e+01 1.03587e+04
2.84278e+01 1.14343e+04
2.84785e+01 1.16489e+04
2.85291e+01 1.09635e+04
2.85798e+01 1.14851e+04
2.86304e+01 1.02694e+04
2.86809e+01 9.02650e+03
2.87315e+01 8.40660e+03
2.87820e+01 1.00385e+04
2.88325e+01 1.06306e+04
2.88830e+01 9.57950e+03
2.89334e+01 9.68100e+03
2.89838e+01 9.27810e+03
2.90343e+01 9.48610e+03
2.90846e+01 1.05931e+04
2.91350e+01 1.17064e+04
2.91853e+01 9.81820e+03
2.92356e+01 9.32110e+03
2.92859e+01 9.49480e+03
2.93361e+01 1.12793e+04
2.93864e+01 1.01952e+04
2.94366e+01 1.09303e+04
2.94867e+01 1.10294e+04
2.95369e+01 1.04785e+04
2.95870e+01 8.46870e+03
2.96371e+01 8.53410e+03
2.96872e+01 8.25530e+03
2.97373e+01 8.44750e+03
2.97873e+01 8.72000e+03
2.98373e+01 7.93370e+03
2.98873e+01 8.19960e+03
2.99373e+01 9.95970e+03
2.99872e+01 9.41950e+03
3.00371e+01 9.42290e+03
3.00870e+01 8.21510e+03
3.01368e+01 7.05810e+03
3.01867e+01 7.15920e+03
3.02365e+01 7.33800e+03
3.02863e+01 7.16070e+03
3.03360e+01 8.04050e+03
3.03858e+01 9.02090e+03
3.04355e+01 9.46350e+03
3.04852e+01 9.36330e+03
3.05348e+01 8.49890e+03
3.05845e+01 7.08720e+03
3.06341e+01 7.73700e+03
3.06837e+01 8.70490e+03
3.07333e+01 7.57730e+03
3.07828e+01 6.85880e+03
3.08323e+01 7.14210e+03
3.08818e+01 8.61760e+03
3.09313e+01 7.15990e+03
3.09807e+01 8.66140e+03
3.10301e+01 9.82720e+03
3.10795e+01 1.05079e+04
3.11289e+01 1.06160e+04
3.11782e+01 9.60920e+03
3.12276e+01 1.00142e+04
3.12769e+01 8.14920e+03
3.13261e+01 7.55590e+03
3.13754e+01 9.38870e+03
3.14246e+01 8.03840e+03
3.14738e+01 8.43970e+03
3.15230e+01 8.55370e+03
3.15721e+01 8.77520e+03
3.16213e+01 7.82590e+03
3.16704e+01 6.86690e+03
3.17194e+01 7.05200e+03
3.17685e+01 7.31010e+03
3.18175e+01 6.58990e+03
3.18665e+01 7.60710e+03
3.19155e+01 8.36440e+03
3.19644e+01 8.88430e+03
3.20134e+01 9.41190e+03
3.20623e+01 8.89050e+03
3.21111e+01 7.46230e+03
3.21600e+01 8.43730e+03
3.22088e+01 8.50240e+03
3.22576e+01 9.42140e+03
3.23064e+01 9.47310e+03
3.23552e+01 7.42870e+03
3.24039e+01 8.00850e+03
3.24526e+01 7.72420e+03
3.25013e+01 7.83480e+03
3.25500e+01 6.42530e+03
3.25986e+01 7.06990e+03
3.26472e+01 6.86670e+03
3.26958e+01 7.64450e+03
3.27443e+01 8.66680e+03
3.27929e+01 7.42930e+03
3.28414e+01 8.73640e+03
3.28899e+01 1.02489e+04
3.29383e+01 1.07873e+04
3.29868e+01 1.08880e+04
3.30352e+01 8.51360e+03
3.30836e+01 7.84420e+03
3.31319e+01 7.00400e+03
3.31803e+01 6.74430e+03
3.32286e+01 8.33890e+03
3.32769e+01 7.98830e+03
3.33251e+01 7.86850e+03
3.33734e+01 7.49380e+03
3.34216e+01 6.75610e+03
3.34698e+01 6.79070e+03
3.35180e+01 6.71220e+03
3.35661e+01 7.48790e+03
3.36142e+01 6.70650e+03
3.36623e+01 6.88010e+03
3.37104e+01 7.64610e+03
3.37584e+01 8.74650e+03
3.38064e+01 7.08190e+03
3.38544e+01 8.43750e+03
3.39024e+01 8.35880e+03
3.39504e+01 6.35010e+03
3.39983e+01 5.88190e+03
3.40462e+01 6.21290e+03
3.40940e+01 6.59510e+03
3.41419e+01 7.20850e+03
3.41897e+01 7.53090e+03
3.42375e+01 8.18430e+03
3.42853e+01 7.55200e+03
3.43330e+01 9.09470e+03
3.43808e+01 8.70490e+03
3.44285e+01 8.42570e+03
3.44761e+01 5.79700e+03
3.45238e+01 5.88630e+03
3.45714e+01 7.99930e+03
3.46190e+01 8.37930e+03
3.46666e+01 8.91480e+03
3.47142e+01 9.68910e+03
3.47617e+01 8.52600e+03
3.48092e+01 7.59500e+03
3.48567e+01 8.51660e+03
3.49041e+01 9.50470e+03
3.49516e+01 7.78460e+03
3.49990e+01 9.02960e+03
3.50463e+01 1.13708e+04
3.50937e+01 1.03840e+04
3.51410e+01 1.17626e+04
3.51883e+01 1.14248e+04
3.52356e+01 9.53780e+03
3.52829e+01 9.43920e+03
3.53301e+01 9.71170e+03
3.53773e+01 1.17349e+04
3.54245e+01 1.03862e+04
3.54717e+01 9.37780e+03
3.55188e+01 1.00847e+04
3.55659e+01 1.01331e+04
3.56130e+01 1.12945e+04
3.56601e+01 1.22170e+04
3.57071e+01 1.13518e+04
3.57541e+01 1.33790e+04
3.58011e+01 1.40338e+04
3.58481e+01 1.42114e+04
3.58950e+01 1.33301e+04
3.59419e+01 1.29665e+04
3.59888e+01 1.30847e+04
3.60357e+01 1.28532e+04
3.60825e+01 1.36821e+04
3.61294e+01 1.34353e+04
3.61761e+01 1.43237e+04
3.62229e+01 1.30496e+04
3.62697e+01 1.12253e+04
3.63164e+01 1.22196e+04
3.63631e+01 1.32697e+04
3.64097e+01 1.32621e+04
3.64564e+01 1.34504e+04
3.65030e+01 1.26775e+04
3.65496e+01 1.28690e+04
3.65962e+01 1.23718e+04
3.66427e+01 1.14966e+04
3.66892e+01 1.00691e+04
3.67357e+01 1.13783e+04
3.67822e+01 1.18987e+04
3.68287e+01 1.17784e+04
3.68751e+01 1.22052e+04
3.69215e+01 9.97660e+03
3.69679e+01 8.96660e+03
3.70142e+01 1.06904e+04
3.70605e+01 9.55890e+03
3.71069e+01 1.01277e+04
3.71531e+01 7.87590e+03
3.71994e+01 1.08364e+04
3.72456e+01 1.24874e+04
3.72918e+01 1.24262e+04
3.73380e+01 1.04125e+04
3.73841e+01 1.02908e+04
3.74303e+01 8.26130e+03
3.74764e+01 8.89360e+03
3.75225e+01 1.10503e+04
3.75685e+01 1.06406e+04
3.76146e+01 8.78960e+03
3.76606e+01 1.04764e+04
3.77065e+01 1.10869e+04
3.77525e+01 9.54180e+03
3.77984e+01 9.33710e+03
3.78443e+01 1.04956e+04
3.78902e+01 1.08538e+04
3.79361e+01 9.85060e+03
3.79819e+01 9.27440e+03
3.80277e+01 8.62420e+03
3.80735e+01 8.80380e+03
3.81193e+01 8.75300e+03
3.81650e+01 9.75350e+03
3.82107e+01 1.12217e+04
3.82564e+01 1.21186e+04
3.83021e+01 1.19196e+04
3.83477e+01 1.16030e+04
3.83933e+01 1.09690e+04
3.84389e+01 1.12633e+04
3.84845e+01 1.16897e+04
3.85300e+01 1.35083e+04
3.85756e+01 1.29569e+04
3.86210e+01 1.29339e+04
3.86665e+01 1.19226e+04
3.87120e+01 1.08243e+04
3.87574e+01 9.94330e+03
3.88028e+01 9.59270e+03
3.88481e+01 1.09422e+04
3.88935e+01 1.01690e+04
3.89388e+01 9.32110e+03
3.89841e+01 8.21090e+03
3.90294e+01 9.78460e+03
3.90746e+01 1.00631e+04
3.91198e+01 9.58790e+03
3.91650e+01 1.02232e+04
3.92102e+01 1.02919e+04
3.92554e+01 1.04732e+04
3.93005e+01 9.46710e+03
3.93456e+01 8.09810e+03
3.93907e+01 1.17681e+04
3.94357e+01 1.47636e+04
3.94807e+01 1.30775e+04
3.95257e+01 1.02543e+04
3.95707e+01 9.89970e+03
3.96157e+01 1.17873e+04
3.96606e+01 1.01563e+04
3.97055e+01 1.07809e+04
3.97504e+01 1.04557e+04
3.97952e+01 1.01839e+04
3.98401e+01 1.09499e+04
3.98849e+01 1.23282e+04
3.99296e+01 1.00189e+04
3.99744e+01 9.79140e+03
4.00191e+01 1.03411e+04
4.00638e+01 1.07759e+04
4.01085e+01 1.00900e+04
4.01532e+01 1.18261e+04
4.01978e+01 1.16918e+04
4.02424e+01 1.08150e+04
4.02870e+01 1.10573e+04
4.03316e+01 1.11187e+04
4.03761e+01 8.58100e+03
4.04206e+01 9.18770e+03
4.04651e+01 8.59830e+03
4.05096e+01 8.80310e+03
4.05540e+01 8.43270e+03
4.05984e+01 9.85390e+03
4.06428e+01 1.10229e+04
4.06872e+01 9.31660e+03
4.07315e+01 9.18130e+03
4.07758e+01 8.76970e+03
4.08201e+01 8.72460e+03
4.08644e+01 8.87610e+03
4.09086e+01 8.84680e+03
4.09528e+01 8.17690e+03
4.09970e+01 8.09950e+03
4.10412e+01 9.34770e+03
4.10853e+01 7.82030e+03
4.11294e+01 9.46610e+03
4.11735e+01 1.04326e+04
4.12176e+01 1.01458e+04
4.12616e+01 8.98330e+03
4.13057e+01 9.22500e+03
4.13497e+01 9.08870e+03
4.13936e+01 1.00023e+04
4.14376e+01 1.01662e+04
4.14815e+01 9.06970e+03
4.15254e+01 8.32760e+03
4.15693e+01 9.57170e+03
4.16131e+01 1.01028e+04
4.16569e+01 1.08185e+04
4.17007e+01 1.26638e+04
4.17445e+01 1.03261e+04
4.17883e+01 1.00360e+04
4.18320e+01 1.11186e+04
4.18757e+01 1.12676e+04
4.19194e+01 1.13140e+04
4.19630e+01 1.07042e+04
4.20066e+01 1.00916e+04
4.20502e+01 9.14410e+03
4.20938e+01 1.08117e+04
4.21374e+01 1.18067e+04
4.21809e+01 1.03030e+04
4.22244e+01 1.02148e+04
4.22679e+01 1.06996e+04
4.23113e+01 1.01382e+04
4.23548e+01 1.04968e+04
4.23982e+01 9.61740e+03
4.24416e+01 9.28990e+03
4.24849e+01 1.07297e+04
4.25283e+01 1.03072e+04
4.25716e+01 9.73900e+03
4.26148e+01 1.08797e+04
4.26581e+01 1.02341e+04
4.27013e+01 9.98220e+03
4.27445e+01 1.25319e+04
4.27877e+01 1.23024e+04
4.28309e+01 1.13331e+04
4.28740e+01 9.86530e+03
4.29171e+01 8.76820e+03
4.29602e+01 9.57850e+03
4.30033e+01 1.05277e+04
4.30463e+01 9.01070e+03
4.30893e+01 1.06632e+04
4.31323e+01 1.03037e+04
4.31753e+01 1.07997e+04
4.32182e+01 9.51920e+03
4.32612e+01 9.90640e+03
4.33040e+01 9.92270e+03
4.33469e+01 8.95380e+03
4.33897e+01 9.66730e+03
4.34326e+01 1.08700e+04
4.34754e+01 1.08577e+04
4.35181e+01 9.54570e+03
4.35609e+01 1.00746e+04
4.36036e+01 1.03742e+04
4.36463e+01 1.02635e+04
4.36890e+01 1.04264e+04
4.37316e+01 1.02318e+04
4.37742e+01 9.04320e+03
4.38168e+01 9.13090e+03
4.38594e+01 1.01998e+04
4.39019e+01 9.53980e+03
4.39445e+01 8.81050e+03
4.39870e+01 8.51870e+03
4.40294e+01 8.01240e+03
4.40719e+01 6.82060e+03
4.41143e+01 7.99020e+03
4.41567e+01 7.82440e+03
4.41991e+01 7.39380e+03
4.42414e+01 9.02450e+03
4.42838e+01 7.10480e+03
4.43261e+01 7.55130e+03
4.43683e+01 8.23350e+03
4.44106e+01 5.69010e+03
4.44528e+01 5.19270e+03
4.44950e+01 6.05070e+03
4.45372e+01 7.78580e+03
4.45794e+01 7.01320e+03
4.46215e+01 7.43480e+03
4.46636e+01 8.03570e+03
4.47057e+01 6.77800e+03
4.47477e+01 6.31850e+03
4.47898e+01 6.08800e+03
4.48318e+01 5.76980e+03
4.48737e+01 6.33040e+03
4.49157e+01 5.13010e+03
4.49576e+01 3.98340e+03
4.49995e+01 6.00730e+03
4.50414e+01 5.95160e+03
4.50833e+01 5.65070e+03
4.51251e+01 6.32070e+03
4.51669e+01 7.12180e+03
4.52087e+01 8.40480e+03
4.52505e+01 8.04150e+03
4.52922e+01 5.78800e+03
4.53339e+01 5.51750e+03
4.53756e+01 6.44860e+03
4.54173e+01 5.78760e+03
4.54589e+01 4.57840e+03
4.55005e+01 4.12410e+03
4.55421e+01 4.33910e+03
4.55837e+01 4.20640e+03
4.56252e+01 3.89680e+03
4.56668e+01 4.71580e+03
4.57082e+01 6.04620e+03
4.57497e+01 6.49460e+03
4.57912e+01 5.94370e+03
4.58326e+01 4.63570e+03
4.58740e+01 5.63020e+03
4.59153e+01 6.12550e+03
4.59567e+01 5.39050e+03
4.59980e+01 4.41450e+03
4.60393e+01 4.46350e+03
4.60806e+01 3.82490e+03
4.61218e+01 6.34210e+03
4.61630e+01 6.02070e+03
4.62042e+01 5.41890e+03
4.62454e+01 5.20650e+03
4.62866e+01 4.63430e+03
4.63277e+01 4.10060e+03
4.63688e+01 3.52750e+03
4.64099e+01 4.76590e+03
4.64509e+01 4.45740e+03
4.64919e+01 4.18240e+03
4.65329e+01 6.21730e+03
4.65739e+01 6.40540e+03
4.66149e+01 6.17050e+03
4.66558e+01 4.19240e+03
4.66967e+01 3.29080e+03
4.67376e+01 4.05530e+03
4.67784e+01 5.62100e+03
4.68193e+01 5.54250e+03
4.68601e+01 4.83500e+03
4.69008e+01 4.61410e+03
4.69416e+01 4.77080e+03
4.69823e+01 4.22110e+03
4.70230e+01 4.97800e+03
4.70637e+01 5.28570e+03
4.71044e+01 5.42650e+03
4.71450e+01 5.31520e+03
4.71856e+01 4.16590e+03
4.72262e+01 5.69680e+03
4.72668e+01 6.41670e+03
4.73073e+01 4.73130e+03
4.73478e+01 5.07090e+03
4.73883e+01 4.92360e+03
4.74287e+01 4.92580e+03
4.74692e+01 4.96500e+03
4.75096e+01 3.26710e+03
4.75500e+01 3.58670e+03
4.75903e+01 4.11050e+03
4.76307e+01 4.39830e+03
4.76710e+01 4.29050e+03
4.77113e+01 6.81160e+03
4.77516e+01 8.31080e+03
4.77918e+01 6.73030e+03
4.78320e+01 4.90850e+03
4.78722e+01 5.56380e+03
4.79124e+01 6.31240e+03
4.79525e+01 7.18420e+03
4.79926e+01 6.17860e+03
4.80327e+01 5.30640e+03
4.80728e+01 4.62220e+03
4.81128e+01 4.66230e+03
4.81529e+01 6.03270e+03
4.81928e+01 6.01170e+03
4.82328e+01 4.36580e+03
4.82728e+01 5.82230e+03
4.83127e+01 7.12830e+03
4.83526e+01 5.74660e+03
4.83925e+01 4.54060e+03
4.84323e+01 4.44600e+03
4.84721e+01 3.09260e+03
4.85119e+01 3.56930e+03
4.85517e+01 4.45890e+03
4.85914e+01 4.97340e+03
4.86312e+01 5.42600e+03
4.86709e+01 6.53390e+03
4.87105e+01 5.08240e+03
4.87502e+01 5.15410e+03
4.87898e+01 4.67180e+03
4.88294e+01 4.88150e+03
4.88690e+01 5.20720e+03
4.89086e+01 5.23090e+03
4.89481e+01 6.96950e+03
4.89876e+01 6.90990e+03
4.90271e+01 6.45360e+03
4.90665e+01 6.82390e+03
4.91060e+01 6.64070e+03
4.91454e+01 5.87410e+03
4.91847e+01 5.91050e+03
4.92241e+01 7.07340e+03
4.92634e+01 7.20560e+03
4.93027e+01 6.54750e+03
4.93420e+01 4.90450e+03
4.93813e+01 4.38250e+03
4.94205e+01 4.34870e+03
4.94597e+01 4.65190e+03
4.94989e+01 3.31600e+03
4.95381e+01 3.51090e+03
4.95772e+01 4.24530e+03
4.96163e+01 5.46470e+03
4.96554e+01 4.93200e+03
4.96945e+01 3.85070e+03
4.97335e+01 4.54890e+03
4.97725e+01 3.91200e+03
4.98115e+01 5.23230e+03
4.98505e+01 6.06680e+03
4.98894e+01 4.72940e+03
4.99283e+01 4.59900e+03
4.99672e+01 4.24830e+03
5.00061e+01 3.92160e+03
5.00449e+01 3.72230e+03
5.00837e+01 4.81170e+03
5.01225e+01 5.78680e+03
5.01613e+01 6.39220e+03
5.02000e+01 5.42230e+03
5.02388e+01 5.28580e+03
5.02775e+01 4.15230e+03
5.03161e+01 6.60220e+03
5.03548e+01 6.15180e+03
5.03934e+01 3.81360e+03
5.04320e+01 3.54160e+03
5.04706e+01 4.19960e+03
5.05091e+01 4.79460e+03
5.05476e+01 6.44120e+03
5.05861e+01 6.67120e+03
5.06246e+01 4.21540e+03
5.06630e+01 3.58030e+03
5.07015e+01 3.99620e+03
5.07399e+01 4.12600e+03
5.07782e+01 4.60410e+03
5.08166e+01 4.86590e+03
5.08549e+01 3.77220e+03
5.08932e+01 4.68270e+03
5.09315e+01 5.24120e+03
5.09698e+01 5.72200e+03
5.10080e+01 6.21540e+03
5.10462e+01 6.44370e+03
5.10844e+01 6.16010e+03
5.11225e+01 4.37220e+03
5.11606e+01 3.91980e+03
5.11988e+01 4.03530e+03
5.12368e+01 4.66070e+03
5.12749e+01 5.04800e+03
5.13129e+01 3.75780e+03
5.13509e+01 3.53080e+03
5.13889e+01 3.66420e+03
5.14269e+01 3.78560e+03
5.14648e+01 2.49160e+03
5.15027e+01 3.44440e+03
5.15406e+01 4.94690e+03
5.15785e+01 3.82510e+03
5.16163e+01 4.56130e+03
5.16541e+01 4.23390e+03
5.16919e+01 4.14080e+03
5.17296e+01 4.77970e+03
5.17674e+01 5.37010e+03
5.18051e+01 5.50140e+03
5.18428e+01 3.98140e+03
5.18805e+01 4.00110e+03
5.19181e+01 5.28720e+03
5.19557e+01 5.48040e+03
5.19933e+01 5.73790e+03
5.20309e+01 4.46880e+03
5.20684e+01 3.72990e+03
5.21059e+01 4.83230e+03
5.21434e+01 6.71350e+03
5.21809e+01 6.96300e+03
5.22183e+01 5.50630e+03
5.22557e+01 4.96520e+03
5.22931e+01 3.21650e+03
5.23305e+01 4.00560e+03
5.23678e+01 3.68640e+03
5.24052e+01 2.89310e+03
5.24425e+01 3.39940e+03
5.24797e+01 3.71350e+03
5.25170e+01 4.10480e+03
5.25542e+01 4.55310e+03
5.25914e+01 4.17000e+03
5.26286e+01 3.69560e+03
5.26657e+01 3.20130e+03
5.27028e+01 3.07090e+03
5.27399e+01 3.33160e+03
5.27770e+01 5.22640e+03
5.28141e+01 4.21980e+03
5.28511e+01 5.01650e+03
5.28881e+01 3.94120e+03
5.29251e+01 3.66310e+03
5.29620e+01 3.94750e+03
5.29989e+01 4.68640e+03
5.30358e+01 3.33680e+03
5.30727e+01 2.72810e+03
5.31096e+01 3.95370e+03
5.31464e+01 3.74430e+03
5.31832e+01 3.70700e+03
5.32200e+01 5.37080e+03
5.32567e+01 3.37840e+03
5.32935e+01 3.71020e+03
5.33302e+01 2.63330e+03
5.33669e+01 4.63490e+03
5.34035e+01 4.78980e+03
5.34402e+01 2.59540e+03
5.34768e+01 3.16000e+03
5.35133e+01 2.09430e+03
5.35499e+01 1.80350e+03
5.35864e+01 1.97250e+03
5.36230e+01 3.13340e+03
5.36594e+01 4.71660e+03
5.36959e+01 4.87500e+03
5.37323e+01 4.08660e+03
5.37687e+01 3.49090e+03
5.38051e+01 4.47330e+03
5.38415e+01 3.38350e+03
5.38778e+01 3.39750e+03
5.39141e+01 2.85210e+03
5.39504e+01 2.80380e+03
5.39867e+01 2.16430e+03
5.40229e+01 2.10730e+03
5.40592e+01 1.82850e+03
5.40953e+01 1.98090e+03
5.41315e+01 3.45600e+03
5.41677e+01 1.54170e+03
5.42038e+01 2.07320e+03
5.42399e+01 2.31240e+03
5.42759e+01 4.08880e+03
5.43120e+01 4.40090e+03
5.43480e+01 4.72020e+03
5.43840e+01 3.91540e+03
5.44200e+01 3.81250e+03
5.44559e+01 3.56090e+03
5.44918e+01 2.94510e+03
5.45277e+01 3.40540e+03
5.45636e+01 2.82640e+03
5.45994e+01 2.37420e+03
5.46353e+01 3.31380e+03
5.46711e+01 3.20510e+03
5.47068e+01 3.50220e+03
5.47426e+01 4.25900e+03
5.47783e+01 5.42270e+03
5.48140e+01 4.23410e+03
5.48497e+01 4.56500e+03
5.48853e+01 4.05430e+03
5.49210e+01 4.34350e+03
5.49566e+01 4.07250e+03
5.49921e+01 4.22580e+03
5.50277e+01 4.22880e+03
5.50632e+01 4.51850e+03
5.50987e+01 4.76140e+03
5.51342e+01 4.10780e+03
5.51697e+01 4.89950e+03
5.52051e+01 5.67830e+03
5.52405e+01 4.58410e+03
5.52759e+01 4.14290e+03
5.53112e+01 4.04040e+03
5.53466e+01 4.08580e+03
5.53819e+01 5.43560e+03
5.54172e+01 3.49280e+03
5.54524e+01 3.74490e+03
5.54877e+01 4.62470e+03
5.55229e+01 4.59470e+03
5.55580e+01 4.67190e+03
5.55932e+01 4.01300e+03
5.56283e+01 4.67080e+03
5.56635e+01 5.85660e+03
5.56985e+01 5.77340e+03
5.57336e+01 4.90410e+03
5.57686e+01 5.33900e+03
5.58037e+01 6.15490e+03
5.58386e+01 6.39170e+03
5.58736e+01 6.58480e+03
5.59085e+01 5.42670e+03
5.59435e+01 5.85020e+03
5.59783e+01 6.46170e+03
5.60132e+01 5.69130e+03
5.60481e+01 5.55030e+03
5.60829e+01 5.80170e+03
5.61177e+01 5.45330e+03
5.61524e+01 4.72090e+03
5.61872e+01 5.78140e+03
5.62219e+01 7.37420e+03
5.62566e+01 8.36850e+03
5.62913e+01 7.43110e+03
5.63259e+01 6.92970e+03
5.63605e+01 7.69320e+03
5.63951e+01 8.49930e+03
5.64297e+01 8.53040e+03
5.64642e+01 7.70330e+03
5.64988e+01 7.78920e+03
5.65333e+01 8.60640e+03
5.65677e+01 1.00437e+04
5.66022e+01 1.03315e+04
5.66366e+01 8.03450e+03
5.66710e+01 7.44840e+03
5.67054e+01 7.21120e+03
5.67397e+01 8.99790e+03
5.67741e+01 9.56510e+03
5.68084e+01 8.83050e+03
5.68426e+01 7.87970e+03
5.68769e+01 8.87140e+03
5.69111e+01 9.77280e+03
5.69453e+01 9.80100e+03
5.69795e+01 9.45000e+03
5.70136e+01 9.69810e+03
5.70478e+01 1.03676e+04
5.70819e+01 9.32420e+03
5.71160e+01 9.11620e+03
5.71500e+01 8.18910e+03
5.71840e+01 7.62760e+03
5.72181e+01 9.01290e+03
5.72520e+01 1.04846e+04
5.72860e+01 9.68500e+03
5.73199e+01 9.12940e+03
5.73538e+01 9.43390e+03
5.73877e+01 9.72430e+03
5.74216e+01 9.52990e+03
5.74554e+01 8.83890e+03
5.74892e+01 7.47750e+03
5.75230e+01 8.48780e+03
5.75568e+01 6.95030e+03
5.75905e+01 7.30850e+03
5.76242e+01 8.28060e+03
5.76579e+01 8.58030e+03
5.76916e+01 5.55130e+03
5.77252e+01 5.17220e+03
5.77588e+01 5.32550e+03
5.77924e+01 8.42010e+03
5.78260e+01 5.64400e+03
5.78595e+01 5.58180e+03
5.78930e+01 4.98090e+03
5.79265e+01 4.60440e+03
5.79600e+01 5.54540e+03
5.79934e+01 4.80830e+03
5.80269e+01 4.56430e+03
5.80603e+01 5.69300e+03
5.80936e+01 4.37280e+03
5.81270e+01 4.45980e+03
5.81603e+01 4.52630e+03
5.81936e+01 4.04290e+03
5.82268e+01 3.65340e+03
5.82601e+01 3.55620e+03
5.82933e+01 2.56390e+03
5.83265e+01 4.72690e+03
5.83597e+01 4.97780e+03
5.83928e+01 5.56490e+03
5.84260e+01 4.73620e+03
5.84591e+01 4.28370e+03
5.84921e+01 3.31970e+03
5.85252e+01 2.48420e+03
5.85582e+01 3.05990e+03
5.85912e+01 3.51510e+03
5.86242e+01 3.01220e+03
5.86571e+01 3.24200e+03
5.86901e+01 3.99740e+03
5.87230e+01 4.11300e+03
5.87558e+01 2.21550e+03
5.87887e+01 1.88990e+03
5.88215e+01 3.09100e+03
5.88543e+01 3.61480e+03
5.88871e+01 3.33340e+03
5.89199e+01 2.46500e+03
5.89526e+01 2.71870e+03
5.89853e+01 1.59940e+03
5.90180e+01 2.47290e+03
5.90506e+01 3.16220e+03
5.90833e+01 2.27680e+03
5.91159e+01 2.17590e+03
5.91485e+01 1.34960e+03
5.91810e+01 2.18040e+03
5.92136e+01 2.92360e+03
5.92461e+01 2.70320e+03
5.92785e+01 2.84950e+03
5.93110e+01 2.49460e+03
5.93434e+01 1.87990e+03
5.93759e+01 2.19650e+03
5.94082e+01 8.63900e+02
5.94406e+01 8.37000e+02
5.94729e+01 1.73660e+03
5.95053e+01 1.27380e+03
5.95375e+01 1.02020e+03
5.95698e+01 2.22030e+03
5.96021e+01 9.11000e+02
5.96343e+01 -4.98700e+02
5.96665e+01 8.20700e+02
5.96986e+01 1.88280e+03
5.97308e+01 1.74490e+03
5.97629e+01 1.95650e+03
5.97950e+01 1.83030e+03
5.98270e+01 2.51280e+03
5.98591e+01 2.75680e+03
5.98911e+01 2.07280e+03
5.99231e+01 1.88070e+03
5.99551e+01 2.36690e+03
5.99870e+01 3.01810e+03
6.00189e+01 3.02770e+03
6.00508e+01 1.82710e+03
6.00827e+01 6.37600e+02
6.01146e+01 7.55400e+02
6.01464e+01 1.85190e+03
6.01782e+01 1.20970e+03
6.02099e+01 1.88110e+03
6.02417e+01 2.34370e+03
6.02734e+01 2.19190e+03
6.03051e+01 1.75170e+03
6.03368e+01 2.09030e+03
6.03684e+01 9.75000e+02
6.04001e+01 1.65200e+03
6.04317e+01 2.11520e+03
6.04633e+01 2.84030e+03
6.04948e+01 2.61620e+03
6.05263e+01 2.98280e+03
6.05578e+01 3.51280e+03
6.05893e+01 2.32080e+03
6.06208e+01 9.92100e+02
6.06522e+01 1.32920e+03
6.06836e+01 1.62130e+03
6.07150e+01 2.13200e+03
6.07463e+01 5.19700e+02
6.07777e+01 5.55500e+02
6.08090e+01 1.35780e+03
6.08403e+01 2.06880e+03
6.08715e+01 2.66300e+03
6.09028e+01 2.28900e+03
6.09340e+01 1.32630e+03
6.09651e+01 1.87030e+03
6.09963e+01 2.00460e+03
6.10274e+01 1.98440e+03
6.10586e+01 3.02150e+03
6.10896e+01 2.77110e+03
6.11207e+01 2.35850e+03
6.11517e+01 2.84150e+03
6.11828e+01 2.07380e+03
6.12137e+01 1.06820e+03
6.12447e+01 1.59460e+03
6.12756e+01 2.20070e+03
6.13066e+01 3.53640e+03
6.13374e+01 3.15030e+03
6.13683e+01 2.75690e+03
6.13992e+01 3.56750e+03
6.14300e+01 2.20090e+03
6.14608e+01 1.45390e+03
6.14915e+01 1.87890e+03
6.15223e+01 2.26410e+03
6.15530e+01 1.86080e+03
6.15837e+01 1.83410e+03
6.16144e+01 1.66200e+03
6.16450e+01 1.50580e+03
6.16756e+01 1.05940e+03
6.17062e+01 1.46200e+03
6.17368e+01 8.99200e+02
6.17673e+01 9.71500e+02
6.17979e+01 7.47900e+02
6.18284e+01 1.31710e+03
6.18588e+01 6.42300e+02
6.18893e+01 6.20600e+02
6.19197e+01 9.16800e+02
6.19501e+01 3.85400e+02
6.19805e+01 1.10490e+03
6.20108e+01 2.77250e+03
6.20411e+01 2.43140e+03
6.20714e+01 1.73450e+03
6.21017e+01 1.48000e+02
6.21320e+01 1.93000e+02
6.21622e+01 1.09970e+03
6.21924e+01 1.76400e+03
6.22226e+01 1.10860e+03
6.22527e+01 1.86370e+03
6.22829e+01 2.12350e+03
6.23130e+01 1.28980e+03
6.23431e+01 1.81450e+03
6.23731e+01 9.37900e+02
6.24031e+01 9.50600e+02
6.24331e+01 2.04900e+03
6.24631e+01 2.02050e+03
6.24931e+01 8.65500e+02
6.25230e+01 7.99300e+02
6.25529e+01 3.83400e+02
6.25828e+01 3.97000e+01
6.26127e+01 1.79700e+02
6.26425e+01 1.76060e+03
6.26723e+01 1.17250e+03
6.27021e+01 2.66200e+02
6.27319e+01 1.84090e+03
6.27616e+01 2.04210e+03
6.27913e+01 1.94130e+03
6.28210e+01 1.05930e+03
6.28507e+01 1.39430e+03
6.28803e+01 1.16470e+03
6.29099e+01 1.89100e+03
6.29395e+01 1.52100e+02
6.29691e+01 -4.41000e+02
6.29986e+01 7.33400e+02
6.30281e+01 1.93450e+03
6.30576e+01 2.45750e+03
6.30871e+01 1.11800e+03
6.31165e+01 6.45500e+02
6.31459e+01 2.78200e+02
6.31753e+01 -8.82200e+02
6.32047e+01 8.27400e+02
6.32340e+01 1.10080e+03
6.32634e+01 1.06420e+03
6.32927e+01 7.58900e+02
6.33219e+01 3.10600e+02
6.33512e+01 6.59000e+02
6.33804e+01 1.21750e+03
6.34096e+01 1.39750e+03
6.34388e+01 7.22800e+02
6.34679e+01 5.20700e+02
6.34970e+01 5.47500e+02
6.35261e+01 6.00000e+02
