# La4Ni3O8 Ni L2 edge RIXS
# T = 120 K
# RIXS resolution ~ 0.4 eV
# Horizontal scattering geometry, theta = 15 degrees, 2theta = 95 degrees
# SEXTANTS beamline, SOLEIL synchrotron
# Energy loss 	 Intensity
-4.80409e+01 3.51600e+02
-4.79613e+01 1.26820e+03
-4.78818e+01 1.52180e+03
-4.78023e+01 1.96200e+03
-4.77228e+01 2.83340e+03
-4.76433e+01 3.69960e+03
-4.75639e+01 4.44880e+03
-4.74845e+01 4.63380e+03
-4.74051e+01 5.69440e+03
-4.73257e+01 5.84340e+03
-4.72464e+01 6.66100e+03
-4.71671e+01 6.17820e+03
-4.70878e+01 6.92560e+03
-4.70086e+01 6.53180e+03
-4.69293e+01 6.87300e+03
-4.68501e+01 6.38160e+03
-4.67709e+01 7.46020e+03
-4.66918e+01 6.15320e+03
-4.66126e+01 5.96860e+03
-4.65335e+01 6.53180e+03
-4.64544e+01 6.48060e+03
-4.63754e+01 6.20740e+03
-4.62963e+01 7.09300e+03
-4.62173e+01 5.99880e+03
-4.61383e+01 6.67580e+03
-4.60593e+01 7.12500e+03
-4.59804e+01 6.22800e+03
-4.59015e+01 4.43340e+03
-4.58226e+01 5.53160e+03
-4.57437e+01 6.31880e+03
-4.56649e+01 6.77240e+03
-4.55861e+01 7.19700e+03
-4.55073e+01 7.11640e+03
-4.54285e+01 6.88020e+03
-4.53497e+01 5.79220e+03
-4.52710e+01 5.99020e+03
-4.51923e+01 5.56940e+03
-4.51137e+01 6.19900e+03
-4.50350e+01 5.40400e+03
-4.49564e+01 5.03540e+03
-4.48778e+01 6.73820e+03
-4.47992e+01 6.70680e+03
-4.47207e+01 6.65060e+03
-4.46421e+01 6.95240e+03
-4.45636e+01 6.39020e+03
-4.44852e+01 5.85780e+03
-4.44067e+01 6.77900e+03
-4.43283e+01 6.78840e+03
-4.42499e+01 5.58900e+03
-4.41715e+01 6.24320e+03
-4.40932e+01 6.93700e+03
-4.40148e+01 5.93560e+03
-4.39365e+01 6.05440e+03
-4.38582e+01 5.22200e+03
-4.37800e+01 4.69720e+03
-4.37018e+01 6.07060e+03
-4.36236e+01 5.29000e+03
-4.35454e+01 5.02600e+03
-4.34672e+01 5.98500e+03
-4.33891e+01 6.12660e+03
-4.33110e+01 6.41700e+03
-4.32329e+01 6.29040e+03
-4.31548e+01 6.41000e+03
-4.30768e+01 6.95700e+03
-4.29988e+01 6.36660e+03
-4.29208e+01 5.04740e+03
-4.28428e+01 6.39220e+03
-4.27649e+01 6.26100e+03
-4.26870e+01 7.08000e+03
-4.26091e+01 5.87960e+03
-4.25312e+01 6.24420e+03
-4.24534e+01 6.41700e+03
-4.23756e+01 7.13140e+03
-4.22978e+01 5.31940e+03
-4.22200e+01 5.64820e+03
-4.21423e+01 5.91420e+03
-4.20646e+01 6.23960e+03
-4.19869e+01 6.00280e+03
-4.19092e+01 6.25580e+03
-4.18316e+01 5.72960e+03
-4.17540e+01 5.47640e+03
-4.16764e+01 5.55940e+03
-4.15988e+01 6.09720e+03
-4.15213e+01 5.33480e+03
-4.14438e+01 5.34560e+03
-4.13663e+01 6.48720e+03
-4.12888e+01 6.09100e+03
-4.12113e+01 6.49380e+03
-4.11339e+01 6.43840e+03
-4.10565e+01 5.48420e+03
-4.09792e+01 5.60100e+03
-4.09018e+01 5.48180e+03
-4.08245e+01 5.64400e+03
-4.07472e+01 6.21480e+03
-4.06699e+01 5.87000e+03
-4.05927e+01 5.12520e+03
-4.05154e+01 5.95600e+03
-4.04382e+01 5.59440e+03
-4.03611e+01 7.19180e+03
-4.02839e+01 6.38620e+03
-4.02068e+01 6.72880e+03
-4.01297e+01 6.49540e+03
-4.00526e+01 6.90240e+03
-3.99756e+01 5.55220e+03
-3.98985e+01 6.20320e+03
-3.98215e+01 6.11260e+03
-3.97446e+01 6.66540e+03
-3.96676e+01 5.26060e+03
-3.95907e+01 6.10800e+03
-3.95138e+01 5.56480e+03
-3.94369e+01 5.70140e+03
-3.93600e+01 5.83100e+03
-3.92832e+01 5.33240e+03
-3.92064e+01 6.19440e+03
-3.91296e+01 6.68620e+03
-3.90529e+01 5.99080e+03
-3.89761e+01 5.64080e+03
-3.88994e+01 6.35620e+03
-3.88227e+01 7.14280e+03
-3.87461e+01 6.00820e+03
-3.86694e+01 6.07820e+03
-3.85928e+01 5.61620e+03
-3.85162e+01 6.39780e+03
-3.84397e+01 6.38300e+03
-3.83631e+01 5.58320e+03
-3.82866e+01 5.34800e+03
-3.82101e+01 5.24000e+03
-3.81337e+01 5.52140e+03
-3.80572e+01 6.00400e+03
-3.79808e+01 6.28480e+03
-3.79044e+01 6.11460e+03
-3.78281e+01 5.62460e+03
-3.77517e+01 5.48840e+03
-3.76754e+01 5.43100e+03
-3.75991e+01 5.95500e+03
-3.75229e+01 6.30200e+03
-3.74466e+01 5.89780e+03
-3.73704e+01 5.79220e+03
-3.72942e+01 5.50080e+03
-3.72180e+01 6.49700e+03
-3.71419e+01 5.64100e+03
-3.70658e+01 5.14800e+03
-3.69897e+01 5.56460e+03
-3.69136e+01 4.15900e+03
-3.68376e+01 5.46200e+03
-3.67615e+01 6.00520e+03
-3.66855e+01 5.73120e+03
-3.66096e+01 4.48180e+03
-3.65336e+01 4.69200e+03
-3.64577e+01 5.10340e+03
-3.63818e+01 5.81360e+03
-3.63059e+01 5.50340e+03
-3.62301e+01 5.50300e+03
-3.61542e+01 5.32920e+03
-3.60784e+01 5.46600e+03
-3.60027e+01 5.66180e+03
-3.59269e+01 4.71440e+03
-3.58512e+01 5.66200e+03
-3.57755e+01 5.49520e+03
-3.56998e+01 4.92420e+03
-3.56242e+01 5.08220e+03
-3.55485e+01 5.09020e+03
-3.54729e+01 6.00320e+03
-3.53973e+01 5.60920e+03
-3.53218e+01 5.67100e+03
-3.52463e+01 5.15720e+03
-3.51707e+01 5.73300e+03
-3.50953e+01 5.76440e+03
-3.50198e+01 5.63840e+03
-3.49444e+01 5.78320e+03
-3.48690e+01 6.13120e+03
-3.47936e+01 5.57620e+03
-3.47182e+01 5.82980e+03
-3.46429e+01 5.34320e+03
-3.45676e+01 5.00260e+03
-3.44923e+01 5.12900e+03
-3.44170e+01 5.38280e+03
-3.43418e+01 5.12060e+03
-3.42666e+01 5.32300e+03
-3.41914e+01 4.46860e+03
-3.41162e+01 4.17180e+03
-3.40411e+01 4.80820e+03
-3.39660e+01 5.54920e+03
-3.38909e+01 4.24140e+03
-3.38158e+01 5.17520e+03
-3.37408e+01 5.24300e+03
-3.36658e+01 5.74620e+03
-3.35908e+01 5.66020e+03
-3.35158e+01 4.95580e+03
-3.34409e+01 5.05920e+03
-3.33660e+01 5.33540e+03
-3.32911e+01 4.73600e+03
-3.32162e+01 6.59240e+03
-3.31414e+01 6.39020e+03
-3.30665e+01 6.84420e+03
-3.29917e+01 5.64480e+03
-3.29170e+01 5.15220e+03
-3.28422e+01 5.31140e+03
-3.27675e+01 6.38400e+03
-3.26928e+01 7.04440e+03
-3.26181e+01 6.12200e+03
-3.25435e+01 5.82140e+03
-3.24689e+01 5.27620e+03
-3.23943e+01 4.70800e+03
-3.23197e+01 5.99320e+03
-3.22452e+01 6.28100e+03
-3.21706e+01 4.56420e+03
-3.20961e+01 5.54460e+03
-3.20217e+01 5.55580e+03
-3.19472e+01 5.85160e+03
-3.18728e+01 5.59840e+03
-3.17984e+01 4.65260e+03
-3.17240e+01 5.29860e+03
-3.16496e+01 5.07700e+03
-3.15753e+01 5.48540e+03
-3.15010e+01 5.27240e+03
-3.14267e+01 6.71180e+03
-3.13525e+01 6.68300e+03
-3.12782e+01 6.62520e+03
-3.12040e+01 6.02440e+03
-3.11299e+01 6.96240e+03
-3.10557e+01 6.54400e+03
-3.09816e+01 5.37160e+03
-3.09075e+01 5.89440e+03
-3.08334e+01 6.07640e+03
-3.07593e+01 5.20440e+03
-3.06853e+01 5.47420e+03
-3.06113e+01 4.13400e+03
-3.05373e+01 4.64340e+03
-3.04633e+01 4.86260e+03
-3.03894e+01 5.37420e+03
-3.03155e+01 5.57620e+03
-3.02416e+01 5.34720e+03
-3.01677e+01 5.49220e+03
-3.00939e+01 5.33100e+03
-3.00201e+01 4.86880e+03
-2.99463e+01 5.27400e+03
-2.98725e+01 5.93360e+03
-2.97988e+01 5.80260e+03
-2.97251e+01 6.59200e+03
-2.96514e+01 5.45160e+03
-2.95777e+01 5.70260e+03
-2.95041e+01 5.26640e+03
-2.94305e+01 5.58560e+03
-2.93569e+01 5.26500e+03
-2.92833e+01 6.66200e+03
-2.92098e+01 5.47340e+03
-2.91363e+01 5.69420e+03
-2.90628e+01 6.30160e+03
-2.89893e+01 6.31640e+03
-2.89158e+01 5.18000e+03
-2.88424e+01 4.53500e+03
-2.87690e+01 6.21700e+03
-2.86957e+01 5.68840e+03
-2.86223e+01 4.58340e+03
-2.85490e+01 5.48480e+03
-2.84757e+01 6.15940e+03
-2.84024e+01 5.67080e+03
-2.83292e+01 4.84800e+03
-2.82559e+01 5.29100e+03
-2.81827e+01 5.20140e+03
-2.81096e+01 6.23240e+03
-2.80364e+01 5.27240e+03
-2.79633e+01 4.88640e+03
-2.78902e+01 4.76560e+03
-2.78171e+01 4.91800e+03
-2.77441e+01 5.67100e+03
-2.76710e+01 6.45440e+03
-2.75980e+01 5.78080e+03
-2.75251e+01 6.51800e+03
-2.74521e+01 5.81000e+03
-2.73792e+01 5.14080e+03
-2.73063e+01 4.76580e+03
-2.72334e+01 5.30880e+03
-2.71605e+01 5.03500e+03
-2.70877e+01 5.78440e+03
-2.70149e+01 4.40380e+03
-2.69421e+01 4.80440e+03
-2.68694e+01 4.90140e+03
-2.67966e+01 5.84840e+03
-2.67239e+01 5.16000e+03
-2.66512e+01 5.58380e+03
-2.65786e+01 6.25360e+03
-2.65059e+01 4.91960e+03
-2.64333e+01 4.64100e+03
-2.63607e+01 4.72120e+03
-2.62882e+01 4.82220e+03
-2.62156e+01 5.17800e+03
-2.61431e+01 5.12040e+03
-2.60706e+01 4.85060e+03
-2.59982e+01 5.16280e+03
-2.59257e+01 4.82300e+03
-2.58533e+01 6.18840e+03
-2.57809e+01 5.09060e+03
-2.57086e+01 4.43540e+03
-2.56362e+01 4.81100e+03
-2.55639e+01 5.36920e+03
-2.54916e+01 5.74360e+03
-2.54194e+01 5.70100e+03
-2.53471e+01 5.19460e+03
-2.52749e+01 4.82300e+03
-2.52027e+01 4.21160e+03
-2.51305e+01 5.18760e+03
-2.50584e+01 4.69340e+03
-2.49863e+01 5.81120e+03
-2.49142e+01 4.49880e+03
-2.48421e+01 5.10320e+03
-2.47701e+01 4.37540e+03
-2.46980e+01 5.11020e+03
-2.46260e+01 5.27240e+03
-2.45541e+01 4.09120e+03
-2.44821e+01 4.16840e+03
-2.44102e+01 5.86640e+03
-2.43383e+01 5.72100e+03
-2.42664e+01 4.82740e+03
-2.41946e+01 5.37260e+03
-2.41228e+01 6.73840e+03
-2.40510e+01 5.20040e+03
-2.39792e+01 4.41400e+03
-2.39074e+01 4.78900e+03
-2.38357e+01 5.16920e+03
-2.37640e+01 4.76680e+03
-2.36923e+01 5.16420e+03
-2.36207e+01 4.09400e+03
-2.35490e+01 4.52940e+03
-2.34774e+01 3.12960e+03
-2.34059e+01 4.11320e+03
-2.33343e+01 4.22620e+03
-2.32628e+01 5.76180e+03
-2.31913e+01 5.50100e+03
-2.31198e+01 4.95780e+03
-2.30483e+01 4.33020e+03
-2.29769e+01 4.82500e+03
-2.29055e+01 5.07700e+03
-2.28341e+01 5.20920e+03
-2.27627e+01 4.02680e+03
-2.26914e+01 5.28540e+03
-2.26201e+01 4.46160e+03
-2.25488e+01 4.15000e+03
-2.24776e+01 4.80780e+03
-2.24063e+01 6.19920e+03
-2.23351e+01 5.50100e+03
-2.22639e+01 5.99300e+03
-2.21928e+01 4.99440e+03
-2.21216e+01 5.45940e+03
-2.20505e+01 5.46480e+03
-2.19794e+01 4.89500e+03
-2.19084e+01 4.77880e+03
-2.18373e+01 4.47360e+03
-2.17663e+01 4.84160e+03
-2.16953e+01 5.42280e+03
-2.16243e+01 4.66520e+03
-2.15534e+01 4.19140e+03
-2.14825e+01 5.32220e+03
-2.14116e+01 5.19900e+03
-2.13407e+01 3.87660e+03
-2.12699e+01 4.92300e+03
-2.11991e+01 4.49520e+03
-2.11283e+01 3.78520e+03
-2.10575e+01 3.92620e+03
-2.09868e+01 4.54440e+03
-2.09160e+01 3.90220e+03
-2.08453e+01 4.74040e+03
-2.07747e+01 3.87220e+03
-2.07040e+01 4.73860e+03
-2.06334e+01 4.47280e+03
-2.05628e+01 5.67500e+03
-2.04922e+01 5.47780e+03
-2.04217e+01 4.86640e+03
-2.03512e+01 4.93340e+03
-2.02807e+01 4.41900e+03
-2.02102e+01 4.36620e+03
-2.01397e+01 3.86900e+03
-2.00693e+01 4.35240e+03
-1.99989e+01 3.37080e+03
-1.99285e+01 3.26220e+03
-1.98582e+01 4.75340e+03
-1.97878e+01 3.95380e+03
-1.97175e+01 3.94180e+03
-1.96473e+01 4.76460e+03
-1.95770e+01 5.14000e+03
-1.95068e+01 4.41120e+03
-1.94366e+01 5.46880e+03
-1.93664e+01 4.19840e+03
-1.92962e+01 4.48580e+03
-1.92261e+01 4.44640e+03
-1.91560e+01 4.80520e+03
-1.90859e+01 4.00300e+03
-1.90159e+01 4.91500e+03
-1.89458e+01 5.00160e+03
-1.88758e+01 4.67020e+03
-1.88058e+01 4.54940e+03
-1.87359e+01 5.17740e+03
-1.86659e+01 5.44500e+03
-1.85960e+01 3.45020e+03
-1.85261e+01 4.07660e+03
-1.84563e+01 5.23280e+03
-1.83864e+01 5.05780e+03
-1.83166e+01 4.46800e+03
-1.82468e+01 5.89740e+03
-1.81771e+01 4.13660e+03
-1.81073e+01 4.31520e+03
-1.80376e+01 5.11320e+03
-1.79679e+01 4.99860e+03
-1.78983e+01 4.73540e+03
-1.78286e+01 5.07640e+03
-1.77590e+01 5.15780e+03
-1.76894e+01 4.12880e+03
-1.76198e+01 5.08340e+03
-1.75503e+01 4.70400e+03
-1.74808e+01 5.53600e+03
-1.74113e+01 4.48960e+03
-1.73418e+01 4.83580e+03
-1.72724e+01 3.99200e+03
-1.72030e+01 3.81480e+03
-1.71336e+01 4.59840e+03
-1.70642e+01 6.44840e+03
-1.69948e+01 5.39500e+03
-1.69255e+01 5.42280e+03
-1.68562e+01 3.65660e+03
-1.67870e+01 6.62440e+03
-1.67177e+01 4.95420e+03
-1.66485e+01 5.75220e+03
-1.65793e+01 5.95440e+03
-1.65101e+01 5.91900e+03
-1.64410e+01 3.88140e+03
-1.63718e+01 4.17840e+03
-1.63027e+01 5.72760e+03
-1.62337e+01 6.00920e+03
-1.61646e+01 6.29240e+03
-1.60956e+01 6.34120e+03
-1.60266e+01 4.46680e+03
-1.59576e+01 4.68800e+03
-1.58886e+01 5.15940e+03
-1.58197e+01 5.43280e+03
-1.57508e+01 5.10460e+03
-1.56819e+01 6.01280e+03
-1.56131e+01 5.99480e+03
-1.55442e+01 5.80140e+03
-1.54754e+01 4.21980e+03
-1.54067e+01 5.74500e+03
-1.53379e+01 5.16760e+03
-1.52692e+01 4.50140e+03
-1.52005e+01 5.49560e+03
-1.51318e+01 6.11520e+03
-1.50631e+01 4.19440e+03
-1.49945e+01 4.85400e+03
-1.49259e+01 4.61040e+03
-1.48573e+01 5.03780e+03
-1.47887e+01 5.07100e+03
-1.47202e+01 5.47620e+03
-1.46517e+01 5.29260e+03
-1.45832e+01 5.70440e+03
-1.45147e+01 4.60720e+03
-1.44463e+01 6.37120e+03
-1.43779e+01 4.89580e+03
-1.43095e+01 4.94200e+03
-1.42411e+01 4.62140e+03
-1.41728e+01 4.73260e+03
-1.41045e+01 3.95820e+03
-1.40362e+01 5.96620e+03
-1.39679e+01 4.67880e+03
-1.38997e+01 5.25100e+03
-1.38314e+01 4.23860e+03
-1.37633e+01 5.65700e+03
-1.36951e+01 4.86100e+03
-1.36269e+01 6.07700e+03
-1.35588e+01 4.80440e+03
-1.34907e+01 5.91560e+03
-1.34227e+01 4.92320e+03
-1.33546e+01 6.71080e+03
-1.32866e+01 6.29340e+03
-1.32186e+01 5.63800e+03
-1.31506e+01 5.51040e+03
-1.30827e+01 5.29500e+03
-1.30148e+01 4.04780e+03
-1.29469e+01 4.80480e+03
-1.28790e+01 5.59440e+03
-1.28111e+01 5.71180e+03
-1.27433e+01 5.69860e+03
-1.26755e+01 5.20200e+03
-1.26077e+01 5.91220e+03
-1.25400e+01 5.75760e+03
-1.24723e+01 5.12040e+03
-1.24046e+01 6.23340e+03
-1.23369e+01 6.25880e+03
-1.22692e+01 6.65480e+03
-1.22016e+01 6.65640e+03
-1.21340e+01 6.72420e+03
-1.20664e+01 5.87100e+03
-1.19989e+01 5.72140e+03
-1.19313e+01 4.97460e+03
-1.18638e+01 5.69400e+03
-1.17963e+01 6.32300e+03
-1.17289e+01 6.50120e+03
-1.16615e+01 6.03180e+03
-1.15940e+01 4.75840e+03
-1.15267e+01 5.06880e+03
-1.14593e+01 5.66860e+03
-1.13920e+01 5.83600e+03
-1.13247e+01 6.09120e+03
-1.12574e+01 4.91440e+03
-1.11901e+01 4.37020e+03
-1.11229e+01 5.45620e+03
-1.10557e+01 5.81960e+03
-1.09885e+01 5.31120e+03
-1.09213e+01 4.87020e+03
-1.08542e+01 5.51820e+03
-1.07871e+01 5.58380e+03
-1.07200e+01 5.75640e+03
-1.06529e+01 5.37340e+03
-1.05859e+01 5.56100e+03
-1.05189e+01 5.96320e+03
-1.04519e+01 6.22720e+03
-1.03849e+01 5.85080e+03
-1.03180e+01 4.85840e+03
-1.02510e+01 5.61940e+03
-1.01842e+01 4.91900e+03
-1.01173e+01 5.51460e+03
-1.00504e+01 5.19540e+03
-9.98362e+00 4.71400e+03
-9.91683e+00 5.42580e+03
-9.85006e+00 4.53900e+03
-9.78332e+00 5.22060e+03
-9.71660e+00 5.21000e+03
-9.64990e+00 5.34000e+03
-9.58323e+00 4.83320e+03
-9.51658e+00 5.86540e+03
-9.44996e+00 5.77380e+03
-9.38336e+00 5.19800e+03
-9.31679e+00 5.63120e+03
-9.25024e+00 5.00960e+03
-9.18372e+00 5.72080e+03
-9.11722e+00 6.83820e+03
-9.05074e+00 6.98380e+03
-8.98429e+00 6.04700e+03
-8.91787e+00 5.58340e+03
-8.85146e+00 5.69400e+03
-8.78509e+00 5.27120e+03
-8.71874e+00 5.83440e+03
-8.65241e+00 5.48960e+03
-8.58610e+00 6.40220e+03
-8.51983e+00 6.64920e+03
-8.45357e+00 5.40280e+03
-8.38734e+00 5.48220e+03
-8.32114e+00 5.11960e+03
-8.25496e+00 3.24260e+03
-8.18880e+00 5.19580e+03
-8.12267e+00 6.01600e+03
-8.05656e+00 6.48260e+03
-7.99048e+00 5.08440e+03
-7.92442e+00 5.95860e+03
-7.85839e+00 6.33340e+03
-7.79238e+00 6.12860e+03
-7.72640e+00 4.62460e+03
-7.66044e+00 5.74400e+03
-7.59450e+00 6.55360e+03
-7.52859e+00 6.08480e+03
-7.46271e+00 6.72900e+03
-7.39684e+00 5.53300e+03
-7.33101e+00 5.47580e+03
-7.26520e+00 5.21960e+03
-7.19941e+00 5.25860e+03
-7.13364e+00 5.25760e+03
-7.06791e+00 6.43420e+03
-7.00219e+00 5.28480e+03
-6.93650e+00 5.30460e+03
-6.87084e+00 4.90360e+03
-6.80520e+00 5.37680e+03
-6.73958e+00 5.54280e+03
-6.67399e+00 5.26260e+03
-6.60842e+00 4.70020e+03
-6.54288e+00 5.29360e+03
-6.47736e+00 6.12720e+03
-6.41187e+00 5.60100e+03
-6.34640e+00 4.79880e+03
-6.28096e+00 4.18400e+03
-6.21554e+00 4.43860e+03
-6.15014e+00 5.27700e+03
-6.08477e+00 5.24640e+03
-6.01942e+00 5.46700e+03
-5.95410e+00 5.01100e+03
-5.88881e+00 5.41620e+03
-5.82353e+00 5.97060e+03
-5.75828e+00 6.25020e+03
-5.69306e+00 5.32340e+03
-5.62786e+00 5.24020e+03
-5.56269e+00 6.40320e+03
-5.49754e+00 5.57380e+03
-5.43241e+00 4.53980e+03
-5.36731e+00 5.30140e+03
-5.30224e+00 5.07840e+03
-5.23719e+00 5.75720e+03
-5.17216e+00 5.07360e+03
-5.10716e+00 6.52860e+03
-5.04218e+00 5.20360e+03
-4.97722e+00 5.88800e+03
-4.91230e+00 6.25000e+03
-4.84739e+00 5.71520e+03
-4.78251e+00 5.17000e+03
-4.71766e+00 6.07920e+03
-4.65283e+00 6.49080e+03
-4.58802e+00 6.05600e+03
-4.52324e+00 5.86160e+03
-4.45848e+00 6.64160e+03
-4.39375e+00 6.36320e+03
-4.32904e+00 6.77880e+03
-4.26436e+00 6.27360e+03
-4.19970e+00 5.55140e+03
-4.13506e+00 5.17200e+03
-4.07045e+00 4.95240e+03
-4.00587e+00 5.04580e+03
-3.94131e+00 5.13840e+03
-3.87677e+00 5.97380e+03
-3.81226e+00 6.35740e+03
-3.74777e+00 5.68420e+03
-3.68331e+00 6.46320e+03
-3.61887e+00 4.91300e+03
-3.55446e+00 4.86740e+03
-3.49007e+00 6.06760e+03
-3.42571e+00 7.01600e+03
-3.36137e+00 6.02580e+03
-3.29705e+00 6.18180e+03
-3.23276e+00 5.81280e+03
-3.16849e+00 6.61040e+03
-3.10425e+00 6.90740e+03
-3.04004e+00 7.09380e+03
-2.97584e+00 6.56120e+03
-2.91167e+00 7.47840e+03
-2.84753e+00 7.28000e+03
-2.78341e+00 6.32680e+03
-2.71932e+00 6.14960e+03
-2.65525e+00 7.05380e+03
-2.59120e+00 6.64940e+03
-2.52718e+00 6.68860e+03
-2.46319e+00 6.66500e+03
-2.39921e+00 6.60640e+03
-2.33527e+00 7.35400e+03
-2.27134e+00 6.68120e+03
-2.20744e+00 7.97400e+03
-2.14357e+00 6.72540e+03
-2.07972e+00 6.61000e+03
-2.01590e+00 6.53780e+03
-1.95210e+00 7.44800e+03
-1.88832e+00 7.72240e+03
-1.82457e+00 7.74020e+03
-1.76085e+00 6.14820e+03
-1.69714e+00 6.10160e+03
-1.63347e+00 6.87240e+03
-1.56981e+00 7.13780e+03
-1.50619e+00 8.13820e+03
-1.44258e+00 8.40960e+03
-1.37900e+00 7.75700e+03
-1.31545e+00 7.37040e+03
-1.25192e+00 7.72000e+03
-1.18841e+00 8.75900e+03
-1.12493e+00 7.56580e+03
-1.06148e+00 7.88120e+03
-9.98044e-01 8.49740e+03
-9.34637e-01 8.35320e+03
-8.71254e-01 8.39980e+03
-8.07896e-01 9.36500e+03
-7.44562e-01 1.09800e+04
-6.81253e-01 1.07376e+04
-6.17969e-01 1.13820e+04
-5.54708e-01 1.13884e+04
-4.91473e-01 1.36642e+04
-4.28262e-01 1.73908e+04
-3.65076e-01 2.26938e+04
-3.01914e-01 2.84464e+04
-2.38776e-01 3.74184e+04
-1.75664e-01 4.91826e+04
-1.12575e-01 6.25966e+04
-4.95120e-02 7.62888e+04
1.35270e-02 7.71390e+04
7.65420e-02 6.98290e+04
1.39532e-01 5.81488e+04
2.02498e-01 5.51356e+04
2.65439e-01 5.44986e+04
3.28355e-01 6.23264e+04
3.91247e-01 7.46588e+04
4.54115e-01 9.09092e+04
5.16957e-01 1.08219e+05
5.79776e-01 1.34229e+05
6.42569e-01 1.63823e+05
7.05339e-01 1.88557e+05
7.68083e-01 2.11506e+05
8.30803e-01 2.34817e+05
8.93499e-01 2.55181e+05
9.56170e-01 2.63999e+05
1.01882e+00 2.59387e+05
1.08144e+00 2.44355e+05
1.14404e+00 2.39212e+05
1.20661e+00 2.35230e+05
1.26916e+00 2.32570e+05
1.33168e+00 2.38424e+05
1.39418e+00 2.42180e+05
1.45666e+00 2.55540e+05
1.51910e+00 2.65081e+05
1.58153e+00 2.77964e+05
1.64393e+00 2.85327e+05
1.70631e+00 2.88020e+05
1.76866e+00 2.89087e+05
1.83099e+00 2.80733e+05
1.89329e+00 2.73562e+05
1.95557e+00 2.60639e+05
2.01782e+00 2.51545e+05
2.08005e+00 2.41277e+05
2.14226e+00 2.39461e+05
2.20444e+00 2.23915e+05
2.26659e+00 2.08525e+05
2.32872e+00 2.11570e+05
2.39083e+00 2.10178e+05
2.45291e+00 2.09464e+05
2.51497e+00 2.01839e+05
2.57700e+00 1.98402e+05
2.63901e+00 1.92183e+05
2.70100e+00 1.83485e+05
2.76295e+00 1.75787e+05
2.82489e+00 1.67234e+05
2.88680e+00 1.62155e+05
2.94869e+00 1.56187e+05
3.01055e+00 1.47260e+05
3.07238e+00 1.44775e+05
3.13420e+00 1.33232e+05
3.19598e+00 1.26389e+05
3.25775e+00 1.23367e+05
3.31948e+00 1.26466e+05
3.38120e+00 1.23327e+05
3.44289e+00 1.12602e+05
3.50455e+00 1.05766e+05
3.56619e+00 9.95176e+04
3.62781e+00 9.86326e+04
3.68940e+00 9.82706e+04
3.75097e+00 9.38648e+04
3.81251e+00 9.37570e+04
3.87403e+00 8.68128e+04
3.93552e+00 8.58832e+04
3.99699e+00 8.32192e+04
4.05843e+00 7.97418e+04
4.11985e+00 7.49604e+04
4.18125e+00 7.70666e+04
4.24262e+00 7.72082e+04
4.30396e+00 7.59890e+04
4.36528e+00 7.50866e+04
4.42658e+00 7.24648e+04
4.48785e+00 7.02456e+04
4.54910e+00 6.78662e+04
4.61032e+00 6.61798e+04
4.67152e+00 6.55170e+04
4.73270e+00 6.05692e+04
4.79385e+00 6.26230e+04
4.85497e+00 6.59354e+04
4.91607e+00 6.57888e+04
4.97715e+00 6.62930e+04
5.03820e+00 6.21672e+04
5.09922e+00 6.11558e+04
5.16023e+00 6.61038e+04
5.22121e+00 6.38352e+04
5.28216e+00 6.05738e+04
5.34309e+00 6.26390e+04
5.40399e+00 6.34440e+04
5.46487e+00 6.34854e+04
5.52573e+00 6.33254e+04
5.58656e+00 6.38166e+04
5.64736e+00 6.01158e+04
5.70814e+00 5.66044e+04
5.76890e+00 5.54478e+04
5.82963e+00 5.29290e+04
5.89034e+00 5.50094e+04
5.95102e+00 5.24618e+04
6.01168e+00 5.02370e+04
6.07232e+00 5.02336e+04
6.13293e+00 4.94770e+04
6.19351e+00 4.84116e+04
6.25407e+00 4.80694e+04
6.31461e+00 4.86456e+04
6.37512e+00 4.42998e+04
6.43560e+00 4.22828e+04
6.49607e+00 4.07928e+04
6.55650e+00 4.35096e+04
6.61692e+00 4.10490e+04
6.67731e+00 4.24502e+04
6.73767e+00 4.07980e+04
6.79801e+00 4.08734e+04
6.85833e+00 3.81552e+04
6.91862e+00 3.85148e+04
6.97888e+00 3.73692e+04
7.03912e+00 3.76172e+04
7.09934e+00 3.45080e+04
7.15953e+00 3.41564e+04
7.21970e+00 3.44306e+04
7.27984e+00 3.18168e+04
7.33996e+00 3.33030e+04
7.40006e+00 3.31896e+04
7.46013e+00 3.09736e+04
7.52017e+00 3.19984e+04
7.58019e+00 3.11312e+04
7.64019e+00 3.01528e+04
7.70016e+00 3.05124e+04
7.76011e+00 3.30442e+04
7.82003e+00 3.12646e+04
7.87993e+00 2.78564e+04
7.93980e+00 2.90328e+04
7.99965e+00 3.24782e+04
8.05947e+00 3.05804e+04
8.11927e+00 2.98066e+04
8.17905e+00 2.78244e+04
8.23880e+00 2.52266e+04
8.29853e+00 2.50526e+04
8.35823e+00 2.66386e+04
8.41790e+00 2.69538e+04
8.47756e+00 2.63336e+04
8.53718e+00 2.43796e+04
8.59679e+00 2.46582e+04
8.65637e+00 2.74888e+04
8.71592e+00 2.62598e+04
8.77545e+00 2.49954e+04
8.83496e+00 2.34916e+04
8.89444e+00 2.27864e+04
8.95389e+00 2.51810e+04
9.01333e+00 2.45564e+04
9.07273e+00 2.30762e+04
9.13211e+00 2.25388e+04
9.19147e+00 2.32706e+04
9.25081e+00 2.22254e+04
9.31011e+00 2.13842e+04
9.36940e+00 2.01532e+04
9.42866e+00 2.05422e+04
9.48789e+00 2.13638e+04
9.54711e+00 2.07540e+04
9.60629e+00 1.93372e+04
9.66545e+00 2.02140e+04
9.72459e+00 2.01944e+04
9.78370e+00 2.03210e+04
9.84279e+00 2.18688e+04
9.90185e+00 2.11066e+04
9.96089e+00 2.02698e+04
1.00199e+01 1.97046e+04
1.00789e+01 1.79872e+04
1.01379e+01 1.76484e+04
1.01968e+01 2.04142e+04
1.02557e+01 2.17382e+04
1.03146e+01 2.08388e+04
1.03735e+01 2.11726e+04
1.04323e+01 1.97714e+04
1.04911e+01 2.03902e+04
1.05499e+01 2.05688e+04
1.06087e+01 1.97516e+04
1.06674e+01 1.88694e+04
1.07262e+01 2.02670e+04
1.07849e+01 2.03312e+04
1.08435e+01 1.99520e+04
1.09022e+01 2.02424e+04
1.09608e+01 2.07024e+04
1.10194e+01 2.08926e+04
1.10780e+01 2.16014e+04
1.11365e+01 2.01984e+04
1.11950e+01 2.10538e+04
1.12535e+01 2.16588e+04
1.13120e+01 2.12436e+04
1.13705e+01 2.08058e+04
1.14289e+01 2.09098e+04
1.14873e+01 2.15748e+04
1.15457e+01 2.10136e+04
1.16040e+01 2.11106e+04
1.16623e+01 2.13026e+04
1.17206e+01 2.18170e+04
1.17789e+01 2.14888e+04
1.18372e+01 2.18060e+04
1.18954e+01 2.12446e+04
1.19536e+01 2.08972e+04
1.20118e+01 2.33948e+04
1.20700e+01 2.29432e+04
1.21281e+01 2.29934e+04
1.21862e+01 2.53128e+04
1.22443e+01 2.27898e+04
1.23023e+01 2.27620e+04
1.23604e+01 2.24246e+04
1.24184e+01 2.47638e+04
1.24764e+01 2.56578e+04
1.25343e+01 2.69726e+04
1.25922e+01 2.57666e+04
1.26502e+01 2.48976e+04
1.27080e+01 2.59612e+04
1.27659e+01 2.86712e+04
1.28237e+01 2.99346e+04
1.28815e+01 2.68190e+04
1.29393e+01 2.80556e+04
1.29971e+01 2.77614e+04
1.30548e+01 2.68372e+04
1.31126e+01 2.86298e+04
1.31702e+01 3.07954e+04
1.32279e+01 3.06878e+04
1.32855e+01 2.85598e+04
1.33432e+01 2.92344e+04
1.34008e+01 2.94226e+04
1.34583e+01 3.09136e+04
1.35159e+01 3.39360e+04
1.35734e+01 3.25760e+04
1.36309e+01 3.27746e+04
1.36883e+01 3.42506e+04
1.37458e+01 3.27000e+04
1.38032e+01 3.30788e+04
1.38606e+01 3.07440e+04
1.39180e+01 3.27906e+04
1.39753e+01 3.44402e+04
1.40326e+01 3.47376e+04
1.40899e+01 3.49958e+04
1.41472e+01 3.76860e+04
1.42044e+01 3.91648e+04
1.42617e+01 3.83842e+04
1.43189e+01 3.82054e+04
1.43760e+01 3.90106e+04
1.44332e+01 3.99702e+04
1.44903e+01 3.95728e+04
1.45474e+01 4.01108e+04
1.46045e+01 4.00990e+04
1.46615e+01 4.18812e+04
1.47186e+01 4.39960e+04
1.47756e+01 4.35630e+04
1.48326e+01 4.28754e+04
1.48895e+01 4.58056e+04
1.49464e+01 5.11212e+04
1.50033e+01 5.00552e+04
1.50602e+01 5.10484e+04
1.51171e+01 4.60324e+04
1.51739e+01 4.93582e+04
1.52307e+01 5.35290e+04
1.52875e+01 5.66122e+04
1.53442e+01 5.66012e+04
1.54010e+01 5.48230e+04
1.54577e+01 5.71200e+04
1.55144e+01 6.11708e+04
1.55710e+01 5.91190e+04
1.56277e+01 6.00896e+04
1.56843e+01 6.27218e+04
1.57409e+01 6.41584e+04
1.57974e+01 6.35206e+04
1.58539e+01 6.49356e+04
1.59105e+01 7.02844e+04
1.59669e+01 7.76648e+04
1.60234e+01 7.83218e+04
1.60798e+01 7.73788e+04
1.61363e+01 7.60356e+04
1.61926e+01 7.43702e+04
1.62490e+01 7.49534e+04
1.63054e+01 7.82798e+04
1.63617e+01 8.39982e+04
1.64180e+01 8.89592e+04
1.64742e+01 8.94814e+04
1.65305e+01 8.64818e+04
1.65867e+01 8.70998e+04
1.66429e+01 8.98204e+04
1.66990e+01 9.19668e+04
1.67552e+01 1.00118e+05
1.68113e+01 1.01268e+05
1.68674e+01 9.77140e+04
1.69235e+01 9.75492e+04
1.69795e+01 1.03236e+05
1.70355e+01 1.09090e+05
1.70915e+01 1.11009e+05
1.71475e+01 1.15578e+05
1.72034e+01 1.21610e+05
1.72594e+01 1.25204e+05
1.73153e+01 1.25092e+05
1.73711e+01 1.30251e+05
1.74270e+01 1.36249e+05
1.74828e+01 1.42548e+05
1.75386e+01 1.51454e+05
1.75944e+01 1.56860e+05
1.76501e+01 1.56859e+05
1.77059e+01 1.63561e+05
1.77616e+01 1.70294e+05
1.78172e+01 1.78239e+05
1.78729e+01 1.84861e+05
1.79285e+01 1.88016e+05
1.79841e+01 1.97865e+05
1.80397e+01 2.09153e+05
1.80953e+01 2.18836e+05
1.81508e+01 2.23449e+05
1.82063e+01 2.35923e+05
1.82618e+01 2.46754e+05
1.83172e+01 2.47211e+05
1.83727e+01 2.52796e+05
1.84281e+01 2.58445e+05
1.84834e+01 2.66637e+05
1.85388e+01 2.68135e+05
1.85941e+01 2.59360e+05
1.86494e+01 2.53347e+05
1.87047e+01 2.45579e+05
1.87600e+01 2.33968e+05
1.88152e+01 2.18614e+05
1.88704e+01 1.98957e+05
1.89256e+01 1.93105e+05
1.89808e+01 1.82277e+05
1.90359e+01 1.69553e+05
1.90910e+01 1.58610e+05
1.91461e+01 1.44562e+05
1.92012e+01 1.28944e+05
1.92562e+01 1.16696e+05
1.93112e+01 1.09373e+05
1.93662e+01 9.75350e+04
1.94212e+01 9.17128e+04
1.94761e+01 8.88454e+04
1.95310e+01 8.24458e+04
1.95859e+01 7.49360e+04
1.96408e+01 7.29520e+04
1.96956e+01 7.36334e+04
1.97505e+01 7.06110e+04
1.98053e+01 6.39480e+04
1.98600e+01 6.37946e+04
1.99148e+01 6.16854e+04
1.99695e+01 6.21990e+04
2.00242e+01 6.50690e+04
2.00789e+01 6.80232e+04
2.01335e+01 6.52834e+04
2.01881e+01 6.42272e+04
2.02427e+01 6.30642e+04
2.02973e+01 6.25786e+04
2.03518e+01 6.70188e+04
2.04064e+01 7.04204e+04
2.04609e+01 7.34448e+04
2.05153e+01 7.38562e+04
2.05698e+01 7.53428e+04
2.06242e+01 7.68528e+04
2.06786e+01 7.49550e+04
2.07330e+01 7.73464e+04
2.07873e+01 7.93716e+04
2.08417e+01 8.08670e+04
2.08960e+01 7.71124e+04
2.09502e+01 7.35482e+04
2.10045e+01 7.57764e+04
2.10587e+01 7.87382e+04
2.11129e+01 7.54388e+04
2.11671e+01 7.68874e+04
2.12213e+01 8.03430e+04
2.12754e+01 8.34614e+04
2.13295e+01 7.92390e+04
2.13836e+01 7.50452e+04
2.14376e+01 7.63448e+04
2.14917e+01 7.97402e+04
2.15457e+01 8.14880e+04
2.15997e+01 8.19062e+04
2.16536e+01 8.02340e+04
2.17076e+01 8.59540e+04
2.17615e+01 8.73836e+04
2.18154e+01 8.27066e+04
2.18692e+01 7.80140e+04
2.19231e+01 7.90726e+04
2.19769e+01 8.20910e+04
2.20307e+01 8.35056e+04
2.20844e+01 8.19484e+04
2.21382e+01 8.03386e+04
2.21919e+01 8.10114e+04
2.22456e+01 8.64578e+04
2.22992e+01 8.46448e+04
2.23529e+01 8.13470e+04
2.24065e+01 7.65944e+04
2.24601e+01 8.00796e+04
2.25136e+01 8.26162e+04
2.25672e+01 8.28172e+04
2.26207e+01 8.10080e+04
2.26742e+01 8.27834e+04
2.27277e+01 8.19866e+04
2.27811e+01 7.95056e+04
2.28345e+01 7.95928e+04
2.28879e+01 7.83564e+04
2.29413e+01 7.25560e+04
2.29946e+01 7.13880e+04
2.30479e+01 7.14092e+04
2.31012e+01 7.18008e+04
2.31545e+01 7.18882e+04
2.32078e+01 7.11982e+04
2.32610e+01 7.18980e+04
2.33142e+01 7.01924e+04
2.33674e+01 6.85484e+04
2.34205e+01 6.57032e+04
2.34736e+01 6.28866e+04
2.35267e+01 6.59438e+04
2.35798e+01 6.35218e+04
2.36329e+01 6.23874e+04
2.36859e+01 6.15472e+04
2.37389e+01 5.93548e+04
2.37919e+01 5.57230e+04
2.38448e+01 5.95402e+04
2.38977e+01 5.56026e+04
2.39506e+01 5.43042e+04
2.40035e+01 5.10058e+04
2.40564e+01 4.94124e+04
2.41092e+01 4.78506e+04
2.41620e+01 4.67398e+04
2.42148e+01 5.03436e+04
2.42675e+01 4.96440e+04
2.43203e+01 4.96352e+04
2.43730e+01 4.65364e+04
2.44257e+01 4.47788e+04
2.44783e+01 4.77336e+04
2.45310e+01 4.61680e+04
2.45836e+01 4.29622e+04
2.46362e+01 4.33186e+04
2.46887e+01 4.43150e+04
2.47413e+01 4.01794e+04
2.47938e+01 4.01084e+04
2.48462e+01 4.01438e+04
2.48987e+01 3.73122e+04
2.49511e+01 3.70558e+04
2.50036e+01 3.56690e+04
2.50559e+01 3.44664e+04
2.51083e+01 3.47046e+04
2.51607e+01 3.43608e+04
2.52130e+01 3.14282e+04
2.52653e+01 3.17156e+04
2.53175e+01 3.35350e+04
2.53698e+01 3.27746e+04
2.54220e+01 3.02790e+04
2.54742e+01 3.00270e+04
2.55263e+01 3.08994e+04
2.55785e+01 2.98160e+04
2.56306e+01 2.80514e+04
2.56827e+01 2.87242e+04
2.57348e+01 2.84076e+04
2.57868e+01 2.74928e+04
2.58388e+01 2.61248e+04
2.58908e+01 2.72116e+04
2.59428e+01 2.52438e+04
2.59947e+01 2.60936e+04
2.60467e+01 2.58988e+04
2.60986e+01 2.58820e+04
2.61504e+01 2.49594e+04
2.62023e+01 2.60572e+04
2.62541e+01 2.63398e+04
2.63059e+01 2.22042e+04
2.63577e+01 2.22400e+04
2.64094e+01 2.11152e+04
2.64612e+01 2.16544e+04
2.65129e+01 2.25404e+04
2.65645e+01 2.41282e+04
2.66162e+01 2.36872e+04
2.66678e+01 2.28042e+04
2.67194e+01 2.30848e+04
2.67710e+01 2.19386e+04
2.68225e+01 2.20694e+04
2.68741e+01 2.04892e+04
2.69256e+01 2.04568e+04
2.69771e+01 2.11350e+04
2.70285e+01 2.11600e+04
2.70799e+01 2.28998e+04
2.71314e+01 2.12796e+04
2.71827e+01 2.03784e+04
2.72341e+01 1.96236e+04
2.72854e+01 1.93694e+04
2.73367e+01 1.95652e+04
2.73880e+01 1.98926e+04
2.74393e+01 1.76246e+04
2.74905e+01 1.72660e+04
2.75417e+01 1.69130e+04
2.75929e+01 1.88200e+04
2.76441e+01 1.82332e+04
2.76952e+01 1.79896e+04
2.77463e+01 1.67894e+04
2.77974e+01 1.69108e+04
2.78485e+01 1.74338e+04
2.78995e+01 1.85882e+04
2.79505e+01 1.60918e+04
2.80015e+01 1.66476e+04
2.80525e+01 1.64620e+04
2.81034e+01 1.61578e+04
2.81543e+01 1.60688e+04
2.82052e+01 1.65606e+04
2.82561e+01 1.66584e+04
2.83069e+01 1.58386e+04
2.83578e+01 1.48106e+04
2.84085e+01 1.46992e+04
2.84593e+01 1.42864e+04
2.85101e+01 1.55212e+04
2.85608e+01 1.47822e+04
2.86115e+01 1.46992e+04
2.86621e+01 1.50850e+04
2.87128e+01 1.42190e+04
2.87634e+01 1.59402e+04
2.88140e+01 1.56980e+04
2.88646e+01 1.40266e+04
2.89151e+01 1.26488e+04
2.89656e+01 1.17482e+04
2.90161e+01 1.23548e+04
2.90666e+01 1.27868e+04
2.91171e+01 1.21538e+04
2.91675e+01 1.33388e+04
2.92179e+01 1.52168e+04
2.92683e+01 1.41882e+04
2.93186e+01 1.47104e+04
2.93689e+01 1.50368e+04
2.94193e+01 1.49888e+04
2.94695e+01 1.47240e+04
2.95198e+01 1.50378e+04
2.95700e+01 1.53702e+04
2.96202e+01 1.30800e+04
2.96704e+01 1.40302e+04
2.97205e+01 1.37654e+04
2.97707e+01 1.36594e+04
2.98208e+01 1.32992e+04
2.98709e+01 1.27360e+04
2.99209e+01 1.35280e+04
2.99710e+01 1.28026e+04
3.00210e+01 1.27738e+04
3.00709e+01 1.43314e+04
3.01209e+01 1.39370e+04
3.01708e+01 1.35550e+04
3.02207e+01 1.32898e+04
3.02706e+01 1.43668e+04
3.03205e+01 1.29374e+04
3.03703e+01 1.40930e+04
3.04201e+01 1.44130e+04
3.04699e+01 1.33024e+04
3.05197e+01 1.32908e+04
3.05694e+01 1.37996e+04
3.06191e+01 1.20176e+04
3.06688e+01 1.21144e+04
3.07185e+01 1.11012e+04
3.07681e+01 1.27038e+04
3.08178e+01 1.37466e+04
3.08673e+01 1.33696e+04
3.09169e+01 1.37466e+04
3.09664e+01 1.37506e+04
3.10160e+01 1.45108e+04
3.10655e+01 1.35444e+04
3.11149e+01 1.31430e+04
3.11644e+01 1.38920e+04
3.12138e+01 1.56942e+04
3.12632e+01 1.35662e+04
3.13126e+01 1.23668e+04
3.13619e+01 1.15114e+04
3.14112e+01 1.13798e+04
3.14605e+01 1.28972e+04
3.15098e+01 1.18206e+04
3.15590e+01 1.28530e+04
3.16083e+01 1.29800e+04
3.16575e+01 1.17986e+04
3.17066e+01 1.26004e+04
3.17558e+01 1.21332e+04
3.18049e+01 1.26024e+04
3.18540e+01 1.34286e+04
3.19031e+01 1.11796e+04
3.19521e+01 1.25558e+04
3.20011e+01 1.30836e+04
3.20502e+01 1.38738e+04
3.20991e+01 1.42750e+04
3.21481e+01 1.25570e+04
3.21970e+01 1.19142e+04
3.22459e+01 1.30430e+04
3.22948e+01 1.21896e+04
3.23436e+01 1.17656e+04
3.23925e+01 1.13776e+04
3.24413e+01 1.11054e+04
3.24901e+01 1.34856e+04
3.25388e+01 1.12632e+04
3.25875e+01 9.44700e+03
3.26363e+01 1.10280e+04
3.26849e+01 1.34982e+04
3.27336e+01 1.27588e+04
3.27822e+01 1.42178e+04
3.28308e+01 1.39408e+04
3.28794e+01 1.34966e+04
3.29280e+01 1.14402e+04
3.29765e+01 1.06362e+04
3.30250e+01 1.12256e+04
3.30735e+01 1.18068e+04
3.31220e+01 1.21528e+04
3.31704e+01 1.17496e+04
3.32188e+01 1.38162e+04
3.32672e+01 1.30944e+04
3.33156e+01 1.38234e+04
3.33639e+01 1.29382e+04
3.34122e+01 1.24802e+04
3.34605e+01 1.18456e+04
3.35088e+01 1.16136e+04
3.35570e+01 1.12948e+04
3.36052e+01 1.06730e+04
3.36534e+01 9.95320e+03
3.37016e+01 1.12868e+04
3.37497e+01 1.05920e+04
3.37979e+01 1.08250e+04
3.38460e+01 1.13210e+04
3.38940e+01 1.06974e+04
3.39421e+01 1.10794e+04
3.39901e+01 1.14188e+04
3.40381e+01 1.09242e+04
3.40861e+01 1.07664e+04
3.41340e+01 1.03510e+04
3.41819e+01 1.09248e+04
3.42298e+01 1.10336e+04
3.42777e+01 1.16432e+04
3.43255e+01 1.19894e+04
3.43734e+01 1.32476e+04
3.44212e+01 1.17894e+04
3.44689e+01 1.20028e+04
3.45167e+01 1.40550e+04
3.45644e+01 1.34942e+04
3.46121e+01 1.31864e+04
3.46598e+01 1.36920e+04
3.47074e+01 1.06224e+04
3.47551e+01 1.09254e+04
3.48027e+01 1.14666e+04
3.48503e+01 1.11062e+04
3.48978e+01 1.35832e+04
3.49453e+01 1.31924e+04
3.49928e+01 1.33068e+04
3.50403e+01 1.21640e+04
3.50878e+01 1.40892e+04
3.51352e+01 1.38860e+04
3.51826e+01 1.38066e+04
3.52300e+01 1.51822e+04
3.52773e+01 1.54930e+04
3.53247e+01 1.51024e+04
3.53720e+01 1.64334e+04
3.54193e+01 1.72664e+04
3.54665e+01 1.59626e+04
3.55138e+01 1.40004e+04
3.55610e+01 1.55062e+04
3.56082e+01 1.60762e+04
3.56553e+01 1.51784e+04
3.57025e+01 1.48664e+04
3.57496e+01 1.66812e+04
3.57967e+01 1.68420e+04
3.58437e+01 1.86504e+04
3.58908e+01 1.77506e+04
3.59378e+01 1.71390e+04
3.59848e+01 1.66038e+04
3.60317e+01 1.66292e+04
3.60787e+01 1.82852e+04
3.61256e+01 2.04732e+04
3.61725e+01 2.01444e+04
3.62193e+01 1.95888e+04
3.62662e+01 1.73308e+04
3.63130e+01 1.69744e+04
3.63598e+01 1.66938e+04
3.64066e+01 1.84632e+04
3.64533e+01 1.75236e+04
3.65000e+01 1.86138e+04
3.65467e+01 1.73982e+04
3.65934e+01 1.59572e+04
3.66400e+01 1.62072e+04
3.66867e+01 1.66136e+04
3.67333e+01 1.52120e+04
3.67798e+01 1.46484e+04
3.68264e+01 1.54262e+04
3.68729e+01 1.57210e+04
3.69194e+01 1.45778e+04
3.69659e+01 1.52134e+04
3.70123e+01 1.39564e+04
3.70587e+01 1.60892e+04
3.71051e+01 1.52528e+04
3.71515e+01 1.36968e+04
3.71979e+01 1.42168e+04
3.72442e+01 1.57386e+04
3.72905e+01 1.53046e+04
3.73368e+01 1.66444e+04
3.73830e+01 1.55852e+04
3.74293e+01 1.60630e+04
3.74755e+01 1.54252e+04
3.75216e+01 1.53806e+04
3.75678e+01 1.62918e+04
3.76139e+01 1.45792e+04
3.76600e+01 1.59588e+04
3.77061e+01 1.70804e+04
3.77522e+01 1.66194e+04
3.77982e+01 1.43660e+04
3.78442e+01 1.61268e+04
3.78902e+01 1.81844e+04
3.79361e+01 1.48034e+04
3.79821e+01 1.46852e+04
3.80280e+01 1.48354e+04
3.80739e+01 1.44992e+04
3.81197e+01 1.35954e+04
3.81656e+01 1.49618e+04
3.82114e+01 1.48386e+04
3.82572e+01 1.44844e+04
3.83029e+01 1.47070e+04
3.83487e+01 1.48940e+04
3.83944e+01 1.54846e+04
3.84401e+01 1.50890e+04
3.84857e+01 1.64000e+04
3.85314e+01 1.51966e+04
3.85770e+01 1.46958e+04
3.86226e+01 1.55878e+04
3.86681e+01 1.46964e+04
3.87137e+01 1.60394e+04
3.87592e+01 1.68246e+04
3.88047e+01 1.50452e+04
3.88502e+01 1.49796e+04
3.88956e+01 1.53612e+04
3.89410e+01 1.66624e+04
3.89864e+01 1.57784e+04
3.90318e+01 1.55238e+04
3.90771e+01 1.58110e+04
3.91225e+01 1.58886e+04
3.91677e+01 1.52512e+04
3.92130e+01 1.40516e+04
3.92583e+01 1.34016e+04
3.93035e+01 1.34898e+04
3.93487e+01 1.37844e+04
3.93939e+01 1.51208e+04
3.94390e+01 1.37030e+04
3.94841e+01 1.29020e+04
3.95292e+01 1.22522e+04
3.95743e+01 1.40434e+04
3.96194e+01 1.57936e+04
3.96644e+01 1.74052e+04
3.97094e+01 1.45870e+04
3.97544e+01 1.38160e+04
3.97993e+01 1.24558e+04
3.98442e+01 1.60486e+04
3.98891e+01 1.49936e+04
3.99340e+01 1.58982e+04
3.99789e+01 1.41982e+04
4.00237e+01 1.65374e+04
4.00685e+01 1.35616e+04
4.01133e+01 1.33740e+04
4.01580e+01 1.28716e+04
4.02028e+01 1.52276e+04
4.02475e+01 1.35546e+04
4.02922e+01 1.34108e+04
4.03368e+01 1.25186e+04
4.03815e+01 1.35922e+04
4.04261e+01 1.41260e+04
4.04706e+01 1.35942e+04
4.05152e+01 1.38548e+04
4.05597e+01 1.39240e+04
4.06043e+01 1.39996e+04
4.06487e+01 1.50452e+04
4.06932e+01 1.37916e+04
4.07376e+01 1.55590e+04
4.07821e+01 1.52866e+04
4.08264e+01 1.37430e+04
4.08708e+01 1.32986e+04
4.09151e+01 1.46070e+04
4.09595e+01 1.45050e+04
4.10037e+01 1.57662e+04
4.10480e+01 1.45024e+04
4.10923e+01 1.21502e+04
4.11365e+01 1.10586e+04
4.11807e+01 1.35402e+04
4.12248e+01 1.27960e+04
4.12690e+01 1.49236e+04
4.13131e+01 1.36886e+04
4.13572e+01 1.39890e+04
4.14012e+01 1.41594e+04
4.14453e+01 1.30658e+04
4.14893e+01 1.29490e+04
4.15333e+01 1.34966e+04
4.15773e+01 1.33568e+04
4.16212e+01 1.31334e+04
4.16651e+01 1.57140e+04
4.17090e+01 1.54718e+04
4.17529e+01 1.54424e+04
4.17968e+01 1.52650e+04
4.18406e+01 1.61558e+04
4.18844e+01 1.49360e+04
4.19282e+01 1.47886e+04
4.19719e+01 1.52566e+04
4.20156e+01 1.55766e+04
4.20593e+01 1.52540e+04
4.21030e+01 1.46774e+04
4.21467e+01 1.46126e+04
4.21903e+01 1.55566e+04
4.22339e+01 1.45634e+04
4.22775e+01 1.28096e+04
4.23210e+01 1.46680e+04
4.23646e+01 1.44912e+04
4.24081e+01 1.39972e+04
4.24515e+01 1.34208e+04
4.24950e+01 1.38014e+04
4.25384e+01 1.47502e+04
4.25818e+01 1.57962e+04
4.26252e+01 1.70726e+04
4.26686e+01 1.75426e+04
4.27119e+01 1.71642e+04
4.27552e+01 1.38056e+04
4.27985e+01 1.39552e+04
4.28417e+01 1.47194e+04
4.28850e+01 1.66434e+04
4.29282e+01 1.56692e+04
4.29714e+01 1.53046e+04
4.30145e+01 1.49648e+04
4.30577e+01 1.49594e+04
4.31008e+01 1.42264e+04
4.31439e+01 1.54784e+04
4.31869e+01 1.44692e+04
4.32300e+01 1.48744e+04
4.32730e+01 1.58456e+04
4.33160e+01 1.58730e+04
4.33589e+01 1.46620e+04
4.34019e+01 1.50308e+04
4.34448e+01 1.40400e+04
4.34877e+01 1.67474e+04
4.35306e+01 1.40000e+04
4.35734e+01 1.57942e+04
4.36162e+01 1.66312e+04
4.36590e+01 1.70860e+04
4.37018e+01 1.74960e+04
4.37445e+01 1.47080e+04
4.37872e+01 1.46360e+04
4.38299e+01 1.50150e+04
4.38726e+01 1.36450e+04
4.39152e+01 1.29300e+04
4.39579e+01 1.18050e+04
4.40005e+01 1.26436e+04
4.40430e+01 1.28874e+04
4.40856e+01 1.22266e+04
4.41281e+01 1.20764e+04
4.41706e+01 1.50084e+04
4.42131e+01 1.45164e+04
4.42555e+01 1.20258e+04
4.42979e+01 1.24764e+04
4.43403e+01 1.23532e+04
4.43827e+01 1.08482e+04
4.44251e+01 1.17894e+04
4.44674e+01 1.04042e+04
4.45097e+01 1.14452e+04
4.45520e+01 1.14184e+04
4.45942e+01 1.17122e+04
4.46365e+01 1.04196e+04
4.46787e+01 1.01174e+04
4.47208e+01 1.16218e+04
4.47630e+01 1.16614e+04
4.48051e+01 1.15716e+04
4.48472e+01 1.17902e+04
4.48893e+01 1.16340e+04
4.49314e+01 1.05844e+04
4.49734e+01 1.18904e+04
4.50154e+01 1.00742e+04
4.50574e+01 1.02786e+04
4.50994e+01 9.99840e+03
4.51413e+01 1.09278e+04
4.51832e+01 8.87400e+03
4.52251e+01 1.01954e+04
4.52669e+01 1.13768e+04
4.53088e+01 1.04514e+04
4.53506e+01 8.39000e+03
4.53924e+01 9.54220e+03
4.54341e+01 9.04080e+03
4.54759e+01 8.92320e+03
4.55176e+01 9.52940e+03
4.55593e+01 1.05494e+04
4.56009e+01 1.16404e+04
4.56426e+01 1.14068e+04
4.56842e+01 9.01660e+03
4.57258e+01 8.34580e+03
4.57673e+01 7.17240e+03
4.58089e+01 9.98760e+03
4.58504e+01 1.01348e+04
4.58919e+01 1.01730e+04
4.59334e+01 8.41700e+03
4.59748e+01 1.03090e+04
4.60162e+01 1.10018e+04
4.60576e+01 9.68420e+03
4.60990e+01 8.76840e+03
4.61403e+01 1.03952e+04
4.61816e+01 8.22480e+03
4.62229e+01 8.79220e+03
4.62642e+01 8.10040e+03
4.63055e+01 8.07560e+03
4.63467e+01 9.43360e+03
4.63879e+01 9.73560e+03
4.64291e+01 9.43240e+03
4.64702e+01 9.30920e+03
4.65113e+01 8.48740e+03
4.65524e+01 9.31040e+03
4.65935e+01 9.03460e+03
4.66345e+01 8.96380e+03
4.66756e+01 7.33940e+03
4.67166e+01 8.37340e+03
4.67576e+01 9.54560e+03
4.67985e+01 9.09620e+03
4.68394e+01 9.09880e+03
4.68803e+01 1.03098e+04
4.69212e+01 1.01664e+04
4.69621e+01 9.21900e+03
4.70029e+01 9.21660e+03
4.70437e+01 9.77560e+03
4.70845e+01 9.40200e+03
4.71252e+01 9.36760e+03
4.71660e+01 8.10360e+03
4.72067e+01 8.98740e+03
4.72474e+01 9.75600e+03
4.72880e+01 8.29580e+03
4.73286e+01 8.90160e+03
4.73693e+01 1.06764e+04
4.74098e+01 8.91120e+03
4.74504e+01 1.02016e+04
4.74909e+01 1.04662e+04
4.75314e+01 8.69400e+03
4.75719e+01 8.79060e+03
4.76124e+01 9.91200e+03
4.76528e+01 1.00522e+04
4.76932e+01 8.43260e+03
4.77336e+01 7.91220e+03
4.77740e+01 9.77660e+03
4.78143e+01 1.01760e+04
4.78546e+01 9.75260e+03
4.78949e+01 9.32540e+03
4.79352e+01 1.15682e+04
4.79754e+01 1.01556e+04
4.80157e+01 8.81280e+03
4.80558e+01 9.04040e+03
4.80960e+01 1.02000e+04
4.81362e+01 1.12300e+04
4.81763e+01 1.19430e+04
4.82164e+01 9.77940e+03
4.82564e+01 9.50640e+03
4.82965e+01 9.21600e+03
4.83365e+01 9.38980e+03
4.83765e+01 9.64860e+03
4.84165e+01 9.47940e+03
4.84564e+01 9.54160e+03
4.84963e+01 1.00216e+04
4.85362e+01 8.68640e+03
4.85761e+01 9.20740e+03
4.86159e+01 1.06674e+04
4.86558e+01 1.10018e+04
4.86956e+01 8.96240e+03
4.87353e+01 1.01238e+04
4.87751e+01 9.85940e+03
4.88148e+01 9.18220e+03
4.88545e+01 8.08580e+03
4.88942e+01 8.00120e+03
4.89338e+01 8.92740e+03
4.89735e+01 1.17912e+04
4.90131e+01 1.04950e+04
4.90526e+01 1.00576e+04
4.90922e+01 9.10400e+03
4.91317e+01 8.65580e+03
4.91712e+01 8.49200e+03
4.92107e+01 1.11906e+04
4.92502e+01 1.23812e+04
4.92896e+01 1.11250e+04
4.93290e+01 9.14940e+03
4.93684e+01 8.44820e+03
4.94077e+01 9.59720e+03
4.94471e+01 9.87120e+03
4.94864e+01 1.08422e+04
4.95257e+01 1.23886e+04
4.95649e+01 1.09634e+04
4.96042e+01 9.74400e+03
4.96434e+01 9.45880e+03
4.96826e+01 8.69040e+03
4.97217e+01 8.59560e+03
4.97609e+01 8.74280e+03
4.98000e+01 8.62780e+03
4.98390e+01 9.10460e+03
4.98781e+01 7.72180e+03
4.99171e+01 7.65260e+03
4.99562e+01 9.88180e+03
4.99952e+01 8.72120e+03
5.00341e+01 9.16820e+03
5.00731e+01 8.93060e+03
5.01120e+01 1.04616e+04
5.01509e+01 9.71020e+03
5.01897e+01 1.01400e+04
5.02286e+01 1.04374e+04
5.02674e+01 1.07782e+04
5.03062e+01 1.01778e+04
5.03449e+01 8.66580e+03
5.03837e+01 8.51420e+03
5.04224e+01 7.99860e+03
5.04611e+01 8.28920e+03
5.04998e+01 1.13012e+04
5.05384e+01 1.06790e+04
5.05770e+01 1.01968e+04
5.06156e+01 9.05300e+03
5.06542e+01 8.58280e+03
5.06928e+01 8.91380e+03
5.07313e+01 9.65320e+03
5.07698e+01 1.01962e+04
5.08082e+01 1.05078e+04
5.08467e+01 8.57100e+03
5.08851e+01 9.97980e+03
5.09235e+01 9.71200e+03
5.09619e+01 8.34080e+03
5.10002e+01 9.15740e+03
5.10386e+01 8.15420e+03
5.10769e+01 7.92920e+03
5.11151e+01 9.32120e+03
5.11534e+01 9.26860e+03
5.11916e+01 8.50980e+03
5.12298e+01 9.10760e+03
5.12680e+01 9.29180e+03
5.13062e+01 8.77900e+03
5.13443e+01 8.47180e+03
5.13824e+01 9.29820e+03
5.14205e+01 1.12872e+04
5.14585e+01 1.08104e+04
5.14966e+01 9.57220e+03
5.15346e+01 7.02880e+03
5.15726e+01 7.80140e+03
5.16105e+01 7.69620e+03
5.16484e+01 8.77960e+03
5.16864e+01 1.00368e+04
5.17242e+01 1.07040e+04
5.17621e+01 8.20900e+03
5.17999e+01 5.74120e+03
5.18377e+01 7.11740e+03
5.18755e+01 9.78540e+03
5.19133e+01 9.65440e+03
5.19510e+01 9.56700e+03
5.19887e+01 9.89900e+03
5.20264e+01 9.06500e+03
5.20641e+01 8.02280e+03
5.21017e+01 7.81480e+03
5.21393e+01 8.12720e+03
5.21769e+01 8.30760e+03
5.22145e+01 8.19120e+03
5.22520e+01 8.06200e+03
5.22896e+01 8.27040e+03
5.23271e+01 8.34440e+03
5.23645e+01 8.56340e+03
5.24020e+01 8.41140e+03
5.24394e+01 8.21460e+03
5.24768e+01 7.35020e+03
5.25141e+01 6.72320e+03
5.25515e+01 8.09480e+03
5.25888e+01 8.55620e+03
5.26261e+01 7.53360e+03
5.26634e+01 6.85260e+03
5.27006e+01 7.09100e+03
5.27378e+01 8.76620e+03
5.27750e+01 7.83700e+03
5.28122e+01 8.68460e+03
5.28494e+01 7.95160e+03
5.28865e+01 8.33760e+03
5.29236e+01 7.32880e+03
5.29607e+01 7.93520e+03
5.29977e+01 7.21520e+03
5.30347e+01 7.56040e+03
5.30717e+01 7.68120e+03
5.31087e+01 6.60420e+03
5.31457e+01 8.76740e+03
5.31826e+01 7.58140e+03
5.32195e+01 8.18380e+03
5.32564e+01 8.04280e+03
5.32932e+01 8.45220e+03
5.33301e+01 9.03740e+03
5.33669e+01 7.00300e+03
5.34036e+01 7.72320e+03
5.34404e+01 7.63540e+03
5.34771e+01 7.40780e+03
5.35138e+01 7.47740e+03
5.35505e+01 5.78060e+03
5.35872e+01 7.44060e+03
5.36238e+01 6.21860e+03
5.36604e+01 6.45620e+03
5.36970e+01 7.30180e+03
5.37336e+01 6.95940e+03
5.37701e+01 6.39380e+03
5.38066e+01 6.85080e+03
5.38431e+01 8.14100e+03
5.38795e+01 8.07620e+03
5.39160e+01 7.89200e+03
5.39524e+01 6.86840e+03
5.39888e+01 6.50180e+03
5.40251e+01 7.13160e+03
5.40615e+01 7.80860e+03
5.40978e+01 9.89060e+03
5.41341e+01 8.21960e+03
5.41703e+01 7.91760e+03
5.42066e+01 8.33620e+03
5.42428e+01 8.21600e+03
5.42790e+01 7.15520e+03
5.43152e+01 8.43940e+03
5.43513e+01 8.01260e+03
5.43874e+01 8.00160e+03
5.44235e+01 7.25940e+03
5.44596e+01 6.60540e+03
5.44956e+01 7.84180e+03
5.45316e+01 7.70400e+03
5.45676e+01 6.97660e+03
5.46036e+01 7.06840e+03
5.46396e+01 7.52860e+03
5.46755e+01 8.14180e+03
5.47114e+01 7.84460e+03
5.47472e+01 7.48800e+03
5.47831e+01 7.65900e+03
5.48189e+01 7.39100e+03
5.48547e+01 8.06700e+03
5.48905e+01 9.53460e+03
5.49262e+01 9.52060e+03
5.49620e+01 9.63300e+03
5.49977e+01 6.28780e+03
5.50333e+01 8.24100e+03
5.50690e+01 8.56760e+03
5.51046e+01 7.89440e+03
5.51402e+01 6.62720e+03
5.51758e+01 7.49440e+03
5.52113e+01 7.34280e+03
5.52469e+01 9.32020e+03
5.52824e+01 5.82520e+03
5.53179e+01 8.25280e+03
5.53533e+01 8.52360e+03
5.53887e+01 8.66620e+03
5.54241e+01 8.23200e+03
5.54595e+01 9.47180e+03
5.54949e+01 9.31800e+03
5.55302e+01 8.53200e+03
5.55655e+01 9.47000e+03
5.56008e+01 9.11740e+03
5.56361e+01 8.11480e+03
5.56713e+01 8.32580e+03
5.57065e+01 7.27680e+03
5.57417e+01 7.15560e+03
5.57769e+01 8.15600e+03
5.58120e+01 7.93560e+03
5.58471e+01 9.65660e+03
5.58822e+01 8.36640e+03
5.59172e+01 9.97640e+03
5.59523e+01 8.81860e+03
5.59873e+01 9.38500e+03
5.60223e+01 1.01204e+04
5.60573e+01 9.83960e+03
5.60922e+01 9.45560e+03
5.61271e+01 1.00688e+04
5.61620e+01 1.05920e+04
5.61969e+01 9.95140e+03
5.62317e+01 9.08480e+03
5.62665e+01 1.02972e+04
5.63013e+01 9.81020e+03
5.63361e+01 1.09220e+04
5.63708e+01 1.16404e+04
5.64055e+01 1.26478e+04
5.64402e+01 1.15132e+04
5.64749e+01 1.14914e+04
5.65095e+01 1.23714e+04
5.65442e+01 1.41134e+04
5.65788e+01 1.35844e+04
5.66133e+01 1.14392e+04
5.66479e+01 1.11100e+04
5.66824e+01 1.17270e+04
5.67169e+01 1.20442e+04
5.67514e+01 1.41928e+04
5.67858e+01 1.36192e+04
5.68202e+01 1.40372e+04
5.68546e+01 1.26480e+04
5.68890e+01 1.42272e+04
5.69234e+01 1.20836e+04
5.69577e+01 1.31134e+04
5.69920e+01 1.45998e+04
5.70263e+01 1.38280e+04
5.70605e+01 1.36964e+04
5.70948e+01 1.35812e+04
5.71290e+01 1.37108e+04
5.71631e+01 1.52794e+04
5.71973e+01 1.30506e+04
5.72314e+01 1.30262e+04
5.72655e+01 1.38966e+04
5.72996e+01 1.58620e+04
5.73337e+01 1.45964e+04
5.73677e+01 1.48370e+04
5.74017e+01 1.44784e+04
5.74357e+01 1.39872e+04
5.74696e+01 1.24694e+04
5.75036e+01 1.29286e+04
5.75375e+01 1.25534e+04
5.75714e+01 1.04784e+04
5.76052e+01 1.19302e+04
5.76391e+01 1.26574e+04
5.76729e+01 1.07930e+04
5.77067e+01 1.10326e+04
5.77404e+01 1.07840e+04
5.77742e+01 1.02726e+04
5.78079e+01 1.09770e+04
5.78416e+01 1.03770e+04
5.78752e+01 1.02244e+04
5.79089e+01 1.00698e+04
5.79425e+01 8.29420e+03
5.79761e+01 8.81000e+03
5.80096e+01 1.03326e+04
5.80432e+01 9.46280e+03
5.80767e+01 8.33380e+03
5.81102e+01 9.45040e+03
5.81436e+01 7.76160e+03
5.81771e+01 7.59220e+03
5.82105e+01 9.44080e+03
5.82439e+01 8.61840e+03
5.82773e+01 9.31600e+03
5.83106e+01 8.67460e+03
5.83439e+01 9.31740e+03
5.83772e+01 8.00080e+03
5.84105e+01 6.33640e+03
5.84437e+01 7.89660e+03
5.84770e+01 8.01040e+03
5.85102e+01 6.91060e+03
5.85433e+01 7.39260e+03
5.85765e+01 7.51020e+03
5.86096e+01 9.88680e+03
5.86427e+01 7.53700e+03
5.86758e+01 6.53280e+03
5.87088e+01 7.12280e+03
5.87418e+01 7.61600e+03
5.87749e+01 6.23880e+03
5.88078e+01 5.41400e+03
5.88408e+01 5.86260e+03
5.88737e+01 6.89380e+03
5.89066e+01 6.06260e+03
5.89395e+01 5.54060e+03
5.89723e+01 6.34220e+03
5.90052e+01 6.19500e+03
5.90380e+01 6.37920e+03
5.90708e+01 5.73220e+03
5.91035e+01 5.18300e+03
5.91362e+01 6.03140e+03
5.91689e+01 6.30180e+03
5.92016e+01 6.20540e+03
5.92343e+01 8.29000e+03
5.92669e+01 7.21120e+03
5.92995e+01 6.59200e+03
5.93321e+01 6.22020e+03
5.93647e+01 5.93040e+03
5.93972e+01 6.83300e+03
5.94297e+01 5.32920e+03
5.94622e+01 6.04120e+03
5.94947e+01 6.04740e+03
5.95271e+01 5.66100e+03
5.95595e+01 6.88800e+03
5.95919e+01 4.72080e+03
5.96243e+01 4.98520e+03
5.96566e+01 4.89200e+03
5.96889e+01 5.35880e+03
5.97212e+01 5.04780e+03
5.97535e+01 4.32340e+03
5.97857e+01 6.40840e+03
5.98179e+01 5.41560e+03
5.98501e+01 5.37060e+03
5.98823e+01 4.62200e+03
5.99144e+01 4.42140e+03
5.99465e+01 5.15420e+03
5.99786e+01 6.24600e+03
6.00107e+01 6.17360e+03
6.00427e+01 6.70740e+03
6.00748e+01 6.26540e+03
6.01067e+01 7.26400e+03
6.01387e+01 5.74780e+03
6.01707e+01 6.21240e+03
6.02026e+01 5.09060e+03
6.02345e+01 5.12540e+03
6.02664e+01 6.87820e+03
6.02982e+01 6.83780e+03
6.03300e+01 5.07060e+03
6.03618e+01 4.80720e+03
6.03936e+01 4.94800e+03
6.04253e+01 3.77540e+03
6.04571e+01 4.17640e+03
6.04888e+01 5.75860e+03
6.05204e+01 5.48680e+03
6.05521e+01 4.54680e+03
6.05837e+01 4.64080e+03
6.06153e+01 5.93460e+03
6.06469e+01 5.02320e+03
6.06784e+01 5.99460e+03
6.07100e+01 4.87840e+03
6.07415e+01 5.23120e+03
6.07730e+01 5.29500e+03
6.08044e+01 4.51440e+03
6.08358e+01 4.54780e+03
6.08672e+01 5.46660e+03
6.08986e+01 5.01340e+03
6.09300e+01 4.40780e+03
6.09613e+01 4.47440e+03
6.09926e+01 5.57020e+03
6.10239e+01 4.63940e+03
6.10552e+01 5.42640e+03
6.10864e+01 5.36480e+03
6.11176e+01 4.89520e+03
6.11488e+01 4.59780e+03
6.11800e+01 5.16580e+03
6.12111e+01 5.42620e+03
6.12422e+01 5.73480e+03
6.12733e+01 5.01860e+03
6.13043e+01 5.22880e+03
6.13354e+01 5.27080e+03
6.13664e+01 5.55680e+03
6.13974e+01 4.56240e+03
6.14284e+01 3.75280e+03
6.14593e+01 3.75500e+03
6.14902e+01 4.81000e+03
6.15211e+01 4.86460e+03
6.15520e+01 6.51740e+03
6.15828e+01 7.09320e+03
6.16136e+01 5.05740e+03
6.16444e+01 4.26080e+03
6.16752e+01 4.51820e+03
6.17059e+01 5.13060e+03
6.17366e+01 5.91980e+03
6.17673e+01 4.96840e+03
6.17980e+01 5.14300e+03
6.18286e+01 5.05000e+03
6.18593e+01 5.59500e+03
6.18899e+01 6.78340e+03
6.19204e+01 5.42260e+03
6.19510e+01 4.51900e+03
6.19815e+01 5.91140e+03
6.20120e+01 6.11260e+03
6.20425e+01 6.45280e+03
6.20729e+01 5.54820e+03
6.21033e+01 4.94220e+03
6.21337e+01 4.24520e+03
6.21641e+01 3.98360e+03
6.21945e+01 5.16840e+03
6.22248e+01 6.68640e+03
6.22551e+01 6.73140e+03
6.22854e+01 3.56440e+03
6.23156e+01 4.18160e+03
6.23458e+01 5.45520e+03
6.23761e+01 5.99780e+03
6.24062e+01 5.06700e+03
6.24364e+01 3.93980e+03
6.24665e+01 3.93880e+03
6.24966e+01 3.70900e+03
6.25267e+01 5.09840e+03
6.25568e+01 5.88740e+03
6.25868e+01 4.33320e+03
6.26168e+01 4.61580e+03
6.26468e+01 5.48880e+03
6.26767e+01 6.11560e+03
6.27067e+01 5.05160e+03
6.27366e+01 6.11180e+03
6.27665e+01 4.45460e+03
6.27963e+01 3.97660e+03
6.28261e+01 3.59700e+03
6.28560e+01 5.11100e+03
6.28857e+01 5.28840e+03
6.29155e+01 6.04800e+03
6.29452e+01 6.47600e+03
6.29750e+01 4.47340e+03
6.30046e+01 4.47060e+03
6.30343e+01 4.15880e+03
6.30639e+01 3.33340e+03
6.30936e+01 4.27140e+03
6.31231e+01 3.83160e+03
6.31527e+01 4.07240e+03
6.31823e+01 5.79260e+03
6.32118e+01 5.53400e+03
6.32413e+01 5.63300e+03
6.32707e+01 4.96260e+03
6.33002e+01 5.34860e+03
6.33296e+01 3.34880e+03
6.33590e+01 2.57080e+03
6.33883e+01 4.28560e+03
6.34177e+01 4.39280e+03
6.34470e+01 3.89680e+03
6.34763e+01 3.80160e+03
6.35056e+01 3.29900e+03
6.35348e+01 3.66060e+03
6.35640e+01 3.32680e+03
6.35932e+01 3.23820e+03
6.36224e+01 2.74460e+03
6.36516e+01 1.78500e+03
6.36807e+01 1.11620e+03
6.37098e+01 1.00400e+03
