# La4Ni3O8 Ni L3 edge RIXS
# T = 25 K
# RIXS resolution ~ 0.4 eV
# Horizontal scattering geometry, theta = 15 degrees, 2theta = 95 degrees
# SEXTANTS beamline, SOLEIL synchrotron
# Energy loss 	 Intensity
-1.00000e+01 -3.08780e+02
-9.93802e+00 -4.98143e+02
-9.87603e+00 -2.56720e+02
-9.81405e+00 -7.06163e+02
-9.75207e+00 -8.07483e+02
-9.69008e+00 -6.03882e+02
-9.62810e+00 6.36571e+01
-9.56612e+00 -4.01504e+02
-9.50413e+00 -1.59857e+02
-9.44215e+00 -9.11511e+02
-9.38017e+00 -4.27890e+02
-9.31818e+00 1.02998e+02
-9.25620e+00 4.75606e+02
-9.19421e+00 3.99183e+02
-9.13223e+00 -5.92861e+01
-9.07025e+00 -4.04267e+02
-9.00826e+00 -6.62001e-01
-8.94628e+00 -2.65383e+02
-8.88430e+00 2.85824e+02
-8.82231e+00 -1.50296e+02
-8.76033e+00 -2.86078e+02
-8.69835e+00 5.82758e+02
-8.63636e+00 -6.89805e+02
-8.57438e+00 -1.04989e+03
-8.51240e+00 -1.05379e+03
-8.45041e+00 -1.75605e+02
-8.38843e+00 1.68464e+02
-8.32645e+00 -2.70307e+02
-8.26446e+00 -2.62470e+02
-8.20248e+00 9.50586e+01
-8.14050e+00 -1.56813e+02
-8.07851e+00 -4.12325e+02
-8.01653e+00 -5.30212e+02
-7.95455e+00 -3.59877e+02
-7.89256e+00 -3.94049e+02
-7.83058e+00 -3.85466e+02
-7.76860e+00 -8.73542e+02
-7.70661e+00 -8.03660e+02
-7.64463e+00 -8.88556e+02
-7.58264e+00 -7.37415e+02
-7.52066e+00 9.69810e+01
-7.45868e+00 2.09584e+02
-7.39669e+00 -1.14473e+02
-7.33471e+00 -4.81472e+02
-7.27273e+00 -3.19640e+02
-7.21074e+00 3.10824e+02
-7.14876e+00 5.78874e+02
-7.08678e+00 6.30447e+02
-7.02479e+00 1.26583e+01
-6.96281e+00 -2.29815e+01
-6.90083e+00 -3.78766e+02
-6.83884e+00 -2.19470e+02
-6.77686e+00 3.30583e+02
-6.71488e+00 7.58783e+02
-6.65289e+00 2.47106e+02
-6.59091e+00 4.74690e+02
-6.52893e+00 3.48748e+02
-6.46694e+00 3.09427e+02
-6.40496e+00 1.71529e+02
-6.34298e+00 3.56370e+02
-6.28099e+00 5.19056e+02
-6.21901e+00 9.76333e+02
-6.15702e+00 4.84758e+02
-6.09504e+00 1.49289e+02
-6.03306e+00 1.47792e+02
-5.97107e+00 -9.84835e+02
-5.90909e+00 1.01550e+02
-5.84711e+00 3.98060e+02
-5.78512e+00 5.45674e+02
-5.72314e+00 7.80706e+02
-5.66116e+00 1.02353e+02
-5.59917e+00 5.72943e+02
-5.53719e+00 7.73594e+02
-5.47521e+00 1.05038e+02
-5.41322e+00 2.10321e+02
-5.35124e+00 4.75241e+02
-5.28926e+00 4.38179e+02
-5.22727e+00 1.68773e+02
-5.16529e+00 6.04304e+02
-5.10331e+00 1.36564e+03
-5.04132e+00 1.88357e+03
-4.97934e+00 1.95063e+03
-4.91736e+00 8.55349e+02
-4.85537e+00 7.81049e+02
-4.79339e+00 2.60251e+02
-4.73140e+00 1.60615e+02
-4.66942e+00 1.12448e+03
-4.60744e+00 4.94093e+02
-4.54545e+00 7.02421e+02
-4.48347e+00 5.22590e+02
-4.42149e+00 6.04330e+02
-4.35950e+00 3.63874e+02
-4.29752e+00 8.32401e+02
-4.23554e+00 2.11090e+03
-4.17355e+00 1.46099e+03
-4.11157e+00 1.08623e+03
-4.04959e+00 1.56241e+03
-3.98760e+00 6.84527e+02
-3.92562e+00 6.20641e+02
-3.86364e+00 1.93141e+03
-3.80165e+00 1.36182e+03
-3.73967e+00 1.35006e+03
-3.67769e+00 2.42542e+03
-3.61570e+00 1.89111e+03
-3.55372e+00 1.79200e+03
-3.49174e+00 1.89034e+03
-3.42975e+00 2.72769e+03
-3.36777e+00 2.52923e+03
-3.30579e+00 1.79668e+03
-3.24380e+00 1.61015e+03
-3.18182e+00 4.72920e+02
-3.11983e+00 5.92096e+02
-3.05785e+00 1.92715e+03
-2.99587e+00 2.76362e+03
-2.93388e+00 2.17799e+03
-2.87190e+00 2.19445e+03
-2.80992e+00 1.15540e+03
-2.74793e+00 1.74140e+03
-2.68595e+00 2.56200e+03
-2.62397e+00 3.51952e+03
-2.56198e+00 2.90366e+03
-2.50000e+00 2.03493e+03
-2.43802e+00 2.75883e+03
-2.37603e+00 3.25819e+03
-2.31405e+00 3.67932e+03
-2.25207e+00 4.15264e+03
-2.19008e+00 3.47016e+03
-2.12810e+00 3.50446e+03
-2.06612e+00 3.83011e+03
-2.00413e+00 4.21346e+03
-1.94215e+00 3.52203e+03
-1.88017e+00 4.42152e+03
-1.81818e+00 5.23673e+03
-1.75620e+00 4.01230e+03
-1.69421e+00 4.56190e+03
-1.63223e+00 6.22944e+03
-1.57025e+00 6.58914e+03
-1.50826e+00 7.80211e+03
-1.44628e+00 9.72704e+03
-1.38430e+00 1.10161e+04
-1.32231e+00 1.00711e+04
-1.26033e+00 1.10033e+04
-1.19835e+00 1.24030e+04
-1.13636e+00 1.17962e+04
-1.07438e+00 1.23745e+04
-1.01240e+00 1.39024e+04
-9.50413e-01 1.69183e+04
-8.88430e-01 1.82551e+04
-8.26446e-01 2.18285e+04
-7.64463e-01 2.70060e+04
-7.02479e-01 3.18173e+04
-6.40496e-01 3.94223e+04
-5.78512e-01 4.51108e+04
-5.16529e-01 5.81331e+04
-4.54545e-01 8.82487e+04
-3.92562e-01 1.32148e+05
-3.30579e-01 2.13051e+05
-2.68595e-01 3.59831e+05
-2.06612e-01 6.07399e+05
-1.44628e-01 9.90626e+05
-8.26446e-02 1.44142e+06
-2.06612e-02 1.77243e+06
4.13223e-02 1.74962e+06
1.03306e-01 1.31307e+06
1.65289e-01 8.39097e+05
2.27273e-01 5.11479e+05
2.89256e-01 3.22172e+05
3.51240e-01 2.35900e+05
4.13223e-01 2.20174e+05
4.75207e-01 2.29752e+05
5.37190e-01 2.52333e+05
5.99174e-01 2.81081e+05
6.61157e-01 3.30377e+05
7.23140e-01 3.84068e+05
7.85124e-01 4.27300e+05
8.47107e-01 4.72713e+05
9.09091e-01 5.21176e+05
9.71074e-01 5.31436e+05
1.03306e+00 5.38644e+05
1.09504e+00 5.20965e+05
1.15702e+00 4.99059e+05
1.21901e+00 4.86977e+05
1.28099e+00 4.71025e+05
1.34298e+00 4.55385e+05
1.40496e+00 4.64346e+05
1.46694e+00 4.65717e+05
1.52893e+00 4.74673e+05
1.59091e+00 4.95320e+05
1.65289e+00 5.11440e+05
1.71488e+00 5.18695e+05
1.77686e+00 5.42519e+05
1.83884e+00 5.48735e+05
1.90083e+00 5.45244e+05
1.96281e+00 5.19170e+05
2.02479e+00 4.85497e+05
2.08678e+00 4.47872e+05
2.14876e+00 3.99128e+05
2.21074e+00 3.46727e+05
2.27273e+00 2.96188e+05
2.33471e+00 2.56103e+05
2.39669e+00 2.27534e+05
2.45868e+00 1.99425e+05
2.52066e+00 1.68645e+05
2.58264e+00 1.53861e+05
2.64463e+00 1.42166e+05
2.70661e+00 1.30468e+05
2.76860e+00 1.11700e+05
2.83058e+00 1.02666e+05
2.89256e+00 9.48485e+04
2.95455e+00 9.25822e+04
3.01653e+00 9.42071e+04
3.07851e+00 8.63056e+04
3.14050e+00 8.07374e+04
3.20248e+00 8.32945e+04
3.26446e+00 8.89032e+04
3.32645e+00 9.06571e+04
3.38843e+00 9.50844e+04
3.45041e+00 9.82691e+04
3.51240e+00 1.04412e+05
3.57438e+00 1.12963e+05
3.63636e+00 1.18713e+05
3.69835e+00 1.22970e+05
3.76033e+00 1.29244e+05
3.82231e+00 1.34114e+05
3.88430e+00 1.41470e+05
3.94628e+00 1.41567e+05
4.00826e+00 1.43588e+05
4.07025e+00 1.44447e+05
4.13223e+00 1.41121e+05
4.19421e+00 1.45292e+05
4.25620e+00 1.49505e+05
4.31818e+00 1.53078e+05
4.38017e+00 1.61468e+05
4.44215e+00 1.56811e+05
4.50413e+00 1.56955e+05
4.56612e+00 1.51467e+05
4.62810e+00 1.48718e+05
4.69008e+00 1.52886e+05
4.75207e+00 1.54089e+05
4.81405e+00 1.54637e+05
4.87603e+00 1.57552e+05
4.93802e+00 1.58275e+05
5.00000e+00 1.58358e+05
5.06198e+00 1.57772e+05
5.12397e+00 1.54404e+05
5.18595e+00 1.57089e+05
5.24793e+00 1.57064e+05
5.30992e+00 1.58298e+05
5.37190e+00 1.57212e+05
5.43388e+00 1.56418e+05
5.49587e+00 1.58984e+05
5.55785e+00 1.60606e+05
5.61983e+00 1.54609e+05
5.68182e+00 1.52474e+05
5.74380e+00 1.58022e+05
5.80579e+00 1.50894e+05
5.86777e+00 1.47588e+05
5.92975e+00 1.45167e+05
5.99174e+00 1.45994e+05
6.05372e+00 1.44332e+05
6.11570e+00 1.42154e+05
6.17769e+00 1.45962e+05
6.23967e+00 1.40469e+05
6.30165e+00 1.35987e+05
6.36364e+00 1.28980e+05
6.42562e+00 1.26681e+05
6.48760e+00 1.22795e+05
6.54959e+00 1.22304e+05
6.61157e+00 1.15609e+05
6.67355e+00 1.15596e+05
6.73554e+00 1.15978e+05
6.79752e+00 1.15586e+05
6.85950e+00 1.11450e+05
6.92149e+00 1.06701e+05
6.98347e+00 1.03354e+05
7.04545e+00 1.00476e+05
7.10744e+00 9.70474e+04
7.16942e+00 9.48729e+04
7.23140e+00 9.24009e+04
7.29339e+00 9.36618e+04
7.35537e+00 8.85959e+04
7.41736e+00 8.81979e+04
7.47934e+00 8.53611e+04
7.54132e+00 8.24963e+04
7.60331e+00 7.78732e+04
7.66529e+00 7.37624e+04
7.72727e+00 7.10546e+04
7.78926e+00 7.48227e+04
7.85124e+00 8.01188e+04
7.91322e+00 7.47692e+04
7.97521e+00 6.62757e+04
8.03719e+00 6.61299e+04
8.09917e+00 6.32518e+04
8.16116e+00 6.53914e+04
8.22314e+00 6.06506e+04
8.28512e+00 5.83169e+04
8.34711e+00 5.69891e+04
8.40909e+00 5.39925e+04
8.47107e+00 5.55363e+04
8.53306e+00 5.54272e+04
8.59504e+00 5.09587e+04
8.65702e+00 4.88004e+04
8.71901e+00 4.70159e+04
8.78099e+00 4.50057e+04
8.84298e+00 4.60582e+04
8.90496e+00 4.27877e+04
8.96694e+00 4.14187e+04
9.02893e+00 4.38323e+04
9.09091e+00 4.01083e+04
9.15289e+00 3.84662e+04
9.21488e+00 3.98085e+04
9.27686e+00 3.46811e+04
9.33884e+00 3.20294e+04
9.40083e+00 3.71751e+04
9.46281e+00 3.72334e+04
9.52479e+00 3.31203e+04
9.58678e+00 2.91425e+04
9.64876e+00 2.95078e+04
9.71074e+00 3.04605e+04
9.77273e+00 3.01964e+04
9.83471e+00 3.00960e+04
9.89669e+00 3.18332e+04
9.95868e+00 3.30719e+04
1.00207e+01 3.19331e+04
1.00826e+01 2.92853e+04
1.01446e+01 3.01377e+04
1.02066e+01 2.86665e+04
1.02686e+01 3.02033e+04
1.03306e+01 2.87022e+04
1.03926e+01 3.01975e+04
1.04545e+01 2.47525e+04
1.05165e+01 2.36423e+04
1.05785e+01 2.48979e+04
1.06405e+01 2.49504e+04
1.07025e+01 2.26151e+04
1.07645e+01 2.07965e+04
1.08264e+01 2.21220e+04
1.08884e+01 2.25359e+04
1.09504e+01 2.03600e+04
1.10124e+01 2.04407e+04
1.10744e+01 1.88804e+04
1.11364e+01 1.82096e+04
1.11983e+01 1.88474e+04
1.12603e+01 1.94971e+04
1.13223e+01 1.80790e+04
1.13843e+01 1.60754e+04
1.14463e+01 1.44006e+04
1.15083e+01 1.69491e+04
1.15702e+01 1.66895e+04
1.16322e+01 1.41779e+04
1.16942e+01 1.63414e+04
1.17562e+01 1.71876e+04
1.18182e+01 1.37839e+04
1.18802e+01 1.39830e+04
1.19421e+01 1.51411e+04
1.20041e+01 1.43973e+04
1.20661e+01 1.29346e+04
1.21281e+01 1.10107e+04
1.21901e+01 1.23151e+04
1.22521e+01 1.01146e+04
1.23140e+01 1.09762e+04
1.23760e+01 1.13351e+04
1.24380e+01 8.69181e+03
1.25000e+01 1.13002e+04
1.25620e+01 1.08969e+04
1.26240e+01 9.20221e+03
1.26860e+01 8.70857e+03
1.27479e+01 8.44477e+03
1.28099e+01 8.46841e+03
1.28719e+01 9.35273e+03
1.29339e+01 9.73351e+03
1.29959e+01 9.86068e+03
1.30579e+01 9.45844e+03
1.31198e+01 9.45169e+03
1.31818e+01 9.74862e+03
1.32438e+01 9.88755e+03
1.33058e+01 9.25337e+03
1.33678e+01 8.04906e+03
1.34298e+01 7.72023e+03
1.34917e+01 7.81095e+03
1.35537e+01 6.51705e+03
1.36157e+01 6.14889e+03
1.36777e+01 7.38928e+03
1.37397e+01 6.82951e+03
1.38017e+01 5.26156e+03
1.38636e+01 6.47370e+03
1.39256e+01 6.95772e+03
1.39876e+01 7.24653e+03
1.40496e+01 6.79398e+03
1.41116e+01 6.29289e+03
1.41736e+01 6.83024e+03
1.42355e+01 5.01780e+03
1.42975e+01 6.21787e+03
1.43595e+01 5.21405e+03
1.44215e+01 6.70361e+03
1.44835e+01 7.58772e+03
1.45455e+01 8.19188e+03
1.46074e+01 6.72685e+03
1.46694e+01 5.88473e+03
1.47314e+01 5.62677e+03
1.47934e+01 5.40297e+03
1.48554e+01 4.11917e+03
1.49174e+01 5.57968e+03
1.49793e+01 5.16534e+03
1.50413e+01 7.10578e+03
1.51033e+01 5.82925e+03
1.51653e+01 4.55582e+03
1.52273e+01 5.07103e+03
1.52893e+01 5.46486e+03
1.53512e+01 5.12398e+03
1.54132e+01 4.92849e+03
1.54752e+01 5.20034e+03
1.55372e+01 4.40569e+03
1.55992e+01 3.86509e+03
1.56612e+01 4.04058e+03
1.57231e+01 4.26479e+03
1.57851e+01 4.60872e+03
1.58471e+01 4.88040e+03
1.59091e+01 5.32764e+03
1.59711e+01 3.25483e+03
1.60331e+01 4.67880e+03
1.60950e+01 4.60757e+03
1.61570e+01 5.78073e+03
1.62190e+01 4.70323e+03
1.62810e+01 4.14888e+03
1.63430e+01 4.98839e+03
1.64050e+01 4.14872e+03
1.64669e+01 3.76293e+03
1.65289e+01 3.93924e+03
1.65909e+01 4.17869e+03
1.66529e+01 4.15033e+03
1.67149e+01 4.26507e+03
1.67769e+01 2.95567e+03
1.68388e+01 3.12939e+03
1.69008e+01 4.25524e+03
1.69628e+01 5.12118e+03
1.70248e+01 5.44449e+03
1.70868e+01 6.15843e+03
1.71488e+01 6.33841e+03
1.72107e+01 5.70910e+03
1.72727e+01 5.16257e+03
1.73347e+01 5.10602e+03
1.73967e+01 5.19120e+03
1.74587e+01 3.71501e+03
1.75207e+01 4.27933e+03
1.75826e+01 5.27843e+03
1.76446e+01 5.34705e+03
1.77066e+01 5.87671e+03
1.77686e+01 5.43276e+03
1.78306e+01 4.92871e+03
1.78926e+01 7.62973e+03
1.79545e+01 7.39827e+03
1.80165e+01 7.82819e+03
1.80785e+01 5.93675e+03
1.81405e+01 6.15842e+03
1.82025e+01 6.30021e+03
1.82645e+01 7.95835e+03
1.83264e+01 8.97598e+03
1.83884e+01 9.05200e+03
1.84504e+01 9.13773e+03
1.85124e+01 9.67500e+03
1.85744e+01 1.08606e+04
1.86364e+01 1.37029e+04
1.86983e+01 1.56659e+04
1.87603e+01 1.49534e+04
1.88223e+01 1.37326e+04
1.88843e+01 1.26450e+04
1.89463e+01 1.19127e+04
1.90083e+01 1.18897e+04
1.90702e+01 1.28807e+04
1.91322e+01 1.50917e+04
1.91942e+01 1.35585e+04
1.92562e+01 1.38280e+04
1.93182e+01 1.13420e+04
1.93802e+01 1.18523e+04
1.94421e+01 1.26686e+04
1.95041e+01 1.21416e+04
1.95661e+01 1.10981e+04
1.96281e+01 1.10161e+04
1.96901e+01 1.19560e+04
1.97521e+01 1.14801e+04
1.98140e+01 1.04823e+04
1.98760e+01 8.82672e+03
1.99380e+01 1.03842e+04
2.00000e+01 1.06778e+04
2.00620e+01 8.98764e+03
2.01240e+01 9.35600e+03
2.01860e+01 8.90751e+03
2.02479e+01 9.05776e+03
2.03099e+01 7.49743e+03
2.03719e+01 7.64414e+03
2.04339e+01 8.95076e+03
2.04959e+01 9.15098e+03
2.05579e+01 1.00153e+04
2.06198e+01 9.47538e+03
2.06818e+01 8.36523e+03
2.07438e+01 7.01477e+03
2.08058e+01 8.86702e+03
2.08678e+01 9.03760e+03
2.09298e+01 8.60062e+03
2.09917e+01 9.86297e+03
2.10537e+01 1.11407e+04
2.11157e+01 1.00558e+04
2.11777e+01 9.83099e+03
2.12397e+01 8.74124e+03
2.13017e+01 9.25972e+03
2.13636e+01 9.24471e+03
2.14256e+01 8.65222e+03
2.14876e+01 7.60715e+03
2.15496e+01 1.03865e+04
2.16116e+01 1.07120e+04
2.16736e+01 1.16745e+04
2.17355e+01 1.31991e+04
2.17975e+01 1.49156e+04
2.18595e+01 1.29870e+04
2.19215e+01 1.04292e+04
2.19835e+01 1.03265e+04
2.20455e+01 1.02565e+04
2.21074e+01 1.10873e+04
2.21694e+01 1.10149e+04
2.22314e+01 1.05143e+04
2.22934e+01 1.18713e+04
2.23554e+01 9.32235e+03
2.24174e+01 9.50151e+03
2.24793e+01 9.31867e+03
2.25413e+01 8.69969e+03
2.26033e+01 8.75712e+03
2.26653e+01 7.64607e+03
2.27273e+01 8.46967e+03
2.27893e+01 9.57979e+03
2.28512e+01 9.20802e+03
2.29132e+01 9.35887e+03
2.29752e+01 7.01479e+03
2.30372e+01 8.60260e+03
2.30992e+01 7.46971e+03
2.31612e+01 7.34194e+03
2.32231e+01 7.26880e+03
2.32851e+01 7.59383e+03
2.33471e+01 7.61259e+03
2.34091e+01 6.28121e+03
2.34711e+01 5.63446e+03
2.35331e+01 6.09540e+03
2.35950e+01 6.71776e+03
2.36570e+01 6.74118e+03
2.37190e+01 6.86959e+03
2.37810e+01 6.30429e+03
2.38430e+01 8.13231e+03
2.39050e+01 7.22268e+03
2.39669e+01 6.52469e+03
2.40289e+01 5.21839e+03
2.40909e+01 4.58544e+03
2.41529e+01 4.12271e+03
2.42149e+01 5.30432e+03
2.42769e+01 5.88946e+03
2.43388e+01 5.12044e+03
2.44008e+01 3.71386e+03
2.44628e+01 3.21013e+03
2.45248e+01 5.11284e+03
2.45868e+01 4.39478e+03
2.46488e+01 3.92449e+03
2.47107e+01 4.07944e+03
2.47727e+01 3.88852e+03
2.48347e+01 4.32209e+03
2.48967e+01 4.71773e+03
2.49587e+01 4.43090e+03
2.50207e+01 3.28257e+03
2.50826e+01 2.65885e+03
2.51446e+01 3.49180e+03
2.52066e+01 4.58308e+03
2.52686e+01 4.31324e+03
2.53306e+01 3.34135e+03
2.53926e+01 4.03621e+03
2.54545e+01 4.31879e+03
2.55165e+01 2.89521e+03
2.55785e+01 3.00927e+03
2.56405e+01 4.45275e+03
2.57025e+01 3.90009e+03
2.57645e+01 3.87313e+03
2.58264e+01 2.97400e+03
2.58884e+01 4.20124e+03
2.59504e+01 3.55616e+03
2.60124e+01 3.83721e+03
2.60744e+01 3.91598e+03
2.61364e+01 5.18147e+03
2.61983e+01 5.13750e+03
2.62603e+01 3.97780e+03
2.63223e+01 3.99163e+03
2.63843e+01 3.32748e+03
2.64463e+01 3.17210e+03
2.65083e+01 2.68040e+03
2.65702e+01 1.59632e+03
2.66322e+01 2.31106e+03
2.66942e+01 2.83553e+03
2.67562e+01 3.93504e+03
2.68182e+01 3.00189e+03
2.68802e+01 3.06196e+03
2.69421e+01 3.11586e+03
2.70041e+01 3.02005e+03
2.70661e+01 2.56687e+03
2.71281e+01 5.32439e+03
2.71901e+01 3.94042e+03
2.72521e+01 3.63730e+03
2.73140e+01 3.63422e+03
2.73760e+01 3.93538e+03
2.74380e+01 2.94352e+03
2.75000e+01 3.49583e+03
2.75620e+01 3.27631e+03
2.76240e+01 3.60662e+03
2.76860e+01 3.22456e+03
2.77479e+01 3.02800e+03
2.78099e+01 2.72181e+03
2.78719e+01 3.95677e+03
2.79339e+01 3.83604e+03
2.79959e+01 4.12587e+03
2.80579e+01 5.02812e+03
2.81198e+01 2.74261e+03
2.81818e+01 3.01347e+03
2.82438e+01 3.16942e+03
2.83058e+01 4.06246e+03
2.83678e+01 4.29920e+03
2.84298e+01 3.74517e+03
2.84917e+01 4.43488e+03
2.85537e+01 3.27187e+03
2.86157e+01 3.06089e+03
2.86777e+01 3.71837e+03
2.87397e+01 3.28560e+03
2.88017e+01 3.59784e+03
2.88636e+01 2.73963e+03
2.89256e+01 4.42042e+03
2.89876e+01 3.20873e+03
2.90496e+01 3.38125e+03
2.91116e+01 4.26891e+03
2.91736e+01 4.00432e+03
2.92355e+01 3.35206e+03
2.92975e+01 3.86817e+03
2.93595e+01 3.41287e+03
2.94215e+01 3.75066e+03
2.94835e+01 3.28920e+03
2.95455e+01 2.84914e+03
2.96074e+01 3.41991e+03
2.96694e+01 3.96494e+03
2.97314e+01 3.64811e+03
2.97934e+01 2.59369e+03
2.98554e+01 4.28591e+03
2.99174e+01 3.70686e+03
2.99793e+01 3.13754e+03
3.00413e+01 2.81520e+03
3.01033e+01 3.48124e+03
3.01653e+01 5.74382e+03
3.02273e+01 2.96632e+03
3.02893e+01 3.61463e+03
3.03512e+01 3.32787e+03
3.04132e+01 2.39327e+03
3.04752e+01 4.04016e+03
3.05372e+01 2.90127e+03
3.05992e+01 4.69047e+03
3.06612e+01 3.10575e+03
3.07231e+01 3.54778e+03
3.07851e+01 3.22892e+03
3.08471e+01 2.52622e+03
3.09091e+01 4.75126e+03
3.09711e+01 4.82782e+03
3.10331e+01 3.43496e+03
3.10950e+01 4.13122e+03
3.11570e+01 4.44882e+03
3.12190e+01 3.95739e+03
3.12810e+01 3.39640e+03
3.13430e+01 3.63246e+03
3.14050e+01 4.41180e+03
3.14669e+01 4.57446e+03
3.15289e+01 4.63217e+03
3.15909e+01 3.28455e+03
3.16529e+01 4.80132e+03
3.17149e+01 3.38203e+03
3.17769e+01 4.44604e+03
3.18388e+01 5.36007e+03
3.19008e+01 4.58908e+03
3.19628e+01 3.61825e+03
3.20248e+01 4.40634e+03
3.20868e+01 4.10612e+03
3.21488e+01 4.24403e+03
3.22107e+01 5.00717e+03
3.22727e+01 5.25853e+03
3.23347e+01 4.75612e+03
3.23967e+01 4.37836e+03
3.24587e+01 4.10098e+03
3.25207e+01 3.63474e+03
3.25826e+01 5.12428e+03
3.26446e+01 4.92371e+03
3.27066e+01 4.41450e+03
3.27686e+01 4.08152e+03
3.28306e+01 4.07148e+03
3.28926e+01 5.03587e+03
3.29545e+01 4.71404e+03
3.30165e+01 4.37290e+03
3.30785e+01 4.59352e+03
3.31405e+01 3.63621e+03
3.32025e+01 3.51607e+03
3.32645e+01 3.62401e+03
3.33264e+01 4.37229e+03
3.33884e+01 4.44645e+03
3.34504e+01 3.00397e+03
3.35124e+01 2.97171e+03
3.35744e+01 2.95434e+03
3.36364e+01 3.34209e+03
3.36983e+01 5.55598e+03
3.37603e+01 3.80028e+03
3.38223e+01 4.44574e+03
3.38843e+01 4.68925e+03
3.39463e+01 4.56186e+03
3.40083e+01 5.80828e+03
3.40702e+01 4.16380e+03
3.41322e+01 3.05142e+03
3.41942e+01 2.65798e+03
3.42562e+01 3.02729e+03
3.43182e+01 3.76255e+03
3.43802e+01 4.10416e+03
3.44421e+01 4.40192e+03
3.45041e+01 4.25537e+03
3.45661e+01 2.14485e+03
3.46281e+01 2.15030e+03
3.46901e+01 3.31530e+03
3.47521e+01 3.47160e+03
3.48140e+01 4.97946e+03
3.48760e+01 2.37708e+03
3.49380e+01 2.62437e+03
3.50000e+01 3.92071e+03
