# La4Ni3O8 Ni L2 edge RIXS
# T = 300 K
# RIXS resolution ~ 0.4 eV
# Horizontal scattering geometry, theta = 15 degrees, 2theta = 95 degrees
# SEXTANTS beamline, SOLEIL synchrotron
# Energy loss 	 Intensity
-4.58529e+01 -5.09100e+02
-4.57733e+01 -2.45100e+02
-4.56938e+01 -3.14100e+02
-4.56143e+01 -7.97800e+02
-4.55348e+01 -5.21300e+02
-4.54553e+01 -6.96500e+02
-4.53759e+01 -5.98100e+02
-4.52965e+01 -5.89200e+02
-4.52171e+01 -9.49400e+02
-4.51377e+01 -1.55060e+03
-4.50584e+01 -1.52150e+03
-4.49791e+01 -2.03450e+03
-4.48998e+01 -1.97390e+03
-4.48206e+01 -2.19770e+03
-4.47413e+01 -1.83390e+03
-4.46621e+01 -1.72050e+03
-4.45829e+01 -1.22540e+03
-4.45038e+01 -1.33260e+03
-4.44246e+01 -1.71370e+03
-4.43455e+01 -1.19200e+03
-4.42664e+01 -1.21460e+03
-4.41873e+01 -1.72360e+03
-4.41083e+01 -1.31520e+03
-4.40293e+01 -1.55240e+03
-4.39503e+01 -1.83760e+03
-4.38713e+01 -1.10210e+03
-4.37924e+01 -9.88300e+02
-4.37135e+01 -1.77690e+03
-4.36346e+01 -2.51580e+03
-4.35557e+01 -2.05720e+03
-4.34769e+01 -2.14060e+03
-4.33981e+01 -1.18020e+03
-4.33193e+01 -1.33040e+03
-4.32405e+01 -1.33880e+03
-4.31617e+01 -2.40740e+03
-4.30830e+01 -2.64230e+03
-4.30043e+01 -2.82140e+03
-4.29257e+01 -1.64860e+03
-4.28470e+01 -1.70770e+03
-4.27684e+01 -2.50820e+03
-4.26898e+01 -2.24390e+03
-4.26112e+01 -2.25510e+03
-4.25327e+01 -2.28260e+03
-4.24541e+01 -1.38800e+03
-4.23756e+01 -1.99470e+03
-4.22972e+01 -2.26920e+03
-4.22187e+01 -2.08790e+03
-4.21403e+01 -1.34710e+03
-4.20619e+01 -1.97630e+03
-4.19835e+01 -2.10640e+03
-4.19051e+01 -1.56440e+03
-4.18268e+01 -1.99890e+03
-4.17485e+01 -2.21090e+03
-4.16702e+01 -1.91420e+03
-4.15920e+01 -3.01110e+03
-4.15138e+01 -2.45920e+03
-4.14355e+01 -2.80600e+03
-4.13574e+01 -2.37640e+03
-4.12792e+01 -2.31880e+03
-4.12011e+01 -2.16090e+03
-4.11230e+01 -2.10740e+03
-4.10449e+01 -2.87860e+03
-4.09668e+01 -2.41980e+03
-4.08888e+01 -1.37920e+03
-4.08108e+01 -1.38860e+03
-4.07328e+01 -2.28060e+03
-4.06548e+01 -1.98960e+03
-4.05769e+01 -2.01750e+03
-4.04990e+01 -1.74690e+03
-4.04211e+01 -2.00910e+03
-4.03432e+01 -1.76190e+03
-4.02654e+01 -1.81170e+03
-4.01876e+01 -1.38210e+03
-4.01098e+01 -2.46590e+03
-4.00320e+01 -2.65760e+03
-3.99543e+01 -2.49190e+03
-3.98766e+01 -2.04760e+03
-3.97989e+01 -2.51370e+03
-3.97212e+01 -1.91430e+03
-3.96436e+01 -2.44080e+03
-3.95660e+01 -2.85660e+03
-3.94884e+01 -3.11030e+03
-3.94108e+01 -2.06040e+03
-3.93333e+01 -2.43680e+03
-3.92558e+01 -2.70680e+03
-3.91783e+01 -1.58410e+03
-3.91008e+01 -1.94280e+03
-3.90233e+01 -2.32050e+03
-3.89459e+01 -1.49230e+03
-3.88685e+01 -1.68640e+03
-3.87912e+01 -1.22500e+03
-3.87138e+01 -1.64270e+03
-3.86365e+01 -1.82480e+03
-3.85592e+01 -2.46530e+03
-3.84819e+01 -2.09400e+03
-3.84047e+01 -2.10880e+03
-3.83274e+01 -1.49610e+03
-3.82502e+01 -2.66390e+03
-3.81731e+01 -1.37090e+03
-3.80959e+01 -2.02220e+03
-3.80188e+01 -8.89200e+02
-3.79417e+01 -1.52250e+03
-3.78646e+01 -1.63120e+03
-3.77876e+01 -2.09690e+03
-3.77105e+01 -1.72590e+03
-3.76335e+01 -2.19420e+03
-3.75566e+01 -1.13300e+03
-3.74796e+01 -1.13810e+03
-3.74027e+01 -1.24850e+03
-3.73258e+01 -1.87350e+03
-3.72489e+01 -2.47380e+03
-3.71720e+01 -2.06410e+03
-3.70952e+01 -2.63820e+03
-3.70184e+01 -2.15480e+03
-3.69416e+01 -1.04670e+03
-3.68648e+01 -2.33670e+03
-3.67881e+01 -2.54990e+03
-3.67114e+01 -1.79970e+03
-3.66347e+01 -9.30600e+02
-3.65581e+01 -1.71320e+03
-3.64814e+01 -1.49700e+03
-3.64048e+01 -1.20340e+03
-3.63282e+01 -1.00510e+03
-3.62517e+01 -1.38720e+03
-3.61751e+01 -1.87810e+03
-3.60986e+01 -2.02610e+03
-3.60221e+01 -2.64860e+03
-3.59457e+01 -2.43950e+03
-3.58692e+01 -2.82290e+03
-3.57928e+01 -2.22160e+03
-3.57164e+01 -1.60740e+03
-3.56401e+01 -1.50200e+03
-3.55637e+01 -1.39650e+03
-3.54874e+01 -1.47580e+03
-3.54111e+01 -1.42600e+03
-3.53348e+01 -1.21400e+03
-3.52586e+01 -1.44980e+03
-3.51824e+01 -1.61290e+03
-3.51062e+01 -1.91780e+03
-3.50300e+01 -1.38470e+03
-3.49539e+01 -1.59320e+03
-3.48778e+01 -2.45500e+03
-3.48017e+01 -2.27770e+03
-3.47256e+01 -1.93280e+03
-3.46495e+01 -2.61270e+03
-3.45735e+01 -2.11480e+03
-3.44975e+01 -1.46340e+03
-3.44216e+01 -2.69930e+03
-3.43456e+01 -3.15200e+03
-3.42697e+01 -2.99040e+03
-3.41938e+01 -2.63980e+03
-3.41179e+01 -2.07920e+03
-3.40421e+01 -2.22540e+03
-3.39662e+01 -2.06050e+03
-3.38904e+01 -1.91570e+03
-3.38147e+01 -1.88180e+03
-3.37389e+01 -2.47480e+03
-3.36632e+01 -1.66740e+03
-3.35875e+01 -1.23360e+03
-3.35118e+01 -1.99760e+03
-3.34361e+01 -1.46330e+03
-3.33605e+01 -1.93100e+03
-3.32849e+01 -1.65720e+03
-3.32093e+01 -1.42590e+03
-3.31338e+01 -1.84240e+03
-3.30583e+01 -1.69810e+03
-3.29827e+01 -1.65970e+03
-3.29073e+01 -1.51790e+03
-3.28318e+01 -1.22290e+03
-3.27564e+01 -1.42020e+03
-3.26810e+01 -1.38510e+03
-3.26056e+01 -1.43290e+03
-3.25302e+01 -1.63690e+03
-3.24549e+01 -1.62920e+03
-3.23796e+01 -2.41820e+03
-3.23043e+01 -1.32850e+03
-3.22290e+01 -9.00300e+02
-3.21538e+01 -1.05060e+03
-3.20786e+01 -1.34040e+03
-3.20034e+01 -1.73380e+03
-3.19282e+01 -2.25570e+03
-3.18531e+01 -2.29220e+03
-3.17780e+01 -1.98150e+03
-3.17029e+01 -1.95840e+03
-3.16278e+01 -1.92330e+03
-3.15528e+01 -1.50980e+03
-3.14778e+01 -1.34370e+03
-3.14028e+01 -1.29130e+03
-3.13278e+01 -1.43080e+03
-3.12529e+01 -1.13220e+03
-3.11780e+01 -9.24200e+02
-3.11031e+01 -1.68300e+03
-3.10282e+01 -1.47420e+03
-3.09534e+01 -8.01600e+02
-3.08785e+01 -5.47800e+02
-3.08037e+01 -1.76010e+03
-3.07290e+01 -1.46880e+03
-3.06542e+01 -1.56460e+03
-3.05795e+01 -7.76800e+02
-3.05048e+01 -6.46000e+02
-3.04301e+01 -1.72650e+03
-3.03555e+01 -2.24370e+03
-3.02809e+01 -1.95480e+03
-3.02063e+01 -2.46370e+03
-3.01317e+01 -2.16350e+03
-3.00571e+01 -8.87500e+02
-2.99826e+01 -2.13610e+03
-2.99081e+01 -7.57600e+02
-2.98336e+01 -9.70500e+02
-2.97592e+01 -1.26560e+03
-2.96848e+01 -1.86030e+03
-2.96104e+01 -2.51020e+03
-2.95360e+01 -1.47620e+03
-2.94616e+01 -1.15520e+03
-2.93873e+01 -1.47730e+03
-2.93130e+01 -1.82420e+03
-2.92387e+01 -2.07990e+03
-2.91645e+01 -1.98090e+03
-2.90902e+01 -1.55580e+03
-2.90160e+01 -1.58440e+03
-2.89419e+01 -1.57250e+03
-2.88677e+01 -1.06720e+03
-2.87936e+01 -8.69800e+02
-2.87195e+01 -1.31990e+03
-2.86454e+01 -1.38390e+03
-2.85713e+01 -1.22210e+03
-2.84973e+01 -1.33910e+03
-2.84233e+01 -1.91550e+03
-2.83493e+01 -1.51010e+03
-2.82753e+01 -1.97240e+03
-2.82014e+01 -2.03680e+03
-2.81275e+01 -2.28130e+03
-2.80536e+01 -2.06690e+03
-2.79797e+01 -2.24180e+03
-2.79059e+01 -2.29320e+03
-2.78321e+01 -2.68750e+03
-2.77583e+01 -1.67570e+03
-2.76845e+01 -1.53050e+03
-2.76108e+01 -1.56090e+03
-2.75371e+01 -1.15030e+03
-2.74634e+01 -1.72510e+03
-2.73897e+01 -1.41910e+03
-2.73161e+01 -2.12370e+03
-2.72425e+01 -1.44960e+03
-2.71689e+01 -2.23820e+03
-2.70953e+01 -1.29470e+03
-2.70218e+01 -1.73580e+03
-2.69482e+01 -2.43860e+03
-2.68748e+01 -1.02630e+03
-2.68013e+01 -8.29200e+02
-2.67278e+01 -1.18010e+03
-2.66544e+01 -2.26260e+03
-2.65810e+01 -1.36410e+03
-2.65077e+01 -8.55700e+02
-2.64343e+01 -1.99660e+03
-2.63610e+01 -2.00290e+03
-2.62877e+01 -2.39550e+03
-2.62144e+01 -2.00540e+03
-2.61412e+01 -2.26260e+03
-2.60679e+01 -2.17080e+03
-2.59947e+01 -2.44150e+03
-2.59216e+01 -1.25940e+03
-2.58484e+01 -1.38780e+03
-2.57753e+01 -1.79540e+03
-2.57022e+01 -1.96560e+03
-2.56291e+01 -1.76910e+03
-2.55561e+01 -2.65370e+03
-2.54830e+01 -1.42710e+03
-2.54100e+01 -2.02100e+03
-2.53371e+01 -1.72260e+03
-2.52641e+01 -1.13390e+03
-2.51912e+01 -1.40920e+03
-2.51183e+01 -2.31080e+03
-2.50454e+01 -1.58890e+03
-2.49725e+01 -2.08770e+03
-2.48997e+01 -1.60870e+03
-2.48269e+01 -1.97920e+03
-2.47541e+01 -2.39270e+03
-2.46814e+01 -2.39900e+03
-2.46086e+01 -8.99800e+02
-2.45359e+01 -3.49400e+02
-2.44632e+01 -1.19200e+03
-2.43906e+01 -6.76600e+02
-2.43179e+01 -1.22360e+03
-2.42453e+01 -1.99610e+03
-2.41727e+01 -1.76320e+03
-2.41002e+01 -1.44900e+03
-2.40276e+01 -1.51260e+03
-2.39551e+01 -1.91550e+03
-2.38826e+01 -1.77800e+03
-2.38102e+01 -1.64980e+03
-2.37377e+01 -2.33700e+03
-2.36653e+01 -1.45110e+03
-2.35929e+01 -1.50840e+03
-2.35206e+01 -2.67430e+03
-2.34482e+01 -2.28180e+03
-2.33759e+01 -1.54790e+03
-2.33036e+01 -2.02120e+03
-2.32314e+01 -2.08150e+03
-2.31591e+01 -1.26840e+03
-2.30869e+01 -1.01320e+03
-2.30147e+01 -1.93450e+03
-2.29425e+01 -1.52480e+03
-2.28704e+01 -1.82250e+03
-2.27983e+01 -1.55370e+03
-2.27262e+01 -2.01950e+03
-2.26541e+01 -7.48600e+02
-2.25821e+01 -8.27500e+02
-2.25100e+01 -1.11470e+03
-2.24380e+01 -1.17990e+03
-2.23661e+01 -2.80970e+03
-2.22941e+01 -2.63790e+03
-2.22222e+01 -1.70630e+03
-2.21503e+01 -1.31080e+03
-2.20784e+01 -2.30430e+03
-2.20066e+01 -2.16450e+03
-2.19348e+01 -1.73430e+03
-2.18630e+01 -1.50080e+03
-2.17912e+01 -2.07020e+03
-2.17194e+01 -2.50490e+03
-2.16477e+01 -2.55090e+03
-2.15760e+01 -2.40210e+03
-2.15043e+01 -1.66060e+03
-2.14327e+01 -1.63280e+03
-2.13610e+01 -1.98760e+03
-2.12894e+01 -2.76220e+03
-2.12179e+01 -2.89930e+03
-2.11463e+01 -3.14400e+03
-2.10748e+01 -2.65000e+03
-2.10033e+01 -1.95660e+03
-2.09318e+01 -1.67240e+03
-2.08603e+01 -2.22550e+03
-2.07889e+01 -2.14490e+03
-2.07175e+01 -1.93140e+03
-2.06461e+01 -2.20420e+03
-2.05747e+01 -2.24560e+03
-2.05034e+01 -1.62480e+03
-2.04321e+01 -1.77020e+03
-2.03608e+01 -2.57570e+03
-2.02896e+01 -2.34530e+03
-2.02183e+01 -1.47040e+03
-2.01471e+01 -1.74320e+03
-2.00759e+01 -1.99020e+03
-2.00048e+01 -2.68630e+03
-1.99336e+01 -2.84120e+03
-1.98625e+01 -2.66640e+03
-1.97914e+01 -2.41850e+03
-1.97204e+01 -1.96960e+03
-1.96493e+01 -1.82510e+03
-1.95783e+01 -2.66500e+03
-1.95073e+01 -2.68450e+03
-1.94363e+01 -1.87840e+03
-1.93654e+01 -2.53090e+03
-1.92945e+01 -1.88590e+03
-1.92236e+01 -1.57070e+03
-1.91527e+01 -2.48680e+03
-1.90819e+01 -2.47930e+03
-1.90111e+01 -2.07960e+03
-1.89403e+01 -2.37870e+03
-1.88695e+01 -2.53060e+03
-1.87988e+01 -2.40820e+03
-1.87280e+01 -3.04250e+03
-1.86573e+01 -2.50610e+03
-1.85867e+01 -2.88230e+03
-1.85160e+01 -2.41210e+03
-1.84454e+01 -2.55950e+03
-1.83748e+01 -1.92600e+03
-1.83042e+01 -1.97090e+03
-1.82337e+01 -2.18440e+03
-1.81631e+01 -2.13140e+03
-1.80926e+01 -1.94900e+03
-1.80222e+01 -2.09370e+03
-1.79517e+01 -2.38090e+03
-1.78813e+01 -2.28040e+03
-1.78109e+01 -2.97510e+03
-1.77405e+01 -3.24760e+03
-1.76702e+01 -2.67350e+03
-1.75998e+01 -2.42090e+03
-1.75295e+01 -2.54470e+03
-1.74593e+01 -2.83250e+03
-1.73890e+01 -2.34720e+03
-1.73188e+01 -2.02990e+03
-1.72486e+01 -1.32020e+03
-1.71784e+01 -2.01630e+03
-1.71082e+01 -2.40950e+03
-1.70381e+01 -2.01430e+03
-1.69680e+01 -2.26450e+03
-1.68979e+01 -2.79850e+03
-1.68279e+01 -1.71410e+03
-1.67578e+01 -1.91100e+03
-1.66878e+01 -2.43100e+03
-1.66178e+01 -2.78570e+03
-1.65479e+01 -2.38150e+03
-1.64779e+01 -1.77080e+03
-1.64080e+01 -3.34230e+03
-1.63381e+01 -3.51210e+03
-1.62683e+01 -3.17240e+03
-1.61984e+01 -2.22000e+03
-1.61286e+01 -2.87880e+03
-1.60588e+01 -1.71490e+03
-1.59891e+01 -1.63710e+03
-1.59193e+01 -2.40680e+03
-1.58496e+01 -1.82710e+03
-1.57799e+01 -2.12550e+03
-1.57103e+01 -2.62780e+03
-1.56406e+01 -2.05250e+03
-1.55710e+01 -1.34110e+03
-1.55014e+01 -2.24550e+03
-1.54318e+01 -2.21740e+03
-1.53623e+01 -2.72150e+03
-1.52928e+01 -1.74550e+03
-1.52233e+01 -1.86720e+03
-1.51538e+01 -2.55090e+03
-1.50844e+01 -2.81390e+03
-1.50150e+01 -2.85330e+03
-1.49456e+01 -2.17280e+03
-1.48762e+01 -1.47790e+03
-1.48068e+01 -2.24730e+03
-1.47375e+01 -2.07740e+03
-1.46682e+01 -2.80420e+03
-1.45990e+01 -1.75300e+03
-1.45297e+01 -2.37190e+03
-1.44605e+01 -1.36420e+03
-1.43913e+01 -1.73430e+03
-1.43221e+01 -1.47780e+03
-1.42530e+01 -3.28180e+03
-1.41838e+01 -3.44960e+03
-1.41147e+01 -2.58060e+03
-1.40457e+01 -1.98820e+03
-1.39766e+01 -2.30480e+03
-1.39076e+01 -9.79500e+02
-1.38386e+01 -2.21750e+03
-1.37696e+01 -2.95110e+03
-1.37006e+01 -3.20070e+03
-1.36317e+01 -2.33640e+03
-1.35628e+01 -2.42090e+03
-1.34939e+01 -2.07940e+03
-1.34251e+01 -2.40940e+03
-1.33562e+01 -1.71930e+03
-1.32874e+01 -3.00660e+03
-1.32187e+01 -2.62070e+03
-1.31499e+01 -2.78610e+03
-1.30812e+01 -3.43850e+03
-1.30125e+01 -3.06540e+03
-1.29438e+01 -1.30650e+03
-1.28751e+01 -2.87860e+03
-1.28065e+01 -1.46810e+03
-1.27379e+01 -1.79490e+03
-1.26693e+01 -1.60650e+03
-1.26007e+01 -2.10730e+03
-1.25322e+01 -2.18120e+03
-1.24637e+01 -2.56080e+03
-1.23952e+01 -2.20430e+03
-1.23267e+01 -2.83390e+03
-1.22583e+01 -1.50810e+03
-1.21899e+01 -2.60210e+03
-1.21215e+01 -2.72320e+03
-1.20531e+01 -2.12780e+03
-1.19848e+01 -1.76990e+03
-1.19165e+01 -2.65060e+03
-1.18482e+01 -1.85590e+03
-1.17799e+01 -1.48050e+03
-1.17117e+01 -1.86250e+03
-1.16434e+01 -3.29190e+03
-1.15753e+01 -2.53400e+03
-1.15071e+01 -2.44490e+03
-1.14389e+01 -1.81490e+03
-1.13708e+01 -2.12220e+03
-1.13027e+01 -1.83940e+03
-1.12347e+01 -2.76580e+03
-1.11666e+01 -1.83570e+03
-1.10986e+01 -1.66160e+03
-1.10306e+01 -1.46700e+03
-1.09626e+01 -1.84150e+03
-1.08947e+01 -1.91750e+03
-1.08268e+01 -2.95030e+03
-1.07589e+01 -2.40240e+03
-1.06910e+01 -9.96800e+02
-1.06231e+01 -1.65820e+03
-1.05553e+01 -1.86520e+03
-1.04875e+01 -1.90890e+03
-1.04197e+01 -1.42070e+03
-1.03520e+01 -1.21720e+03
-1.02843e+01 -1.58270e+03
-1.02165e+01 -1.48300e+03
-1.01489e+01 -8.48600e+02
-1.00812e+01 -1.11390e+03
-1.00136e+01 -1.65600e+03
-9.94599e+00 -1.63040e+03
-9.87841e+00 -1.25300e+03
-9.81085e+00 -1.09160e+03
-9.74332e+00 -1.13220e+03
-9.67582e+00 -1.33610e+03
-9.60834e+00 -1.30600e+03
-9.54088e+00 -8.80400e+02
-9.47345e+00 -2.23600e+02
-9.40604e+00 -1.54780e+03
-9.33866e+00 -2.17450e+03
-9.27130e+00 -1.58870e+03
-9.20396e+00 -1.71990e+03
-9.13665e+00 -1.99220e+03
-9.06937e+00 -1.65450e+03
-9.00211e+00 -1.85250e+03
-8.93487e+00 -1.24570e+03
-8.86766e+00 -8.11400e+02
-8.80048e+00 -9.09600e+02
-8.73331e+00 -1.83070e+03
-8.66618e+00 -1.55970e+03
-8.59906e+00 -1.18330e+03
-8.53197e+00 -9.86000e+02
-8.46491e+00 -1.39630e+03
-8.39787e+00 -7.17900e+02
-8.33086e+00 -4.53600e+02
-8.26387e+00 -4.83400e+02
-8.19690e+00 -1.16080e+03
-8.12996e+00 -2.11250e+03
-8.06304e+00 -1.62020e+03
-7.99615e+00 -1.06850e+03
-7.92928e+00 -1.23150e+03
-7.86244e+00 -9.07900e+02
-7.79562e+00 -1.41990e+03
-7.72883e+00 -9.70300e+02
-7.66206e+00 -1.91560e+03
-7.59531e+00 -1.21650e+03
-7.52859e+00 -1.08510e+03
-7.46190e+00 -9.76800e+02
-7.39522e+00 -1.45220e+03
-7.32858e+00 -1.71790e+03
-7.26196e+00 -1.28870e+03
-7.19536e+00 -5.50900e+02
-7.12878e+00 -6.67700e+02
-7.06224e+00 -1.41440e+03
-6.99571e+00 -1.45420e+03
-6.92921e+00 -1.31980e+03
-6.86274e+00 -1.05680e+03
-6.79629e+00 -9.27800e+02
-6.72986e+00 -1.33600e+03
-6.66346e+00 -8.03600e+02
-6.59708e+00 -1.53500e+03
-6.53073e+00 -1.56630e+03
-6.46440e+00 -1.43040e+03
-6.39810e+00 -1.16890e+03
-6.33182e+00 -2.71100e+02
-6.26557e+00 -8.29500e+02
-6.19934e+00 -7.61200e+02
-6.13313e+00 -3.42400e+02
-6.06695e+00 -1.78080e+03
-6.00080e+00 -1.49390e+03
-5.93467e+00 -2.65700e+02
-5.86856e+00 -1.24200e+03
-5.80248e+00 -1.73930e+03
-5.73642e+00 -2.03120e+03
-5.67039e+00 -1.08430e+03
-5.60438e+00 -8.58400e+02
-5.53839e+00 -1.21120e+03
-5.47243e+00 -1.30080e+03
-5.40650e+00 1.09200e+02
-5.34059e+00 -1.08450e+03
-5.27470e+00 -8.33300e+02
-5.20884e+00 -1.74020e+03
-5.14300e+00 -1.03030e+03
-5.07719e+00 -7.27100e+02
-5.01140e+00 -7.63100e+02
-4.94564e+00 -1.12410e+03
-4.87990e+00 -6.44500e+02
-4.81419e+00 -1.51460e+03
-4.74850e+00 -2.04080e+03
-4.68283e+00 -2.59120e+03
-4.61719e+00 -1.31620e+03
-4.55158e+00 -2.49600e+02
-4.48598e+00 -6.49800e+02
-4.42042e+00 -1.66030e+03
-4.35487e+00 -1.61080e+03
-4.28936e+00 -1.74350e+03
-4.22386e+00 -1.68820e+03
-4.15839e+00 -1.66500e+03
-4.09295e+00 -1.56210e+03
-4.02753e+00 -1.57420e+03
-3.96214e+00 -1.28090e+03
-3.89677e+00 -1.09220e+03
-3.83142e+00 -1.85820e+03
-3.76610e+00 -2.38840e+03
-3.70080e+00 -2.28070e+03
-3.63553e+00 -1.88840e+03
-3.57028e+00 -1.25860e+03
-3.50506e+00 -1.92100e+03
-3.43986e+00 -2.63950e+03
-3.37468e+00 -1.71810e+03
-3.30953e+00 -1.45040e+03
-3.24441e+00 -2.12460e+03
-3.17931e+00 -1.89030e+03
-3.11423e+00 -1.93040e+03
-3.04918e+00 -6.22800e+02
-2.98415e+00 -1.88350e+03
-2.91915e+00 -1.42310e+03
-2.85417e+00 -1.08340e+03
-2.78922e+00 -1.45230e+03
-2.72429e+00 -6.86100e+02
-2.65939e+00 -6.88700e+02
-2.59451e+00 -1.17940e+03
-2.52965e+00 -1.23900e+03
-2.46482e+00 -1.22420e+03
-2.40001e+00 -4.51800e+02
-2.33523e+00 -9.30400e+02
-2.27048e+00 -9.87000e+01
-2.20574e+00 -1.21000e+02
-2.14104e+00 -5.68600e+02
-2.07635e+00 -1.05260e+03
-2.01169e+00 -1.38400e+03
-1.94706e+00 -1.29230e+03
-1.88245e+00 -1.28810e+03
-1.81787e+00 -1.46370e+03
-1.75330e+00 -1.86700e+03
-1.68877e+00 -1.13510e+03
-1.62426e+00 -7.14000e+02
-1.55977e+00 -1.70700e+02
-1.49531e+00 4.90100e+02
-1.43087e+00 -3.41400e+02
-1.36645e+00 -8.39700e+02
-1.30207e+00 -5.56100e+02
-1.23770e+00 -7.09300e+02
-1.17336e+00 -1.54170e+03
-1.10905e+00 -5.66900e+02
-1.04476e+00 -1.79000e+02
-9.80489e-01 3.81500e+02
-9.16248e-01 5.44200e+02
-8.52030e-01 4.66500e+02
-7.87838e-01 9.13100e+02
-7.23670e-01 2.86690e+03
-6.59526e-01 3.26660e+03
-5.95407e-01 2.18930e+03
-5.31313e-01 7.21900e+02
-4.67243e-01 4.82720e+03
-4.03198e-01 8.96300e+03
-3.39177e-01 1.23244e+04
-2.75180e-01 2.12856e+04
-2.11209e-01 3.51270e+04
-1.47262e-01 5.13271e+04
-8.33390e-02 6.80585e+04
-1.94410e-02 8.02831e+04
4.44330e-02 7.68757e+04
1.08282e-01 6.26396e+04
1.72106e-01 4.31502e+04
2.35906e-01 2.81574e+04
2.99682e-01 1.78726e+04
3.63433e-01 1.62902e+04
4.27159e-01 1.41566e+04
4.90861e-01 1.59958e+04
5.54538e-01 1.98959e+04
6.18191e-01 2.59170e+04
6.81819e-01 3.33153e+04
7.45422e-01 4.03155e+04
8.09001e-01 4.58327e+04
8.72556e-01 5.30276e+04
9.36086e-01 5.88528e+04
9.99591e-01 6.55078e+04
1.06307e+00 6.87880e+04
1.12653e+00 6.49633e+04
1.18996e+00 6.23064e+04
1.25337e+00 6.29032e+04
1.31675e+00 6.14682e+04
1.38011e+00 5.99734e+04
1.44344e+00 5.90334e+04
1.50675e+00 6.10053e+04
1.57004e+00 6.33966e+04
1.63330e+00 6.83903e+04
1.69653e+00 7.05741e+04
1.75974e+00 7.39339e+04
1.82293e+00 7.51027e+04
1.88609e+00 7.50554e+04
1.94923e+00 7.33072e+04
2.01234e+00 7.46794e+04
2.07543e+00 7.15329e+04
2.13849e+00 6.98110e+04
2.20153e+00 6.83564e+04
2.26455e+00 6.18314e+04
2.32754e+00 6.01377e+04
2.39050e+00 6.15537e+04
2.45344e+00 5.80151e+04
2.51636e+00 6.14730e+04
2.57925e+00 6.42372e+04
2.64212e+00 6.13325e+04
2.70496e+00 6.54675e+04
2.76778e+00 6.67691e+04
2.83057e+00 6.64013e+04
2.89334e+00 6.72869e+04
2.95609e+00 6.92970e+04
3.01881e+00 7.14915e+04
3.08150e+00 7.77090e+04
3.14418e+00 8.10711e+04
3.20682e+00 7.98198e+04
3.26944e+00 8.28867e+04
3.33204e+00 8.76244e+04
3.39461e+00 9.13047e+04
3.45716e+00 9.33829e+04
3.51969e+00 9.13694e+04
3.58218e+00 9.02481e+04
3.64466e+00 9.55594e+04
3.70711e+00 1.02352e+05
3.76953e+00 1.05943e+05
3.83194e+00 1.13101e+05
3.89431e+00 1.19994e+05
3.95667e+00 1.24888e+05
4.01899e+00 1.28445e+05
4.08129e+00 1.27445e+05
4.14357e+00 1.26844e+05
4.20583e+00 1.21873e+05
4.26806e+00 1.17532e+05
4.33026e+00 1.20092e+05
4.39244e+00 1.24936e+05
4.45460e+00 1.21741e+05
4.51673e+00 1.22064e+05
4.57883e+00 1.20026e+05
4.64092e+00 1.14785e+05
4.70298e+00 1.14174e+05
4.76501e+00 1.09324e+05
4.82702e+00 1.02048e+05
4.88900e+00 1.02738e+05
4.95096e+00 9.70784e+04
5.01289e+00 9.53616e+04
5.07480e+00 9.70088e+04
5.13669e+00 9.47311e+04
5.19855e+00 8.82083e+04
5.26039e+00 8.72834e+04
5.32220e+00 8.38221e+04
5.38399e+00 8.11926e+04
5.44575e+00 7.72853e+04
5.50749e+00 7.98347e+04
5.56920e+00 7.79527e+04
5.63089e+00 7.56353e+04
5.69256e+00 6.94580e+04
5.75420e+00 7.09531e+04
5.81581e+00 6.63597e+04
5.87741e+00 6.95417e+04
5.93897e+00 6.64151e+04
6.00051e+00 6.12960e+04
6.06203e+00 5.66961e+04
6.12352e+00 5.60565e+04
6.18499e+00 5.42973e+04
6.24644e+00 5.19382e+04
6.30786e+00 4.92732e+04
6.36925e+00 4.67423e+04
6.43062e+00 4.79591e+04
6.49197e+00 4.79906e+04
6.55329e+00 4.60414e+04
6.61458e+00 4.59668e+04
6.67586e+00 4.35967e+04
6.73710e+00 4.14212e+04
6.79833e+00 4.04571e+04
6.85953e+00 3.80767e+04
6.92070e+00 3.90059e+04
6.98185e+00 4.06848e+04
7.04298e+00 3.78939e+04
7.10408e+00 3.49707e+04
7.16515e+00 3.59078e+04
7.22620e+00 3.52967e+04
7.28723e+00 3.42519e+04
7.34823e+00 3.21916e+04
7.40921e+00 3.18134e+04
7.47016e+00 3.08100e+04
7.53109e+00 3.32212e+04
7.59200e+00 3.19954e+04
7.65287e+00 3.12836e+04
7.71373e+00 3.11910e+04
7.77456e+00 3.24161e+04
7.83537e+00 3.12069e+04
7.89615e+00 3.04418e+04
7.95690e+00 2.92230e+04
8.01764e+00 2.91094e+04
8.07835e+00 2.74744e+04
8.13903e+00 2.70137e+04
8.19969e+00 2.60180e+04
8.26032e+00 2.72795e+04
8.32093e+00 2.91472e+04
8.38152e+00 2.99169e+04
8.44208e+00 2.55333e+04
8.50261e+00 2.44897e+04
8.56312e+00 2.21574e+04
8.62361e+00 1.96906e+04
8.68407e+00 2.06350e+04
8.74451e+00 2.24239e+04
8.80492e+00 2.09368e+04
8.86531e+00 2.29392e+04
8.92568e+00 2.15771e+04
8.98602e+00 2.09150e+04
9.04633e+00 2.06302e+04
9.10662e+00 2.06906e+04
9.16689e+00 1.67977e+04
9.22713e+00 1.73474e+04
9.28735e+00 1.84280e+04
9.34754e+00 1.73620e+04
9.40771e+00 1.64690e+04
9.46785e+00 1.72949e+04
9.52797e+00 1.73344e+04
9.58806e+00 1.62230e+04
9.64813e+00 1.67155e+04
9.70818e+00 1.71158e+04
9.76820e+00 1.52170e+04
9.82819e+00 1.50202e+04
9.88817e+00 1.47703e+04
9.94811e+00 1.44977e+04
1.00080e+01 1.36088e+04
1.00679e+01 1.46398e+04
1.01278e+01 1.76765e+04
1.01877e+01 1.56966e+04
1.02475e+01 1.38482e+04
1.03073e+01 1.25045e+04
1.03671e+01 1.34579e+04
1.04268e+01 1.32133e+04
1.04865e+01 1.35714e+04
1.05462e+01 1.33241e+04
1.06059e+01 1.10407e+04
1.06656e+01 1.05771e+04
1.07252e+01 1.10253e+04
1.07848e+01 1.18720e+04
1.08444e+01 9.69020e+03
1.09039e+01 7.59140e+03
1.09635e+01 9.14250e+03
1.10230e+01 1.04103e+04
1.10824e+01 8.12560e+03
1.11419e+01 7.00190e+03
1.12013e+01 7.66550e+03
1.12607e+01 9.77900e+03
1.13201e+01 1.09416e+04
1.13795e+01 1.18755e+04
1.14388e+01 1.04670e+04
1.14981e+01 1.02454e+04
1.15574e+01 1.04281e+04
1.16167e+01 1.13727e+04
1.16759e+01 1.10018e+04
1.17351e+01 1.08522e+04
1.17943e+01 1.03502e+04
1.18535e+01 1.00548e+04
1.19126e+01 8.86010e+03
1.19717e+01 9.83050e+03
1.20308e+01 8.99840e+03
1.20899e+01 8.52700e+03
1.21489e+01 7.48230e+03
1.22079e+01 9.99940e+03
1.22669e+01 1.16245e+04
1.23259e+01 1.19571e+04
1.23848e+01 8.52790e+03
1.24437e+01 7.37680e+03
1.25026e+01 7.05340e+03
1.25615e+01 9.47870e+03
1.26203e+01 8.98690e+03
1.26791e+01 8.81380e+03
1.27379e+01 1.06531e+04
1.27967e+01 1.08655e+04
1.28554e+01 1.03948e+04
1.29142e+01 1.00254e+04
1.29729e+01 8.56900e+03
1.30315e+01 9.40040e+03
1.30902e+01 1.16722e+04
1.31488e+01 1.14644e+04
1.32074e+01 9.51360e+03
1.32660e+01 9.42580e+03
1.33245e+01 1.07312e+04
1.33830e+01 9.91410e+03
1.34415e+01 9.02370e+03
1.35000e+01 7.58270e+03
1.35585e+01 9.89520e+03
1.36169e+01 1.06953e+04
1.36753e+01 1.08980e+04
1.37337e+01 1.11586e+04
1.37920e+01 1.14040e+04
1.38504e+01 1.28259e+04
1.39087e+01 1.26283e+04
1.39669e+01 1.06632e+04
1.40252e+01 1.14207e+04
1.40834e+01 1.19892e+04
1.41416e+01 1.25859e+04
1.41998e+01 1.30883e+04
1.42580e+01 1.37445e+04
1.43161e+01 1.49064e+04
1.43742e+01 1.46838e+04
1.44323e+01 1.23235e+04
1.44903e+01 1.24551e+04
1.45484e+01 1.11956e+04
1.46064e+01 1.16730e+04
1.46644e+01 1.42036e+04
1.47223e+01 1.39952e+04
1.47802e+01 1.27495e+04
1.48382e+01 1.36072e+04
1.48960e+01 1.47087e+04
1.49539e+01 1.40337e+04
1.50117e+01 1.59022e+04
1.50696e+01 1.56731e+04
1.51273e+01 1.72453e+04
1.51851e+01 1.70871e+04
1.52428e+01 1.60395e+04
1.53006e+01 1.79024e+04
1.53582e+01 1.73015e+04
1.54159e+01 1.70297e+04
1.54735e+01 1.75042e+04
1.55312e+01 1.80870e+04
1.55888e+01 1.84492e+04
1.56463e+01 2.07499e+04
1.57039e+01 2.24664e+04
1.57614e+01 2.31067e+04
1.58189e+01 2.14140e+04
1.58763e+01 2.33199e+04
1.59338e+01 2.29757e+04
1.59912e+01 2.05836e+04
1.60486e+01 2.00906e+04
1.61060e+01 2.08205e+04
1.61633e+01 2.22299e+04
1.62206e+01 2.36504e+04
1.62779e+01 2.22943e+04
1.63352e+01 2.32150e+04
1.63925e+01 2.40220e+04
1.64497e+01 2.47781e+04
1.65069e+01 2.66852e+04
1.65640e+01 2.72647e+04
1.66212e+01 2.56559e+04
1.66783e+01 2.66344e+04
1.67354e+01 2.80211e+04
1.67925e+01 2.83353e+04
1.68495e+01 2.81179e+04
1.69066e+01 3.17923e+04
1.69636e+01 3.16242e+04
1.70206e+01 3.28901e+04
1.70775e+01 3.34352e+04
1.71344e+01 3.16376e+04
1.71913e+01 3.28554e+04
1.72482e+01 3.48913e+04
1.73051e+01 3.49616e+04
1.73619e+01 3.82760e+04
1.74187e+01 3.97262e+04
1.74755e+01 3.92072e+04
1.75322e+01 4.02191e+04
1.75890e+01 4.31348e+04
1.76457e+01 4.60590e+04
1.77024e+01 4.78440e+04
1.77590e+01 5.17277e+04
1.78157e+01 5.14380e+04
1.78723e+01 5.40970e+04
1.79289e+01 5.29260e+04
1.79854e+01 5.08221e+04
1.80420e+01 5.25780e+04
1.80985e+01 5.57755e+04
1.81550e+01 5.85036e+04
1.82114e+01 6.30047e+04
1.82679e+01 6.60917e+04
1.83243e+01 6.73537e+04
1.83807e+01 6.95103e+04
1.84370e+01 7.05997e+04
1.84934e+01 6.97742e+04
1.85497e+01 7.27314e+04
1.86060e+01 7.12744e+04
1.86622e+01 7.28386e+04
1.87185e+01 7.90921e+04
1.87747e+01 8.39789e+04
1.88309e+01 8.43279e+04
1.88870e+01 8.86934e+04
1.89432e+01 9.01794e+04
1.89993e+01 9.02489e+04
1.90554e+01 9.02227e+04
1.91115e+01 9.56816e+04
1.91675e+01 9.79196e+04
1.92235e+01 9.99816e+04
1.92795e+01 1.02947e+05
1.93355e+01 1.04753e+05
1.93914e+01 1.09288e+05
1.94474e+01 1.12619e+05
1.95033e+01 1.19110e+05
1.95591e+01 1.26132e+05
1.96150e+01 1.27309e+05
1.96708e+01 1.35764e+05
1.97266e+01 1.43542e+05
1.97824e+01 1.42852e+05
1.98381e+01 1.43919e+05
1.98939e+01 1.53028e+05
1.99496e+01 1.63222e+05
2.00052e+01 1.73585e+05
2.00609e+01 1.75930e+05
2.01165e+01 1.83027e+05
2.01721e+01 1.94139e+05
2.02277e+01 1.99212e+05
2.02833e+01 2.11349e+05
2.03388e+01 2.23512e+05
2.03943e+01 2.31326e+05
2.04498e+01 2.46757e+05
2.05052e+01 2.56590e+05
2.05607e+01 2.69437e+05
2.06161e+01 2.90102e+05
2.06714e+01 2.95932e+05
2.07268e+01 3.07468e+05
2.07821e+01 3.25475e+05
2.08374e+01 3.31603e+05
2.08927e+01 3.32084e+05
2.09480e+01 3.28764e+05
2.10032e+01 3.28313e+05
2.10584e+01 3.26659e+05
2.11136e+01 3.14078e+05
2.11688e+01 2.95507e+05
2.12239e+01 2.78474e+05
2.12790e+01 2.77057e+05
2.13341e+01 2.57739e+05
2.13892e+01 2.34489e+05
2.14442e+01 2.07549e+05
2.14992e+01 1.93733e+05
2.15542e+01 1.84387e+05
2.16092e+01 1.65911e+05
2.16641e+01 1.47255e+05
2.17190e+01 1.32160e+05
2.17739e+01 1.17894e+05
2.18288e+01 1.09170e+05
2.18837e+01 9.99913e+04
2.19385e+01 9.30247e+04
2.19933e+01 9.10133e+04
2.20480e+01 8.41939e+04
2.21028e+01 8.11139e+04
2.21575e+01 7.90735e+04
2.22122e+01 7.36850e+04
2.22669e+01 7.08817e+04
2.23215e+01 6.99944e+04
2.23761e+01 6.83271e+04
2.24307e+01 6.87745e+04
2.24853e+01 6.65699e+04
2.25398e+01 6.95261e+04
2.25944e+01 7.09190e+04
2.26489e+01 7.26154e+04
2.27033e+01 7.40861e+04
2.27578e+01 7.21395e+04
2.28122e+01 7.90984e+04
2.28666e+01 7.81946e+04
2.29210e+01 7.54592e+04
2.29753e+01 7.82999e+04
2.30297e+01 8.23569e+04
2.30840e+01 9.08605e+04
2.31383e+01 9.15484e+04
2.31925e+01 9.26153e+04
2.32467e+01 9.20024e+04
2.33009e+01 9.40074e+04
2.33551e+01 9.49215e+04
2.34093e+01 9.34969e+04
2.34634e+01 9.12100e+04
2.35175e+01 8.95004e+04
2.35716e+01 8.79447e+04
2.36256e+01 8.97817e+04
2.36797e+01 9.33741e+04
2.37337e+01 9.63183e+04
2.37877e+01 9.72785e+04
2.38416e+01 9.64883e+04
2.38956e+01 9.80106e+04
2.39495e+01 9.70228e+04
2.40034e+01 9.66735e+04
2.40572e+01 9.56483e+04
2.41111e+01 9.99276e+04
2.41649e+01 9.84194e+04
2.42187e+01 9.92097e+04
2.42724e+01 9.93290e+04
2.43262e+01 9.41418e+04
2.43799e+01 9.76262e+04
2.44336e+01 1.00501e+05
2.44872e+01 9.93476e+04
2.45409e+01 9.79838e+04
2.45945e+01 9.50961e+04
2.46481e+01 9.94358e+04
2.47016e+01 1.02111e+05
2.47552e+01 1.00101e+05
2.48087e+01 9.57983e+04
2.48622e+01 9.39887e+04
2.49157e+01 9.45727e+04
2.49691e+01 9.92717e+04
2.50225e+01 1.01529e+05
2.50759e+01 9.63054e+04
2.51293e+01 9.03114e+04
2.51826e+01 9.31882e+04
2.52359e+01 9.39767e+04
2.52892e+01 9.60024e+04
2.53425e+01 9.22103e+04
2.53958e+01 9.03657e+04
2.54490e+01 8.98413e+04
2.55022e+01 8.61399e+04
2.55554e+01 8.42787e+04
2.56085e+01 8.26171e+04
2.56616e+01 8.28572e+04
2.57147e+01 8.10160e+04
2.57678e+01 7.49936e+04
2.58209e+01 7.46442e+04
2.58739e+01 7.39263e+04
2.59269e+01 7.68035e+04
2.59799e+01 7.46264e+04
2.60328e+01 7.45385e+04
2.60857e+01 7.64723e+04
2.61386e+01 7.34995e+04
2.61915e+01 6.64900e+04
2.62444e+01 6.42705e+04
2.62972e+01 6.28999e+04
2.63500e+01 6.15148e+04
2.64028e+01 6.08285e+04
2.64556e+01 6.16148e+04
2.65083e+01 5.88967e+04
2.65610e+01 5.54884e+04
2.66137e+01 5.59251e+04
2.66663e+01 5.67108e+04
2.67190e+01 5.51943e+04
2.67716e+01 5.30520e+04
2.68242e+01 5.26324e+04
2.68767e+01 4.83175e+04
2.69293e+01 4.40920e+04
2.69818e+01 4.34948e+04
2.70343e+01 4.50799e+04
2.70867e+01 4.47962e+04
2.71392e+01 4.51939e+04
2.71916e+01 4.33558e+04
2.72440e+01 4.15864e+04
2.72963e+01 4.11693e+04
2.73487e+01 3.92882e+04
2.74010e+01 3.77728e+04
2.74533e+01 3.71790e+04
2.75055e+01 3.75345e+04
2.75578e+01 3.77726e+04
2.76100e+01 3.66719e+04
2.76622e+01 3.43435e+04
2.77143e+01 3.35969e+04
2.77665e+01 3.22804e+04
2.78186e+01 3.08339e+04
2.78707e+01 3.08297e+04
2.79228e+01 3.23515e+04
2.79748e+01 3.10800e+04
2.80268e+01 2.78337e+04
2.80788e+01 2.57763e+04
2.81308e+01 2.52504e+04
2.81827e+01 2.67248e+04
2.82347e+01 2.55418e+04
2.82866e+01 2.27260e+04
2.83384e+01 2.57366e+04
2.83903e+01 2.80674e+04
2.84421e+01 2.80013e+04
2.84939e+01 2.63237e+04
2.85457e+01 2.34300e+04
2.85974e+01 2.36654e+04
2.86492e+01 2.49466e+04
2.87009e+01 2.36871e+04
2.87525e+01 2.16081e+04
2.88042e+01 2.09104e+04
2.88558e+01 2.26662e+04
2.89074e+01 2.04650e+04
2.89590e+01 2.31037e+04
2.90106e+01 2.20029e+04
2.90621e+01 2.08799e+04
2.91136e+01 1.91020e+04
2.91651e+01 1.96507e+04
2.92165e+01 2.01900e+04
2.92680e+01 1.95693e+04
2.93194e+01 1.77757e+04
2.93707e+01 1.80913e+04
2.94221e+01 1.93367e+04
2.94734e+01 1.85910e+04
2.95247e+01 1.74566e+04
2.95760e+01 1.64092e+04
2.96273e+01 1.57568e+04
2.96785e+01 1.84954e+04
2.97297e+01 1.73211e+04
2.97809e+01 1.73584e+04
2.98321e+01 1.80915e+04
2.98832e+01 1.58370e+04
2.99343e+01 1.40857e+04
2.99854e+01 1.48813e+04
3.00365e+01 1.51943e+04
3.00875e+01 1.47144e+04
3.01385e+01 1.56987e+04
3.01895e+01 1.48076e+04
3.02405e+01 1.32058e+04
3.02914e+01 1.28511e+04
3.03423e+01 1.24148e+04
3.03932e+01 1.25518e+04
3.04441e+01 1.34862e+04
3.04949e+01 1.41023e+04
3.05458e+01 1.40887e+04
3.05965e+01 1.27086e+04
3.06473e+01 1.35469e+04
3.06981e+01 1.46361e+04
3.07488e+01 1.46531e+04
3.07995e+01 1.28727e+04
3.08501e+01 1.21228e+04
3.09008e+01 1.18610e+04
3.09514e+01 1.24081e+04
3.10020e+01 1.20541e+04
3.10526e+01 1.25879e+04
3.11031e+01 1.16290e+04
3.11537e+01 1.17173e+04
3.12042e+01 1.22358e+04
3.12546e+01 1.22220e+04
3.13051e+01 1.25092e+04
3.13555e+01 1.21685e+04
3.14059e+01 1.18789e+04
3.14563e+01 1.08807e+04
3.15066e+01 1.07767e+04
3.15570e+01 1.12755e+04
3.16073e+01 1.26439e+04
3.16575e+01 1.23782e+04
3.17078e+01 1.09705e+04
3.17580e+01 1.16528e+04
3.18082e+01 1.16602e+04
3.18584e+01 1.06133e+04
3.19086e+01 9.50950e+03
3.19587e+01 1.00601e+04
3.20088e+01 9.02590e+03
3.20589e+01 9.65810e+03
3.21089e+01 9.81880e+03
3.21590e+01 1.04952e+04
3.22090e+01 1.13272e+04
3.22590e+01 1.05017e+04
3.23089e+01 8.62700e+03
3.23588e+01 9.64440e+03
3.24088e+01 9.35840e+03
3.24586e+01 9.98990e+03
3.25085e+01 1.12354e+04
3.25583e+01 1.11039e+04
3.26081e+01 9.89380e+03
3.26579e+01 9.36430e+03
3.27077e+01 8.25760e+03
3.27574e+01 8.00650e+03
3.28071e+01 8.65230e+03
3.28568e+01 8.33570e+03
3.29065e+01 8.74800e+03
3.29561e+01 9.06060e+03
3.30058e+01 9.62280e+03
3.30553e+01 1.00663e+04
3.31049e+01 8.90860e+03
3.31545e+01 7.84630e+03
3.32040e+01 8.51260e+03
3.32535e+01 7.90500e+03
3.33029e+01 7.87030e+03
3.33524e+01 9.42790e+03
3.34018e+01 8.86570e+03
3.34512e+01 8.69720e+03
3.35006e+01 7.09060e+03
3.35499e+01 7.25420e+03
3.35992e+01 1.08812e+04
3.36485e+01 9.70050e+03
3.36978e+01 7.65380e+03
3.37470e+01 8.64160e+03
3.37963e+01 9.99790e+03
3.38455e+01 8.02910e+03
3.38946e+01 9.97670e+03
3.39438e+01 1.03851e+04
3.39929e+01 1.16843e+04
3.40420e+01 9.68580e+03
3.40911e+01 8.89100e+03
3.41401e+01 8.79850e+03
3.41892e+01 9.28220e+03
3.42382e+01 8.60130e+03
3.42871e+01 9.39570e+03
3.43361e+01 1.06732e+04
3.43850e+01 9.18810e+03
3.44339e+01 7.96610e+03
3.44828e+01 8.82030e+03
3.45316e+01 7.66800e+03
3.45805e+01 7.16270e+03
3.46293e+01 9.25750e+03
3.46781e+01 8.90610e+03
3.47268e+01 8.44400e+03
3.47756e+01 7.83130e+03
3.48243e+01 8.26040e+03
3.48729e+01 9.19910e+03
3.49216e+01 8.59640e+03
3.49702e+01 8.84300e+03
3.50188e+01 1.00119e+04
3.50674e+01 9.11460e+03
3.51160e+01 8.43100e+03
3.51645e+01 9.65220e+03
3.52130e+01 8.95710e+03
3.52615e+01 8.60100e+03
3.53100e+01 8.39540e+03
3.53584e+01 8.74800e+03
3.54068e+01 8.92900e+03
3.54552e+01 8.62690e+03
3.55036e+01 8.89130e+03
3.55519e+01 8.17870e+03
3.56002e+01 7.01420e+03
3.56485e+01 7.97890e+03
3.56968e+01 8.61240e+03
3.57450e+01 9.25770e+03
3.57932e+01 7.77650e+03
3.58414e+01 8.99830e+03
3.58896e+01 1.07085e+04
3.59377e+01 1.09440e+04
3.59859e+01 8.54080e+03
3.60340e+01 7.80370e+03
3.60820e+01 7.48380e+03
3.61301e+01 8.89300e+03
3.61781e+01 9.39090e+03
3.62261e+01 8.26510e+03
3.62741e+01 8.34700e+03
3.63220e+01 1.07182e+04
3.63699e+01 1.09625e+04
3.64178e+01 9.22430e+03
3.64657e+01 9.65520e+03
3.65135e+01 9.75690e+03
3.65614e+01 1.29186e+04
3.66092e+01 1.29576e+04
3.66569e+01 1.15345e+04
3.67047e+01 1.09186e+04
3.67524e+01 1.06174e+04
3.68001e+01 1.07777e+04
3.68478e+01 8.97410e+03
3.68954e+01 7.94500e+03
3.69431e+01 9.55400e+03
3.69907e+01 1.11394e+04
3.70383e+01 1.06632e+04
3.70858e+01 1.12955e+04
3.71333e+01 1.32226e+04
3.71808e+01 1.28232e+04
3.72283e+01 1.08523e+04
3.72758e+01 1.07906e+04
3.73232e+01 1.32943e+04
3.73706e+01 1.40011e+04
3.74180e+01 1.36284e+04
3.74654e+01 1.40626e+04
3.75127e+01 1.21963e+04
3.75600e+01 1.27517e+04
3.76073e+01 1.38011e+04
3.76545e+01 1.47219e+04
3.77018e+01 1.32895e+04
3.77490e+01 1.30388e+04
3.77962e+01 1.31205e+04
3.78433e+01 1.35838e+04
3.78905e+01 1.46211e+04
3.79376e+01 1.71701e+04
3.79847e+01 1.69420e+04
3.80317e+01 1.76313e+04
3.80788e+01 1.82617e+04
3.81258e+01 1.74248e+04
3.81728e+01 1.82076e+04
3.82197e+01 1.72000e+04
3.82667e+01 1.67931e+04
3.83136e+01 1.78245e+04
3.83605e+01 1.66486e+04
3.84073e+01 1.64590e+04
3.84542e+01 1.72651e+04
3.85010e+01 1.89346e+04
3.85478e+01 1.91322e+04
3.85946e+01 1.87036e+04
3.86413e+01 1.94729e+04
3.86880e+01 1.93044e+04
3.87347e+01 2.03837e+04
3.87814e+01 1.87090e+04
3.88280e+01 1.80935e+04
3.88747e+01 1.70714e+04
3.89213e+01 1.86438e+04
3.89678e+01 1.73206e+04
3.90144e+01 1.90753e+04
3.90609e+01 1.75019e+04
3.91074e+01 1.83620e+04
3.91539e+01 1.85371e+04
3.92003e+01 1.93693e+04
3.92467e+01 1.69513e+04
3.92931e+01 1.72369e+04
3.93395e+01 1.51843e+04
3.93859e+01 1.41193e+04
3.94322e+01 1.61267e+04
3.94785e+01 1.72742e+04
3.95248e+01 1.71528e+04
3.95710e+01 1.60256e+04
3.96173e+01 1.54023e+04
3.96635e+01 1.53193e+04
3.97096e+01 1.57843e+04
3.97558e+01 1.55556e+04
3.98019e+01 1.55694e+04
3.98480e+01 1.58278e+04
3.98941e+01 1.53428e+04
3.99402e+01 1.49243e+04
3.99862e+01 1.57129e+04
4.00322e+01 1.74466e+04
4.00782e+01 1.69462e+04
4.01242e+01 1.56660e+04
4.01701e+01 1.38276e+04
4.02160e+01 1.49039e+04
4.02619e+01 1.55823e+04
4.03077e+01 1.70178e+04
4.03536e+01 1.59988e+04
4.03994e+01 1.67871e+04
4.04452e+01 1.57841e+04
4.04909e+01 1.56451e+04
4.05367e+01 1.45513e+04
4.05824e+01 1.50108e+04
4.06281e+01 1.43457e+04
4.06737e+01 1.76231e+04
4.07194e+01 1.85917e+04
4.07650e+01 1.81090e+04
4.08106e+01 1.79420e+04
4.08561e+01 1.86739e+04
4.09017e+01 1.87679e+04
4.09472e+01 1.67770e+04
4.09927e+01 1.65226e+04
4.10382e+01 1.42847e+04
4.10836e+01 1.50108e+04
4.11290e+01 1.60484e+04
4.11744e+01 1.60793e+04
4.12198e+01 1.70505e+04
4.12651e+01 1.59380e+04
4.13105e+01 1.50847e+04
4.13558e+01 1.57631e+04
4.14010e+01 1.60852e+04
4.14463e+01 1.60315e+04
4.14915e+01 1.78705e+04
4.15367e+01 1.66897e+04
4.15819e+01 1.65568e+04
4.16270e+01 1.66203e+04
4.16721e+01 1.45927e+04
4.17172e+01 1.31525e+04
4.17623e+01 1.27835e+04
4.18074e+01 1.28790e+04
4.18524e+01 1.36825e+04
4.18974e+01 1.38712e+04
4.19424e+01 1.44860e+04
4.19873e+01 1.40253e+04
4.20322e+01 1.58980e+04
4.20771e+01 1.41394e+04
4.21220e+01 1.47935e+04
4.21669e+01 1.52272e+04
4.22117e+01 1.58979e+04
4.22565e+01 1.45927e+04
4.23013e+01 1.47281e+04
4.23461e+01 1.36849e+04
4.23908e+01 1.33549e+04
4.24355e+01 1.36446e+04
4.24802e+01 1.38340e+04
4.25248e+01 1.39334e+04
4.25695e+01 1.32999e+04
4.26141e+01 1.18925e+04
4.26587e+01 1.32277e+04
4.27032e+01 1.23267e+04
4.27477e+01 1.30639e+04
4.27923e+01 1.33471e+04
4.28367e+01 1.27975e+04
4.28812e+01 1.19970e+04
4.29256e+01 1.28800e+04
4.29701e+01 1.29274e+04
4.30144e+01 1.32636e+04
4.30588e+01 1.10910e+04
4.31031e+01 1.34517e+04
4.31475e+01 1.50915e+04
4.31917e+01 1.33512e+04
4.32360e+01 1.28991e+04
4.32803e+01 1.24757e+04
4.33245e+01 1.19265e+04
4.33687e+01 1.24576e+04
4.34128e+01 9.97810e+03
4.34570e+01 1.25637e+04
4.35011e+01 1.39615e+04
4.35452e+01 1.32862e+04
4.35893e+01 1.23638e+04
4.36333e+01 1.20892e+04
4.36773e+01 1.19362e+04
4.37213e+01 1.15801e+04
4.37653e+01 1.21039e+04
4.38092e+01 1.08685e+04
4.38531e+01 1.25067e+04
4.38970e+01 1.31201e+04
4.39409e+01 1.31458e+04
4.39848e+01 1.28563e+04
4.40286e+01 1.47742e+04
4.40724e+01 1.31028e+04
4.41162e+01 1.25192e+04
4.41599e+01 1.27453e+04
4.42036e+01 1.22052e+04
4.42473e+01 1.38546e+04
4.42910e+01 1.23109e+04
4.43347e+01 1.16563e+04
4.43783e+01 1.22926e+04
4.44219e+01 1.38800e+04
4.44655e+01 1.19978e+04
4.45090e+01 1.21098e+04
4.45526e+01 1.42310e+04
4.45961e+01 1.45163e+04
4.46395e+01 1.39965e+04
4.46830e+01 1.25204e+04
4.47264e+01 1.36843e+04
4.47698e+01 1.41451e+04
4.48132e+01 1.46439e+04
4.48566e+01 1.48979e+04
4.48999e+01 1.66002e+04
4.49432e+01 1.57075e+04
4.49865e+01 1.46970e+04
4.50298e+01 1.38031e+04
4.50730e+01 1.40985e+04
4.51162e+01 1.57887e+04
4.51594e+01 1.58458e+04
4.52025e+01 1.38431e+04
4.52457e+01 1.37826e+04
4.52888e+01 1.25041e+04
4.53319e+01 1.54075e+04
4.53749e+01 1.43725e+04
4.54180e+01 1.19682e+04
4.54610e+01 1.25258e+04
4.55040e+01 1.06839e+04
4.55469e+01 1.01039e+04
4.55899e+01 1.20280e+04
4.56328e+01 1.22686e+04
4.56757e+01 1.29747e+04
4.57186e+01 1.32833e+04
4.57614e+01 1.46680e+04
4.58042e+01 1.61092e+04
4.58470e+01 1.40281e+04
4.58898e+01 1.18875e+04
4.59325e+01 1.09881e+04
4.59752e+01 1.33367e+04
4.60179e+01 1.49733e+04
4.60606e+01 1.40113e+04
4.61032e+01 1.40931e+04
4.61459e+01 1.12795e+04
4.61885e+01 1.09248e+04
4.62310e+01 1.16007e+04
4.62736e+01 1.42667e+04
4.63161e+01 1.36081e+04
4.63586e+01 1.42261e+04
4.64011e+01 1.20589e+04
4.64435e+01 1.15487e+04
4.64860e+01 1.21792e+04
4.65284e+01 1.00682e+04
4.65707e+01 1.00943e+04
4.66131e+01 1.04874e+04
4.66554e+01 1.07448e+04
4.66977e+01 1.05891e+04
4.67400e+01 1.10730e+04
4.67822e+01 9.89670e+03
4.68245e+01 7.92050e+03
4.68667e+01 8.14090e+03
4.69088e+01 8.97360e+03
4.69510e+01 1.04778e+04
4.69931e+01 8.00460e+03
4.70352e+01 8.16190e+03
4.70773e+01 8.12740e+03
4.71194e+01 9.24550e+03
4.71614e+01 9.83290e+03
4.72034e+01 8.96360e+03
4.72454e+01 8.28960e+03
4.72874e+01 8.23260e+03
4.73293e+01 7.69270e+03
4.73712e+01 7.45910e+03
4.74131e+01 6.72120e+03
4.74549e+01 7.13490e+03
4.74968e+01 7.38490e+03
4.75386e+01 6.59140e+03
4.75804e+01 6.85210e+03
4.76221e+01 6.93900e+03
4.76639e+01 8.08730e+03
4.77056e+01 9.82580e+03
4.77473e+01 7.44040e+03
4.77889e+01 6.77580e+03
4.78306e+01 7.04530e+03
4.78722e+01 7.33080e+03
4.79138e+01 8.12470e+03
4.79553e+01 7.49340e+03
4.79969e+01 5.92240e+03
4.80384e+01 5.17240e+03
4.80799e+01 6.23280e+03
4.81214e+01 6.25650e+03
4.81628e+01 6.37640e+03
4.82042e+01 5.66990e+03
4.82456e+01 5.02580e+03
4.82870e+01 4.73540e+03
4.83283e+01 3.46880e+03
4.83697e+01 4.04150e+03
4.84109e+01 5.87680e+03
4.84522e+01 5.53250e+03
4.84935e+01 5.33580e+03
4.85347e+01 6.88350e+03
4.85759e+01 6.37290e+03
4.86171e+01 5.90310e+03
4.86582e+01 4.87010e+03
4.86993e+01 4.38590e+03
4.87404e+01 5.16480e+03
4.87815e+01 3.10920e+03
4.88226e+01 2.91740e+03
4.88636e+01 4.31560e+03
4.89046e+01 6.79580e+03
4.89456e+01 7.85080e+03
4.89865e+01 6.58650e+03
4.90274e+01 6.12780e+03
4.90683e+01 5.88100e+03
4.91092e+01 6.36210e+03
4.91501e+01 7.09260e+03
4.91909e+01 4.69770e+03
4.92317e+01 4.68200e+03
4.92725e+01 4.70360e+03
4.93132e+01 6.11100e+03
4.93540e+01 5.56410e+03
4.93947e+01 5.22770e+03
4.94354e+01 3.84330e+03
4.94760e+01 4.30850e+03
4.95167e+01 6.14390e+03
4.95573e+01 7.29600e+03
4.95978e+01 5.29690e+03
4.96384e+01 5.91230e+03
4.96789e+01 5.32830e+03
4.97194e+01 5.58550e+03
4.97599e+01 6.54260e+03
4.98004e+01 6.05880e+03
4.98408e+01 4.56050e+03
4.98812e+01 6.79620e+03
4.99216e+01 5.73990e+03
4.99620e+01 6.54360e+03
5.00023e+01 5.57070e+03
5.00426e+01 5.27930e+03
5.00829e+01 5.28860e+03
5.01232e+01 6.14780e+03
5.01634e+01 6.38970e+03
5.02037e+01 5.66760e+03
5.02438e+01 5.04110e+03
5.02840e+01 5.85310e+03
5.03242e+01 4.07930e+03
5.03643e+01 4.94850e+03
5.04044e+01 7.07350e+03
5.04444e+01 9.11610e+03
5.04845e+01 7.28500e+03
5.05245e+01 5.22180e+03
5.05645e+01 4.39500e+03
5.06045e+01 4.43560e+03
5.06444e+01 6.24730e+03
5.06843e+01 7.89160e+03
5.07242e+01 7.46980e+03
5.07641e+01 7.43330e+03
5.08039e+01 6.37180e+03
5.08438e+01 7.62120e+03
5.08836e+01 6.83640e+03
5.09233e+01 5.02130e+03
5.09631e+01 4.26650e+03
5.10028e+01 4.41870e+03
5.10425e+01 5.20320e+03
5.10822e+01 5.76090e+03
5.11218e+01 6.64030e+03
5.11615e+01 6.80250e+03
5.12011e+01 6.23420e+03
5.12407e+01 7.62110e+03
5.12802e+01 7.00080e+03
5.13197e+01 6.18310e+03
5.13592e+01 6.30360e+03
5.13987e+01 6.55760e+03
5.14382e+01 6.10830e+03
5.14776e+01 6.95690e+03
5.15170e+01 7.94770e+03
5.15564e+01 5.53900e+03
5.15957e+01 6.30900e+03
5.16351e+01 6.60260e+03
5.16744e+01 6.97720e+03
5.17137e+01 6.93400e+03
5.17529e+01 7.56050e+03
5.17922e+01 5.96090e+03
5.18314e+01 3.84800e+03
5.18706e+01 3.12180e+03
5.19097e+01 4.37660e+03
5.19489e+01 4.93940e+03
5.19880e+01 4.92610e+03
5.20271e+01 4.72960e+03
5.20661e+01 5.03810e+03
5.21052e+01 4.38180e+03
5.21442e+01 4.88120e+03
5.21832e+01 5.22010e+03
5.22221e+01 6.06090e+03
5.22611e+01 5.72750e+03
5.23000e+01 4.72540e+03
5.23389e+01 3.65740e+03
5.23777e+01 5.40410e+03
5.24166e+01 5.48900e+03
5.24554e+01 4.99010e+03
5.24942e+01 6.95890e+03
5.25329e+01 6.63610e+03
5.25717e+01 5.22240e+03
5.26104e+01 5.55410e+03
5.26491e+01 3.89970e+03
5.26878e+01 4.97340e+03
5.27264e+01 5.92010e+03
5.27650e+01 7.22490e+03
5.28036e+01 7.15150e+03
5.28422e+01 8.09030e+03
5.28808e+01 6.61540e+03
5.29193e+01 6.23650e+03
5.29578e+01 6.08220e+03
5.29962e+01 5.35210e+03
5.30347e+01 3.67200e+03
5.30731e+01 4.30750e+03
5.31115e+01 6.61760e+03
5.31499e+01 5.90160e+03
5.31882e+01 5.24520e+03
5.32266e+01 6.52780e+03
5.32649e+01 5.62730e+03
5.33032e+01 5.19170e+03
5.33414e+01 4.56130e+03
5.33796e+01 5.14530e+03
5.34178e+01 6.06060e+03
5.34560e+01 5.98030e+03
5.34942e+01 6.67790e+03
5.35323e+01 5.63890e+03
5.35704e+01 4.92640e+03
5.36085e+01 5.76320e+03
5.36465e+01 4.37540e+03
5.36846e+01 4.30220e+03
5.37226e+01 4.11510e+03
5.37606e+01 6.24450e+03
5.37985e+01 5.87000e+03
5.38365e+01 3.27180e+03
5.38744e+01 4.36680e+03
5.39122e+01 5.74650e+03
5.39501e+01 4.70320e+03
5.39879e+01 4.74520e+03
5.40258e+01 5.63060e+03
5.40635e+01 6.32410e+03
5.41013e+01 6.73440e+03
5.41390e+01 6.90560e+03
5.41767e+01 5.99180e+03
5.42144e+01 5.57950e+03
5.42521e+01 4.50170e+03
5.42897e+01 4.99890e+03
5.43274e+01 4.99240e+03
5.43649e+01 4.19770e+03
5.44025e+01 5.89990e+03
5.44400e+01 6.12720e+03
5.44776e+01 5.29080e+03
5.45151e+01 4.54160e+03
5.45525e+01 4.65610e+03
5.45900e+01 5.13010e+03
5.46274e+01 4.58570e+03
5.46648e+01 4.66200e+03
5.47021e+01 4.59100e+03
5.47395e+01 4.88920e+03
5.47768e+01 4.41040e+03
5.48141e+01 4.04460e+03
5.48514e+01 3.33350e+03
5.48886e+01 4.16420e+03
5.49258e+01 6.19770e+03
5.49630e+01 5.86760e+03
5.50002e+01 6.48150e+03
5.50374e+01 5.11740e+03
5.50745e+01 5.32550e+03
5.51116e+01 4.52350e+03
5.51487e+01 4.71370e+03
5.51857e+01 4.86110e+03
5.52227e+01 3.71210e+03
5.52597e+01 3.26630e+03
5.52967e+01 3.04610e+03
5.53337e+01 4.99690e+03
5.53706e+01 4.62710e+03
5.54075e+01 4.04160e+03
5.54444e+01 4.55930e+03
5.54812e+01 4.86110e+03
5.55181e+01 5.67740e+03
5.55549e+01 5.68500e+03
5.55916e+01 4.30230e+03
5.56284e+01 3.76830e+03
5.56651e+01 3.46170e+03
5.57018e+01 3.37980e+03
5.57385e+01 2.87190e+03
5.57752e+01 4.17800e+03
5.58118e+01 4.19100e+03
5.58484e+01 4.56980e+03
5.58850e+01 5.00350e+03
5.59216e+01 4.68760e+03
5.59581e+01 4.33340e+03
5.59946e+01 3.61360e+03
5.60311e+01 3.87710e+03
5.60675e+01 3.11780e+03
5.61040e+01 3.22340e+03
5.61404e+01 2.72410e+03
5.61768e+01 4.74980e+03
5.62131e+01 4.36980e+03
5.62495e+01 3.82170e+03
5.62858e+01 4.32550e+03
5.63221e+01 3.32010e+03
5.63584e+01 2.99150e+03
5.63946e+01 3.67610e+03
5.64308e+01 4.89520e+03
5.64670e+01 4.27080e+03
5.65032e+01 5.09430e+03
5.65393e+01 4.87060e+03
5.65754e+01 5.25930e+03
5.66115e+01 3.88190e+03
5.66476e+01 2.70020e+03
5.66836e+01 3.74220e+03
5.67196e+01 4.30800e+03
5.67556e+01 5.09430e+03
5.67916e+01 4.32750e+03
5.68276e+01 3.15240e+03
5.68635e+01 2.79450e+03
5.68994e+01 2.51460e+03
5.69352e+01 3.12980e+03
5.69711e+01 4.91240e+03
5.70069e+01 3.86950e+03
5.70427e+01 4.86760e+03
5.70785e+01 5.33720e+03
5.71142e+01 3.85650e+03
5.71500e+01 3.22060e+03
5.71857e+01 2.95310e+03
5.72213e+01 3.68210e+03
5.72570e+01 4.93660e+03
5.72926e+01 3.76890e+03
5.73282e+01 5.70960e+03
5.73638e+01 6.47810e+03
5.73993e+01 6.50650e+03
5.74349e+01 6.00190e+03
5.74704e+01 4.88290e+03
5.75059e+01 5.15160e+03
5.75413e+01 5.09430e+03
5.75767e+01 5.26990e+03
5.76122e+01 4.73450e+03
5.76475e+01 5.19530e+03
5.76829e+01 5.39950e+03
5.77182e+01 3.68910e+03
5.77535e+01 4.18630e+03
5.77888e+01 5.60210e+03
5.78241e+01 4.20460e+03
5.78593e+01 3.76180e+03
5.78945e+01 4.98340e+03
5.79297e+01 4.26810e+03
5.79649e+01 4.86450e+03
5.80000e+01 6.80790e+03
5.80351e+01 4.81730e+03
5.80702e+01 4.64740e+03
5.81053e+01 6.44260e+03
5.81403e+01 6.84960e+03
5.81753e+01 7.18240e+03
5.82103e+01 8.55880e+03
5.82453e+01 9.63460e+03
5.82802e+01 7.69220e+03
5.83151e+01 7.29020e+03
5.83500e+01 6.58210e+03
5.83849e+01 7.17080e+03
5.84197e+01 8.18230e+03
5.84545e+01 7.86520e+03
5.84893e+01 7.00610e+03
5.85241e+01 7.72940e+03
5.85588e+01 7.65080e+03
5.85935e+01 7.05090e+03
5.86282e+01 8.66470e+03
5.86629e+01 9.24860e+03
5.86976e+01 9.25260e+03
5.87322e+01 8.00660e+03
5.87668e+01 8.37710e+03
5.88013e+01 9.24720e+03
5.88359e+01 9.72720e+03
5.88704e+01 7.81880e+03
5.89049e+01 7.08430e+03
5.89394e+01 8.83750e+03
5.89738e+01 9.39240e+03
5.90083e+01 9.71350e+03
5.90427e+01 1.02324e+04
5.90770e+01 1.16361e+04
5.91114e+01 9.74630e+03
5.91457e+01 7.59050e+03
5.91800e+01 8.66190e+03
5.92143e+01 1.09352e+04
5.92485e+01 1.13759e+04
5.92828e+01 1.29088e+04
5.93170e+01 1.41850e+04
5.93511e+01 1.52783e+04
5.93853e+01 1.23867e+04
5.94194e+01 1.12113e+04
5.94535e+01 1.12266e+04
5.94876e+01 1.25255e+04
5.95217e+01 1.28556e+04
5.95557e+01 1.09560e+04
5.95897e+01 9.33250e+03
5.96237e+01 1.17893e+04
5.96576e+01 1.42540e+04
5.96916e+01 1.34083e+04
5.97255e+01 9.71220e+03
5.97594e+01 8.90750e+03
5.97932e+01 9.98300e+03
5.98271e+01 1.07930e+04
5.98609e+01 9.70390e+03
5.98947e+01 1.02310e+04
5.99284e+01 1.15330e+04
5.99622e+01 1.04882e+04
5.99959e+01 8.53500e+03
6.00296e+01 8.52820e+03
6.00632e+01 9.61400e+03
6.00969e+01 1.05143e+04
6.01305e+01 1.08469e+04
6.01641e+01 1.00722e+04
6.01976e+01 9.68210e+03
6.02312e+01 7.19930e+03
6.02647e+01 5.92220e+03
6.02982e+01 6.90260e+03
6.03316e+01 7.05250e+03
6.03651e+01 6.05680e+03
6.03985e+01 7.28040e+03
6.04319e+01 6.18320e+03
6.04653e+01 6.70610e+03
6.04986e+01 4.40870e+03
6.05319e+01 5.24020e+03
6.05652e+01 6.82020e+03
6.05985e+01 6.88290e+03
6.06317e+01 7.00700e+03
6.06650e+01 7.23980e+03
6.06982e+01 5.40330e+03
6.07313e+01 6.64480e+03
6.07645e+01 6.97070e+03
6.07976e+01 7.12350e+03
6.08307e+01 6.16770e+03
6.08638e+01 4.27400e+03
6.08968e+01 6.94370e+03
6.09299e+01 6.17620e+03
6.09629e+01 4.84200e+03
6.09958e+01 3.56590e+03
6.10288e+01 3.51840e+03
6.10617e+01 4.52250e+03
6.10946e+01 5.58360e+03
6.11275e+01 5.70390e+03
6.11603e+01 5.21670e+03
6.11932e+01 2.95390e+03
6.12260e+01 3.45220e+03
6.12588e+01 3.77180e+03
6.12915e+01 3.82120e+03
6.13242e+01 2.73450e+03
6.13569e+01 3.32890e+03
6.13896e+01 1.95460e+03
6.14223e+01 3.70340e+03
6.14549e+01 4.75740e+03
6.14875e+01 4.01880e+03
6.15201e+01 3.71630e+03
6.15527e+01 2.73710e+03
6.15852e+01 3.64420e+03
6.16177e+01 2.77660e+03
6.16502e+01 2.96860e+03
6.16827e+01 2.79400e+03
6.17151e+01 3.00220e+03
6.17475e+01 3.53880e+03
6.17799e+01 2.41390e+03
6.18123e+01 2.65270e+03
6.18446e+01 2.92620e+03
6.18769e+01 2.39950e+03
6.19092e+01 2.43420e+03
6.19415e+01 2.86650e+03
6.19737e+01 3.75610e+03
6.20059e+01 1.77860e+03
6.20381e+01 1.15480e+03
6.20703e+01 2.60630e+03
6.21024e+01 2.54330e+03
6.21345e+01 2.29280e+03
6.21666e+01 2.37030e+03
6.21987e+01 2.39370e+03
6.22307e+01 1.58190e+03
6.22628e+01 1.81600e+03
6.22948e+01 3.46620e+03
6.23267e+01 2.15410e+03
6.23587e+01 3.33460e+03
6.23906e+01 2.76160e+03
6.24225e+01 1.46960e+03
6.24544e+01 2.35830e+03
6.24862e+01 2.85880e+03
6.25180e+01 3.22830e+03
6.25498e+01 3.39780e+03
6.25816e+01 2.42620e+03
6.26133e+01 1.67350e+03
6.26451e+01 1.94350e+03
6.26768e+01 2.82070e+03
6.27084e+01 2.37990e+03
6.27401e+01 1.65220e+03
6.27717e+01 1.62640e+03
6.28033e+01 1.49110e+03
6.28349e+01 1.64550e+03
6.28665e+01 9.71700e+02
6.28980e+01 1.14550e+03
6.29295e+01 1.39620e+03
6.29610e+01 1.68800e+03
6.29924e+01 1.64980e+03
6.30238e+01 1.21620e+03
6.30553e+01 8.16100e+02
6.30866e+01 1.19830e+03
6.31180e+01 1.72930e+03
6.31493e+01 1.52040e+03
6.31806e+01 2.49100e+03
6.32119e+01 1.31230e+03
6.32432e+01 1.46140e+03
6.32744e+01 2.71020e+03
6.33056e+01 2.17570e+03
6.33368e+01 1.40550e+03
6.33680e+01 1.74440e+03
6.33991e+01 1.76600e+03
6.34302e+01 1.91060e+03
6.34613e+01 3.04740e+03
6.34924e+01 2.14260e+03
6.35234e+01 1.47380e+03
6.35544e+01 1.47810e+03
6.35854e+01 7.54000e+02
6.36164e+01 4.16800e+02
6.36473e+01 2.78600e+02
6.36782e+01 3.24800e+02
6.37091e+01 1.65050e+03
6.37400e+01 3.85640e+03
6.37708e+01 3.52230e+03
6.38016e+01 3.07490e+03
6.38324e+01 2.30820e+03
6.38632e+01 1.44030e+03
6.38939e+01 1.91590e+03
6.39246e+01 3.52410e+03
6.39553e+01 3.06490e+03
6.39860e+01 7.29400e+02
6.40166e+01 7.00300e+02
6.40473e+01 1.47610e+03
6.40779e+01 2.68490e+03
6.41084e+01 3.45940e+03
6.41390e+01 2.57140e+03
6.41695e+01 2.15350e+03
6.42000e+01 9.12800e+02
6.42305e+01 4.82700e+02
6.42609e+01 1.18070e+03
6.42913e+01 1.03260e+03
6.43217e+01 5.88100e+02
6.43521e+01 1.29450e+03
6.43825e+01 2.57760e+03
6.44128e+01 2.71590e+03
6.44431e+01 1.78470e+03
6.44734e+01 2.52120e+03
6.45036e+01 1.59800e+03
6.45339e+01 2.37310e+03
6.45641e+01 1.93520e+03
6.45942e+01 1.90060e+03
6.46244e+01 1.52250e+03
6.46545e+01 2.69160e+03
6.46846e+01 2.15800e+03
6.47147e+01 1.89150e+03
6.47448e+01 2.39290e+03
6.47748e+01 2.02610e+03
6.48048e+01 1.60440e+03
6.48348e+01 2.23580e+03
6.48647e+01 2.22040e+03
6.48947e+01 8.87800e+02
6.49246e+01 6.21200e+02
6.49545e+01 6.38900e+02
6.49843e+01 6.62500e+02
6.50142e+01 1.62200e+03
6.50440e+01 1.21040e+03
6.50738e+01 1.19590e+03
6.51035e+01 1.30400e+02
6.51332e+01 1.09070e+03
6.51630e+01 5.03700e+02
6.51926e+01 7.18600e+02
6.52223e+01 1.18000e+03
6.52519e+01 4.06000e+01
6.52816e+01 1.13260e+03
6.53112e+01 2.19640e+03
6.53407e+01 1.11260e+03
6.53703e+01 7.11600e+02
6.53998e+01 6.57700e+02
6.54293e+01 9.85800e+02
6.54587e+01 3.88000e+01
6.54882e+01 1.10920e+03
6.55176e+01 1.10220e+03
6.55470e+01 4.32200e+02
6.55764e+01 9.33200e+02
6.56057e+01 1.34990e+03
6.56350e+01 6.06100e+02
6.56643e+01 9.97600e+02
6.56936e+01 8.02000e+01
6.57228e+01 -5.44700e+02
6.57520e+01 2.90000e+01
6.57812e+01 6.08700e+02
6.58104e+01 5.99500e+02
6.58396e+01 5.92100e+02
6.58687e+01 3.14200e+02
6.58978e+01 4.65100e+02
