# La4Ni3O8 Ni L2 edge RIXS
# T = 25 K
# RIXS resolution ~ 0.4 eV
# Horizontal scattering geometry, theta = 15 degrees, 2theta = 95 degrees
# SEXTANTS beamline, SOLEIL synchrotron
# Energy loss 	 Intensity
-1.00000e+01 4.31793e+02
-9.93802e+00 -7.96789e+01
-9.87603e+00 2.33423e+02
-9.81405e+00 -1.11221e+02
-9.75207e+00 -2.91760e+01
-9.69008e+00 -1.81940e+02
-9.62810e+00 -3.34836e+02
-9.56612e+00 2.94247e+02
-9.50413e+00 -4.15876e+02
-9.44215e+00 4.60280e+02
-9.38017e+00 8.36175e+01
-9.31818e+00 2.20924e+02
-9.25620e+00 2.51814e+02
-9.19421e+00 2.45923e+02
-9.13223e+00 2.16033e+00
-9.07025e+00 1.19253e+02
-9.00826e+00 -1.37212e+02
-8.94628e+00 8.17016e+01
-8.88430e+00 4.50755e-02
-8.82231e+00 -3.90768e+02
-8.76033e+00 -1.61525e+02
-8.69835e+00 -2.62306e+02
-8.63636e+00 -1.83918e+02
-8.57438e+00 1.05193e+01
-8.51240e+00 -5.56881e+01
-8.45041e+00 -6.63006e+01
-8.38843e+00 8.77359e+01
-8.32645e+00 -2.71255e+02
-8.26446e+00 -3.99165e+02
-8.20248e+00 -4.11580e+02
-8.14050e+00 3.51764e+02
-8.07851e+00 -3.20950e+00
-8.01653e+00 3.03737e+02
-7.95455e+00 -6.92866e+02
-7.89256e+00 -7.96276e+02
-7.83058e+00 -5.96355e+02
-7.76860e+00 -5.41220e+02
-7.70661e+00 -1.89800e+02
-7.64463e+00 5.54659e+02
-7.58264e+00 5.83905e+02
-7.52066e+00 -1.03987e+02
-7.45868e+00 -3.10375e+01
-7.39669e+00 -2.18857e+02
-7.33471e+00 4.10167e+00
-7.27273e+00 6.77946e+02
-7.21074e+00 1.81628e+02
-7.14876e+00 -3.59694e+02
-7.08678e+00 -6.28108e+02
-7.02479e+00 3.25393e+02
-6.96281e+00 4.08417e+02
-6.90083e+00 5.30846e+02
-6.83884e+00 3.30498e+02
-6.77686e+00 1.10079e+03
-6.71488e+00 6.43674e+02
-6.65289e+00 7.09894e+02
-6.59091e+00 3.11238e+02
-6.52893e+00 3.84536e+02
-6.46694e+00 -8.29696e+01
-6.40496e+00 3.38477e+01
-6.34298e+00 9.38836e+01
-6.28099e+00 -3.42463e+02
-6.21901e+00 -3.38617e+02
-6.15702e+00 -5.45037e+02
-6.09504e+00 -1.03224e+02
-6.03306e+00 6.07030e+02
-5.97107e+00 2.16765e+01
-5.90909e+00 -1.95384e+02
-5.84711e+00 5.46337e+02
-5.78512e+00 -5.88387e+02
-5.72314e+00 -1.86859e+02
-5.66116e+00 -1.36475e+02
-5.59917e+00 2.25823e+02
-5.53719e+00 5.61364e+01
-5.47521e+00 7.06997e+01
-5.41322e+00 -1.97465e+02
-5.35124e+00 -3.18494e+02
-5.28926e+00 -2.32063e+02
-5.22727e+00 -6.44435e+01
-5.16529e+00 -2.51468e+02
-5.10331e+00 -1.31479e+02
-5.04132e+00 -2.13218e+02
-4.97934e+00 -2.83939e+02
-4.91736e+00 -4.38308e+02
-4.85537e+00 3.51622e+02
-4.79339e+00 1.59586e+02
-4.73140e+00 3.57119e+02
-4.66942e+00 -9.35829e+01
-4.60744e+00 -2.78360e+02
-4.54545e+00 2.36068e+02
-4.48347e+00 1.22803e+02
-4.42149e+00 7.19719e+01
-4.35950e+00 3.21665e+02
-4.29752e+00 4.17890e+02
-4.23554e+00 9.07288e+01
-4.17355e+00 3.87079e+02
-4.11157e+00 8.07528e+01
-4.04959e+00 2.94915e+02
-3.98760e+00 2.11604e+02
-3.92562e+00 -1.68129e+02
-3.86364e+00 1.47787e+02
-3.80165e+00 2.43952e+02
-3.73967e+00 -7.74712e+01
-3.67769e+00 -1.89232e+02
-3.61570e+00 2.41624e+01
-3.55372e+00 3.99081e+02
-3.49174e+00 7.26073e+01
-3.42975e+00 -3.13639e+01
-3.36777e+00 2.10033e-01
-3.30579e+00 4.51594e+02
-3.24380e+00 7.12638e+02
-3.18182e+00 6.65274e+02
-3.11983e+00 5.04523e+02
-3.05785e+00 5.09817e+02
-2.99587e+00 4.41334e+02
-2.93388e+00 3.93601e+02
-2.87190e+00 -3.73223e+01
-2.80992e+00 -1.02524e+01
-2.74793e+00 2.51979e+02
-2.68595e+00 4.75939e+02
-2.62397e+00 5.03863e+02
-2.56198e+00 3.58083e+02
-2.50000e+00 4.16739e+02
-2.43802e+00 4.24652e+02
-2.37603e+00 -4.07927e+02
-2.31405e+00 1.60285e+02
-2.25207e+00 5.85740e+01
-2.19008e+00 -2.18062e+02
-2.12810e+00 -4.87475e+02
-2.06612e+00 -1.02085e+02
-2.00413e+00 1.93311e+02
-1.94215e+00 6.82337e+01
-1.88017e+00 3.79785e+01
-1.81818e+00 -4.17361e+02
-1.75620e+00 -2.23790e+02
-1.69421e+00 -7.14475e+01
-1.63223e+00 3.59254e+02
-1.57025e+00 2.44451e+01
-1.50826e+00 4.54409e+02
-1.44628e+00 1.01598e+03
-1.38430e+00 5.40623e+02
-1.32231e+00 3.48669e+02
-1.26033e+00 4.25468e+01
-1.19835e+00 1.02140e+02
-1.13636e+00 1.01163e+03
-1.07438e+00 1.19208e+02
-1.01240e+00 -4.69498e+01
-9.50413e-01 -9.13021e+01
-8.88430e-01 1.46699e+02
-8.26446e-01 3.46546e+02
-7.64463e-01 3.25838e+02
-7.02479e-01 4.38593e+01
-6.40496e-01 1.41036e+02
-5.78512e-01 1.98081e+02
-5.16529e-01 5.87734e+01
-4.54545e-01 1.35364e+02
-3.92562e-01 -1.86542e+02
-3.30579e-01 2.48649e+01
-2.68595e-01 -2.50342e+02
-2.06612e-01 1.07381e+02
-1.44628e-01 4.82469e+02
-8.26446e-02 7.61681e+02
-2.06612e-02 1.06877e+03
4.13223e-02 1.06697e+03
1.03306e-01 6.95442e+02
1.65289e-01 1.16110e+03
2.27273e-01 1.95893e+03
2.89256e-01 2.02710e+03
3.51240e-01 1.77469e+03
4.13223e-01 1.97080e+03
4.75207e-01 2.11919e+03
5.37190e-01 2.62022e+03
5.99174e-01 3.49499e+03
6.61157e-01 4.67324e+03
7.23140e-01 5.60679e+03
7.85124e-01 6.55256e+03
8.47107e-01 7.24196e+03
9.09091e-01 8.68379e+03
9.71074e-01 8.61732e+03
1.03306e+00 9.05790e+03
1.09504e+00 1.03217e+04
1.15702e+00 9.62254e+03
1.21901e+00 8.74814e+03
1.28099e+00 1.05420e+04
1.34298e+00 1.03104e+04
1.40496e+00 1.16355e+04
1.46694e+00 1.25441e+04
1.52893e+00 1.28954e+04
1.59091e+00 1.32442e+04
1.65289e+00 1.41726e+04
1.71488e+00 1.48640e+04
1.77686e+00 1.68835e+04
1.83884e+00 1.91984e+04
1.90083e+00 1.68848e+04
1.96281e+00 1.78538e+04
2.02479e+00 1.84747e+04
2.08678e+00 1.90479e+04
2.14876e+00 1.74540e+04
2.21074e+00 1.65552e+04
2.27273e+00 1.63464e+04
2.33471e+00 1.65783e+04
2.39669e+00 1.92272e+04
2.45868e+00 2.16499e+04
2.52066e+00 2.33328e+04
2.58264e+00 2.57230e+04
2.64463e+00 2.71463e+04
2.70661e+00 2.77446e+04
2.76860e+00 2.93940e+04
2.83058e+00 3.31476e+04
2.89256e+00 3.37505e+04
2.95455e+00 3.50969e+04
3.01653e+00 3.89558e+04
3.07851e+00 4.26551e+04
3.14050e+00 4.29041e+04
3.20248e+00 4.01610e+04
3.26446e+00 3.91843e+04
3.32645e+00 4.53387e+04
3.38843e+00 4.57085e+04
3.45041e+00 4.87619e+04
3.51240e+00 5.05285e+04
3.57438e+00 5.20136e+04
3.63636e+00 5.61199e+04
3.69835e+00 5.46769e+04
3.76033e+00 5.89965e+04
3.82231e+00 6.35881e+04
3.88430e+00 7.19446e+04
3.94628e+00 7.69684e+04
4.00826e+00 8.20710e+04
4.07025e+00 8.32606e+04
4.13223e+00 8.64619e+04
4.19421e+00 9.13950e+04
4.25620e+00 9.34062e+04
4.31818e+00 1.05366e+05
4.38017e+00 1.08620e+05
4.44215e+00 1.11456e+05
4.50413e+00 1.16083e+05
4.56612e+00 1.19027e+05
4.62810e+00 1.26832e+05
4.69008e+00 1.28240e+05
4.75207e+00 1.31633e+05
4.81405e+00 1.32637e+05
4.87603e+00 1.31250e+05
4.93802e+00 1.29887e+05
5.00000e+00 1.30058e+05
5.06198e+00 1.34001e+05
5.12397e+00 1.32998e+05
5.18595e+00 1.30014e+05
5.24793e+00 1.22342e+05
5.30992e+00 1.18017e+05
5.37190e+00 1.19852e+05
5.43388e+00 1.11038e+05
5.49587e+00 1.06136e+05
5.55785e+00 1.03583e+05
5.61983e+00 9.97577e+04
5.68182e+00 9.05889e+04
5.74380e+00 8.70940e+04
5.80579e+00 8.65088e+04
5.86777e+00 8.63801e+04
5.92975e+00 7.73802e+04
5.99174e+00 7.78861e+04
6.05372e+00 7.44141e+04
6.11570e+00 7.26851e+04
6.17769e+00 6.88608e+04
6.23967e+00 6.79380e+04
6.30165e+00 6.26563e+04
6.36364e+00 5.96348e+04
6.42562e+00 5.77720e+04
6.48760e+00 5.62304e+04
6.54959e+00 5.58020e+04
6.61157e+00 5.55642e+04
6.67355e+00 5.06114e+04
6.73554e+00 4.57726e+04
6.79752e+00 4.46011e+04
6.85950e+00 4.29767e+04
6.92149e+00 4.14691e+04
6.98347e+00 4.06034e+04
7.04545e+00 3.93523e+04
7.10744e+00 3.70301e+04
7.16942e+00 3.55175e+04
7.23140e+00 3.57486e+04
7.29339e+00 3.52684e+04
7.35537e+00 3.25569e+04
7.41736e+00 3.35937e+04
7.47934e+00 3.21846e+04
7.54132e+00 3.10090e+04
7.60331e+00 2.84439e+04
7.66529e+00 2.72096e+04
7.72727e+00 2.77733e+04
7.78926e+00 3.09875e+04
7.85124e+00 2.97845e+04
7.91322e+00 2.80189e+04
7.97521e+00 2.66401e+04
8.03719e+00 2.57725e+04
8.09917e+00 2.39129e+04
8.16116e+00 2.38011e+04
8.22314e+00 2.36941e+04
8.28512e+00 2.43605e+04
8.34711e+00 2.45302e+04
8.40909e+00 2.40580e+04
8.47107e+00 2.13433e+04
8.53306e+00 2.05834e+04
8.59504e+00 1.92257e+04
8.65702e+00 2.08729e+04
8.71901e+00 2.16835e+04
8.78099e+00 2.20283e+04
8.84298e+00 2.28321e+04
8.90496e+00 2.21112e+04
8.96694e+00 1.93245e+04
9.02893e+00 1.67207e+04
9.09091e+00 1.59284e+04
9.15289e+00 1.67714e+04
9.21488e+00 1.60370e+04
9.27686e+00 1.68795e+04
9.33884e+00 1.61986e+04
9.40083e+00 1.38605e+04
9.46281e+00 1.25858e+04
9.52479e+00 1.40658e+04
9.58678e+00 1.42899e+04
9.64876e+00 1.39738e+04
9.71074e+00 1.30436e+04
9.77273e+00 1.19723e+04
9.83471e+00 1.32036e+04
9.89669e+00 1.23355e+04
9.95868e+00 1.06679e+04
1.00207e+01 1.15422e+04
1.00826e+01 1.27865e+04
1.01446e+01 9.47649e+03
1.02066e+01 1.04121e+04
1.02686e+01 1.05484e+04
1.03306e+01 8.54742e+03
1.03926e+01 7.91682e+03
1.04545e+01 9.18936e+03
1.05165e+01 8.77886e+03
1.05785e+01 8.19306e+03
1.06405e+01 8.38562e+03
1.07025e+01 8.92651e+03
1.07645e+01 7.87209e+03
1.08264e+01 8.13931e+03
1.08884e+01 8.22329e+03
1.09504e+01 7.14451e+03
1.10124e+01 6.30125e+03
1.10744e+01 6.11458e+03
1.11364e+01 7.14847e+03
1.11983e+01 6.45317e+03
1.12603e+01 6.02201e+03
1.13223e+01 6.82735e+03
1.13843e+01 7.32055e+03
1.14463e+01 7.20767e+03
1.15083e+01 6.72023e+03
1.15702e+01 7.12567e+03
1.16322e+01 6.72157e+03
1.16942e+01 6.74156e+03
1.17562e+01 6.73183e+03
1.18182e+01 5.67150e+03
1.18802e+01 5.50355e+03
1.19421e+01 5.89908e+03
1.20041e+01 6.14981e+03
1.20661e+01 5.51195e+03
1.21281e+01 6.09093e+03
1.21901e+01 6.23583e+03
1.22521e+01 4.70862e+03
1.23140e+01 3.52724e+03
1.23760e+01 3.12076e+03
1.24380e+01 5.22843e+03
1.25000e+01 6.71208e+03
1.25620e+01 5.57890e+03
1.26240e+01 6.24725e+03
1.26860e+01 5.41966e+03
1.27479e+01 5.79075e+03
1.28099e+01 5.66550e+03
1.28719e+01 4.93140e+03
1.29339e+01 5.34872e+03
1.29959e+01 6.05767e+03
1.30579e+01 8.62129e+03
1.31198e+01 7.84272e+03
1.31818e+01 6.62089e+03
1.32438e+01 6.78139e+03
1.33058e+01 7.16938e+03
1.33678e+01 6.65953e+03
1.34298e+01 5.72755e+03
1.34917e+01 5.46222e+03
1.35537e+01 5.91169e+03
1.36157e+01 6.92233e+03
1.36777e+01 6.31056e+03
1.37397e+01 5.47868e+03
1.38017e+01 5.29032e+03
1.38636e+01 5.59390e+03
1.39256e+01 5.88427e+03
1.39876e+01 5.92374e+03
1.40496e+01 6.13474e+03
1.41116e+01 6.73412e+03
1.41736e+01 6.33119e+03
1.42355e+01 7.56662e+03
1.42975e+01 7.19633e+03
1.43595e+01 8.24160e+03
1.44215e+01 8.61753e+03
1.44835e+01 7.39311e+03
1.45455e+01 7.72853e+03
1.46074e+01 6.57054e+03
1.46694e+01 6.74566e+03
1.47314e+01 7.54089e+03
1.47934e+01 8.15504e+03
1.48554e+01 7.93406e+03
1.49174e+01 9.27331e+03
1.49793e+01 9.19595e+03
1.50413e+01 8.87171e+03
1.51033e+01 9.04208e+03
1.51653e+01 8.76100e+03
1.52273e+01 8.97931e+03
1.52893e+01 9.05493e+03
1.53512e+01 9.28325e+03
1.54132e+01 8.33825e+03
1.54752e+01 9.22275e+03
1.55372e+01 9.52876e+03
1.55992e+01 9.08653e+03
1.56612e+01 9.93580e+03
1.57231e+01 1.00567e+04
1.57851e+01 9.67778e+03
1.58471e+01 1.11441e+04
1.59091e+01 1.19300e+04
1.59711e+01 1.34254e+04
1.60331e+01 1.38668e+04
1.60950e+01 1.41209e+04
1.61570e+01 1.34210e+04
1.62190e+01 1.42496e+04
1.62810e+01 1.59709e+04
1.63430e+01 1.45974e+04
1.64050e+01 1.48409e+04
1.64669e+01 1.51909e+04
1.65289e+01 1.74878e+04
1.65909e+01 1.83522e+04
1.66529e+01 1.65542e+04
1.67149e+01 1.60684e+04
1.67769e+01 1.73817e+04
1.68388e+01 1.90168e+04
1.69008e+01 1.67641e+04
1.69628e+01 1.95850e+04
1.70248e+01 2.16102e+04
1.70868e+01 2.05656e+04
1.71488e+01 2.05313e+04
1.72107e+01 2.20380e+04
1.72727e+01 2.31674e+04
1.73347e+01 2.19042e+04
1.73967e+01 2.34638e+04
1.74587e+01 2.28427e+04
1.75207e+01 2.14837e+04
1.75826e+01 2.34359e+04
1.76446e+01 2.51203e+04
1.77066e+01 2.46224e+04
1.77686e+01 2.57743e+04
1.78306e+01 2.77576e+04
1.78926e+01 3.02347e+04
1.79545e+01 3.00439e+04
1.80165e+01 2.85074e+04
1.80785e+01 2.96827e+04
1.81405e+01 3.44792e+04
1.82025e+01 3.64623e+04
1.82645e+01 3.67595e+04
1.83264e+01 3.66388e+04
1.83884e+01 3.84153e+04
1.84504e+01 3.94184e+04
1.85124e+01 4.16533e+04
1.85744e+01 3.94466e+04
1.86364e+01 4.03070e+04
1.86983e+01 4.29441e+04
1.87603e+01 4.53856e+04
1.88223e+01 4.77414e+04
1.88843e+01 4.76300e+04
1.89463e+01 4.84832e+04
1.90083e+01 5.27965e+04
1.90702e+01 5.39840e+04
1.91322e+01 5.32416e+04
1.91942e+01 5.60044e+04
1.92562e+01 6.09986e+04
1.93182e+01 6.17097e+04
1.93802e+01 6.18633e+04
1.94421e+01 6.15516e+04
1.95041e+01 6.22123e+04
1.95661e+01 6.84915e+04
1.96281e+01 6.77748e+04
1.96901e+01 6.65666e+04
1.97521e+01 6.97275e+04
1.98140e+01 7.47881e+04
1.98760e+01 7.60483e+04
1.99380e+01 8.22119e+04
2.00000e+01 8.59762e+04
2.00620e+01 8.91071e+04
2.01240e+01 9.41010e+04
2.01860e+01 9.69932e+04
2.02479e+01 9.69828e+04
2.03099e+01 1.06661e+05
2.03719e+01 1.15730e+05
2.04339e+01 1.17235e+05
2.04959e+01 1.22655e+05
2.05579e+01 1.28809e+05
2.06198e+01 1.35758e+05
2.06818e+01 1.38507e+05
2.07438e+01 1.47540e+05
2.08058e+01 1.60011e+05
2.08678e+01 1.71138e+05
2.09298e+01 1.74631e+05
2.09917e+01 1.82100e+05
2.10537e+01 1.85269e+05
2.11157e+01 1.86765e+05
2.11777e+01 1.78940e+05
2.12397e+01 1.77258e+05
2.13017e+01 1.71326e+05
2.13636e+01 1.64776e+05
2.14256e+01 1.55287e+05
2.14876e+01 1.39617e+05
2.15496e+01 1.28732e+05
2.16116e+01 1.20128e+05
2.16736e+01 1.09418e+05
2.17355e+01 9.50407e+04
2.17975e+01 8.74830e+04
2.18595e+01 7.67603e+04
2.19215e+01 6.96887e+04
2.19835e+01 6.29778e+04
2.20455e+01 6.02289e+04
2.21074e+01 5.10122e+04
2.21694e+01 4.46054e+04
2.22314e+01 4.07857e+04
2.22934e+01 3.70182e+04
2.23554e+01 3.68303e+04
2.24174e+01 3.29738e+04
2.24793e+01 3.10667e+04
2.25413e+01 3.29080e+04
2.26033e+01 3.62951e+04
2.26653e+01 3.68550e+04
2.27273e+01 3.78080e+04
2.27893e+01 3.53329e+04
2.28512e+01 3.82355e+04
2.29132e+01 3.78646e+04
2.29752e+01 3.83634e+04
2.30372e+01 4.03471e+04
2.30992e+01 4.45675e+04
2.31612e+01 4.30596e+04
2.32231e+01 4.55591e+04
2.32851e+01 4.16987e+04
2.33471e+01 4.58588e+04
2.34091e+01 4.59556e+04
2.34711e+01 4.80698e+04
2.35331e+01 5.09177e+04
2.35950e+01 5.16535e+04
2.36570e+01 4.89657e+04
2.37190e+01 4.82673e+04
2.37810e+01 4.90979e+04
2.38430e+01 5.02094e+04
2.39050e+01 5.49125e+04
2.39669e+01 5.14584e+04
2.40289e+01 5.25287e+04
2.40909e+01 5.11978e+04
2.41529e+01 4.74587e+04
2.42149e+01 5.02968e+04
2.42769e+01 5.08319e+04
2.43388e+01 4.98032e+04
2.44008e+01 4.89404e+04
2.44628e+01 5.28846e+04
2.45248e+01 5.18491e+04
2.45868e+01 5.51635e+04
2.46488e+01 4.98022e+04
2.47107e+01 4.69379e+04
2.47727e+01 5.11409e+04
2.48347e+01 5.35474e+04
2.48967e+01 5.04076e+04
2.49587e+01 4.91527e+04
2.50207e+01 4.76246e+04
2.50826e+01 4.95651e+04
2.51446e+01 4.88371e+04
2.52066e+01 5.10341e+04
2.52686e+01 5.03781e+04
2.53306e+01 4.81642e+04
2.53926e+01 4.51891e+04
2.54545e+01 4.27707e+04
2.55165e+01 4.46776e+04
2.55785e+01 4.77086e+04
2.56405e+01 4.51364e+04
2.57025e+01 4.57071e+04
2.57645e+01 4.38381e+04
2.58264e+01 4.51793e+04
2.58884e+01 4.48114e+04
2.59504e+01 4.13937e+04
2.60124e+01 4.15322e+04
2.60744e+01 3.81689e+04
2.61364e+01 3.84066e+04
2.61983e+01 3.41584e+04
2.62603e+01 3.29314e+04
2.63223e+01 3.28673e+04
2.63843e+01 3.20969e+04
2.64463e+01 3.15366e+04
2.65083e+01 3.14095e+04
2.65702e+01 2.94954e+04
2.66322e+01 3.07022e+04
2.66942e+01 2.94223e+04
2.67562e+01 2.64564e+04
2.68182e+01 2.25943e+04
2.68802e+01 2.11199e+04
2.69421e+01 2.28327e+04
2.70041e+01 2.13730e+04
2.70661e+01 1.98616e+04
2.71281e+01 1.83953e+04
2.71901e+01 1.76522e+04
2.72521e+01 1.86914e+04
2.73140e+01 1.99463e+04
2.73760e+01 1.80882e+04
2.74380e+01 1.83014e+04
2.75000e+01 1.72339e+04
2.75620e+01 1.40506e+04
2.76240e+01 1.27814e+04
2.76860e+01 1.50148e+04
2.77479e+01 1.60000e+04
2.78099e+01 1.40673e+04
2.78719e+01 1.31746e+04
2.79339e+01 1.62727e+04
2.79959e+01 1.48099e+04
2.80579e+01 1.32185e+04
2.81198e+01 1.23242e+04
2.81818e+01 1.17597e+04
2.82438e+01 1.25061e+04
2.83058e+01 1.18057e+04
2.83678e+01 1.34731e+04
2.84298e+01 1.03883e+04
2.84917e+01 9.88640e+03
2.85537e+01 9.13886e+03
2.86157e+01 7.99505e+03
2.86777e+01 7.64511e+03
2.87397e+01 7.85129e+03
2.88017e+01 7.93521e+03
2.88636e+01 7.77323e+03
2.89256e+01 8.52669e+03
2.89876e+01 7.73595e+03
2.90496e+01 7.96424e+03
2.91116e+01 8.74871e+03
2.91736e+01 7.61100e+03
2.92355e+01 7.48195e+03
2.92975e+01 7.72360e+03
2.93595e+01 7.56524e+03
2.94215e+01 5.87400e+03
2.94835e+01 4.99726e+03
2.95455e+01 6.65730e+03
2.96074e+01 5.77219e+03
2.96694e+01 5.40969e+03
2.97314e+01 6.42103e+03
2.97934e+01 6.24227e+03
2.98554e+01 5.64856e+03
2.99174e+01 5.49018e+03
2.99793e+01 4.93999e+03
3.00413e+01 5.03766e+03
3.01033e+01 5.36759e+03
3.01653e+01 6.60051e+03
3.02273e+01 4.93136e+03
3.02893e+01 4.95625e+03
3.03512e+01 5.67734e+03
3.04132e+01 5.57710e+03
3.04752e+01 4.19567e+03
3.05372e+01 4.77622e+03
3.05992e+01 5.71741e+03
3.06612e+01 4.60104e+03
3.07231e+01 4.38231e+03
3.07851e+01 4.37608e+03
3.08471e+01 4.36735e+03
3.09091e+01 4.33656e+03
3.09711e+01 3.98007e+03
3.10331e+01 5.01281e+03
3.10950e+01 4.25595e+03
3.11570e+01 3.95156e+03
3.12190e+01 3.37466e+03
3.12810e+01 3.11638e+03
3.13430e+01 3.62104e+03
3.14050e+01 2.92082e+03
3.14669e+01 3.20241e+03
3.15289e+01 3.26973e+03
3.15909e+01 2.99852e+03
3.16529e+01 3.42817e+03
3.17149e+01 3.38398e+03
3.17769e+01 4.75927e+03
3.18388e+01 3.18101e+03
3.19008e+01 2.40431e+03
3.19628e+01 3.38695e+03
3.20248e+01 4.43328e+03
3.20868e+01 3.06390e+03
3.21488e+01 1.87344e+03
3.22107e+01 2.95237e+03
3.22727e+01 3.32983e+03
3.23347e+01 2.44208e+03
3.23967e+01 2.34964e+03
3.24587e+01 2.58179e+03
3.25207e+01 3.74534e+03
3.25826e+01 2.88119e+03
3.26446e+01 2.24561e+03
3.27066e+01 1.40620e+03
3.27686e+01 2.84654e+03
3.28306e+01 2.06444e+03
3.28926e+01 1.74951e+03
3.29545e+01 3.34474e+03
3.30165e+01 3.88820e+03
3.30785e+01 3.24268e+03
3.31405e+01 3.37875e+03
3.32025e+01 2.06382e+03
3.32645e+01 1.63557e+03
3.33264e+01 1.89010e+03
3.33884e+01 2.19635e+03
3.34504e+01 2.14845e+03
3.35124e+01 2.11330e+03
3.35744e+01 2.02536e+03
3.36364e+01 8.93885e+02
3.36983e+01 2.60242e+03
3.37603e+01 2.31386e+03
3.38223e+01 2.26374e+03
3.38843e+01 2.09204e+03
3.39463e+01 2.01454e+03
3.40083e+01 1.80050e+03
3.40702e+01 1.20202e+03
3.41322e+01 1.38016e+03
3.41942e+01 1.80259e+03
3.42562e+01 2.40542e+03
3.43182e+01 1.43433e+03
3.43802e+01 1.81502e+03
3.44421e+01 1.11991e+03
3.45041e+01 1.63946e+03
3.45661e+01 1.61770e+03
3.46281e+01 1.63382e+03
3.46901e+01 1.58866e+03
3.47521e+01 2.37278e+03
3.48140e+01 3.11396e+03
3.48760e+01 2.68522e+03
3.49380e+01 2.16892e+03
3.50000e+01 1.68033e+03
