# La4Ni3O8 Ni L2 edge RIXS
# T = 120 K
# RIXS resolution ~ 0.4 eV
# Horizontal scattering geometry, theta = 15 degrees, 2theta = 95 degrees
# SEXTANTS beamline, SOLEIL synchrotron
# Energy loss 	 Intensity
-4.53988e+01 1.34620e+03
-4.53192e+01 2.89910e+03
-4.52397e+01 3.91040e+03
-4.51602e+01 4.84780e+03
-4.50807e+01 6.46100e+03
-4.50013e+01 8.17330e+03
-4.49218e+01 1.03552e+04
-4.48424e+01 1.12305e+04
-4.47630e+01 1.26093e+04
-4.46837e+01 1.30854e+04
-4.46044e+01 1.41691e+04
-4.45250e+01 1.43211e+04
-4.44458e+01 1.46478e+04
-4.43665e+01 1.50233e+04
-4.42873e+01 1.51700e+04
-4.42080e+01 1.42582e+04
-4.41289e+01 1.52774e+04
-4.40497e+01 1.49954e+04
-4.39706e+01 1.47048e+04
-4.38914e+01 1.44886e+04
-4.38124e+01 1.43869e+04
-4.37333e+01 1.40616e+04
-4.36542e+01 1.51501e+04
-4.35752e+01 1.40145e+04
-4.34962e+01 1.48459e+04
-4.34173e+01 1.55842e+04
-4.33383e+01 1.54658e+04
-4.32594e+01 1.33026e+04
-4.31805e+01 1.39156e+04
-4.31017e+01 1.49899e+04
-4.30228e+01 1.47940e+04
-4.29440e+01 1.48623e+04
-4.28652e+01 1.51406e+04
-4.27864e+01 1.47706e+04
-4.27077e+01 1.36474e+04
-4.26290e+01 1.44035e+04
-4.25503e+01 1.35394e+04
-4.24716e+01 1.41458e+04
-4.23929e+01 1.40783e+04
-4.23143e+01 1.35427e+04
-4.22357e+01 1.33797e+04
-4.21572e+01 1.38414e+04
-4.20786e+01 1.46029e+04
-4.20001e+01 1.40379e+04
-4.19216e+01 1.40054e+04
-4.18431e+01 1.40584e+04
-4.17647e+01 1.45733e+04
-4.16862e+01 1.43417e+04
-4.16078e+01 1.39229e+04
-4.15294e+01 1.37622e+04
-4.14511e+01 1.34982e+04
-4.13728e+01 1.36237e+04
-4.12945e+01 1.42087e+04
-4.12162e+01 1.31432e+04
-4.11379e+01 1.27662e+04
-4.10597e+01 1.35110e+04
-4.09815e+01 1.30194e+04
-4.09033e+01 1.33267e+04
-4.08252e+01 1.39324e+04
-4.07470e+01 1.38939e+04
-4.06689e+01 1.41495e+04
-4.05908e+01 1.40421e+04
-4.05128e+01 1.47174e+04
-4.04347e+01 1.49009e+04
-4.03567e+01 1.52491e+04
-4.02787e+01 1.33866e+04
-4.02008e+01 1.42549e+04
-4.01228e+01 1.34863e+04
-4.00449e+01 1.46346e+04
-3.99670e+01 1.31212e+04
-3.98892e+01 1.35042e+04
-3.98113e+01 1.35996e+04
-3.97335e+01 1.47065e+04
-3.96557e+01 1.33739e+04
-3.95780e+01 1.38092e+04
-3.95002e+01 1.49179e+04
-3.94225e+01 1.46562e+04
-3.93448e+01 1.43828e+04
-3.92672e+01 1.41509e+04
-3.91895e+01 1.37978e+04
-3.91119e+01 1.33537e+04
-3.90343e+01 1.36387e+04
-3.89568e+01 1.45903e+04
-3.88792e+01 1.33032e+04
-3.88017e+01 1.33143e+04
-3.87242e+01 1.47317e+04
-3.86467e+01 1.37800e+04
-3.85693e+01 1.38421e+04
-3.84919e+01 1.42946e+04
-3.84145e+01 1.39603e+04
-3.83371e+01 1.40372e+04
-3.82598e+01 1.30891e+04
-3.81824e+01 1.37864e+04
-3.81051e+01 1.49669e+04
-3.80279e+01 1.40100e+04
-3.79506e+01 1.36476e+04
-3.78734e+01 1.40171e+04
-3.77962e+01 1.30247e+04
-3.77190e+01 1.41756e+04
-3.76419e+01 1.36425e+04
-3.75647e+01 1.47490e+04
-3.74876e+01 1.42277e+04
-3.74106e+01 1.48331e+04
-3.73335e+01 1.38635e+04
-3.72565e+01 1.40692e+04
-3.71795e+01 1.37474e+04
-3.71025e+01 1.43650e+04
-3.70255e+01 1.36636e+04
-3.69486e+01 1.37150e+04
-3.68717e+01 1.36095e+04
-3.67948e+01 1.31038e+04
-3.67180e+01 1.37335e+04
-3.66411e+01 1.31767e+04
-3.65643e+01 1.41711e+04
-3.64875e+01 1.40199e+04
-3.64108e+01 1.35715e+04
-3.63341e+01 1.40093e+04
-3.62573e+01 1.39552e+04
-3.61807e+01 1.41410e+04
-3.61040e+01 1.33636e+04
-3.60274e+01 1.39383e+04
-3.59508e+01 1.40574e+04
-3.58742e+01 1.44357e+04
-3.57976e+01 1.44890e+04
-3.57211e+01 1.39211e+04
-3.56446e+01 1.39876e+04
-3.55681e+01 1.32452e+04
-3.54916e+01 1.37792e+04
-3.54152e+01 1.32630e+04
-3.53388e+01 1.36337e+04
-3.52624e+01 1.35338e+04
-3.51860e+01 1.34323e+04
-3.51097e+01 1.34127e+04
-3.50333e+01 1.31430e+04
-3.49571e+01 1.38704e+04
-3.48808e+01 1.40908e+04
-3.48045e+01 1.37461e+04
-3.47283e+01 1.40579e+04
-3.46521e+01 1.43541e+04
-3.45760e+01 1.46455e+04
-3.44998e+01 1.42787e+04
-3.44237e+01 1.30672e+04
-3.43476e+01 1.35917e+04
-3.42715e+01 1.33513e+04
-3.41955e+01 1.34436e+04
-3.41195e+01 1.37932e+04
-3.40435e+01 1.39876e+04
-3.39675e+01 1.24672e+04
-3.38916e+01 1.27774e+04
-3.38156e+01 1.40470e+04
-3.37397e+01 1.40129e+04
-3.36639e+01 1.32532e+04
-3.35880e+01 1.32529e+04
-3.35122e+01 1.37836e+04
-3.34364e+01 1.36113e+04
-3.33606e+01 1.37216e+04
-3.32849e+01 1.26211e+04
-3.32091e+01 1.35494e+04
-3.31334e+01 1.34884e+04
-3.30577e+01 1.28315e+04
-3.29821e+01 1.36694e+04
-3.29065e+01 1.36187e+04
-3.28309e+01 1.43204e+04
-3.27553e+01 1.37347e+04
-3.26797e+01 1.39977e+04
-3.26042e+01 1.37699e+04
-3.25287e+01 1.42449e+04
-3.24532e+01 1.38536e+04
-3.23777e+01 1.40743e+04
-3.23023e+01 1.37640e+04
-3.22269e+01 1.41235e+04
-3.21515e+01 1.37575e+04
-3.20762e+01 1.33584e+04
-3.20008e+01 1.30803e+04
-3.19255e+01 1.30254e+04
-3.18502e+01 1.30435e+04
-3.17750e+01 1.31251e+04
-3.16997e+01 1.33849e+04
-3.16245e+01 1.35353e+04
-3.15493e+01 1.39708e+04
-3.14742e+01 1.28562e+04
-3.13990e+01 1.28863e+04
-3.13239e+01 1.27996e+04
-3.12488e+01 1.26600e+04
-3.11738e+01 1.34345e+04
-3.10987e+01 1.37888e+04
-3.10237e+01 1.36849e+04
-3.09487e+01 1.34815e+04
-3.08738e+01 1.31433e+04
-3.07988e+01 1.38674e+04
-3.07239e+01 1.39356e+04
-3.06490e+01 1.37540e+04
-3.05741e+01 1.44345e+04
-3.04993e+01 1.37919e+04
-3.04245e+01 1.39713e+04
-3.03497e+01 1.25919e+04
-3.02749e+01 1.30772e+04
-3.02002e+01 1.44388e+04
-3.01254e+01 1.48574e+04
-3.00508e+01 1.42024e+04
-2.99761e+01 1.33800e+04
-2.99014e+01 1.32624e+04
-2.98268e+01 1.33676e+04
-2.97522e+01 1.28257e+04
-2.96776e+01 1.36857e+04
-2.96031e+01 1.36139e+04
-2.95286e+01 1.24812e+04
-2.94541e+01 1.34676e+04
-2.93796e+01 1.33686e+04
-2.93051e+01 1.27356e+04
-2.92307e+01 1.33337e+04
-2.91563e+01 1.26977e+04
-2.90819e+01 1.30592e+04
-2.90076e+01 1.29226e+04
-2.89333e+01 1.35395e+04
-2.88589e+01 1.25074e+04
-2.87847e+01 1.37130e+04
-2.87104e+01 1.37007e+04
-2.86362e+01 1.28773e+04
-2.85620e+01 1.23416e+04
-2.84878e+01 1.25983e+04
-2.84136e+01 1.34061e+04
-2.83395e+01 1.31912e+04
-2.82654e+01 1.32241e+04
-2.81913e+01 1.28551e+04
-2.81173e+01 1.26026e+04
-2.80432e+01 1.27473e+04
-2.79692e+01 1.22168e+04
-2.78952e+01 1.27502e+04
-2.78213e+01 1.23034e+04
-2.77473e+01 1.19766e+04
-2.76734e+01 1.33234e+04
-2.75995e+01 1.33430e+04
-2.75257e+01 1.28476e+04
-2.74518e+01 1.19277e+04
-2.73780e+01 1.19312e+04
-2.73042e+01 1.30941e+04
-2.72305e+01 1.34358e+04
-2.71567e+01 1.28564e+04
-2.70830e+01 1.40700e+04
-2.70093e+01 1.34780e+04
-2.69357e+01 1.34011e+04
-2.68620e+01 1.30120e+04
-2.67884e+01 1.41269e+04
-2.67148e+01 1.27707e+04
-2.66413e+01 1.40819e+04
-2.65677e+01 1.27800e+04
-2.64942e+01 1.24875e+04
-2.64207e+01 1.37020e+04
-2.63472e+01 1.35060e+04
-2.62738e+01 1.29302e+04
-2.62004e+01 1.26031e+04
-2.61270e+01 1.35620e+04
-2.60536e+01 1.27452e+04
-2.59803e+01 1.21227e+04
-2.59069e+01 1.26152e+04
-2.58336e+01 1.26834e+04
-2.57604e+01 1.23530e+04
-2.56871e+01 1.21594e+04
-2.56139e+01 1.25274e+04
-2.55407e+01 1.27624e+04
-2.54675e+01 1.35668e+04
-2.53944e+01 1.28169e+04
-2.53212e+01 1.29656e+04
-2.52481e+01 1.30155e+04
-2.51751e+01 1.33277e+04
-2.51020e+01 1.31710e+04
-2.50290e+01 1.38747e+04
-2.49560e+01 1.27061e+04
-2.48830e+01 1.31177e+04
-2.48100e+01 1.28045e+04
-2.47371e+01 1.26061e+04
-2.46642e+01 1.26284e+04
-2.45913e+01 1.28942e+04
-2.45185e+01 1.34769e+04
-2.44456e+01 1.28296e+04
-2.43728e+01 1.23099e+04
-2.43001e+01 1.17218e+04
-2.42273e+01 1.19278e+04
-2.41546e+01 1.33486e+04
-2.40819e+01 1.26891e+04
-2.40092e+01 1.26271e+04
-2.39365e+01 1.32346e+04
-2.38639e+01 1.23533e+04
-2.37913e+01 1.21284e+04
-2.37187e+01 1.18582e+04
-2.36461e+01 1.22200e+04
-2.35736e+01 1.27702e+04
-2.35011e+01 1.25456e+04
-2.34286e+01 1.29741e+04
-2.33561e+01 1.24451e+04
-2.32837e+01 1.20202e+04
-2.32113e+01 1.34486e+04
-2.31389e+01 1.27805e+04
-2.30665e+01 1.24827e+04
-2.29942e+01 1.19202e+04
-2.29219e+01 1.23191e+04
-2.28496e+01 1.26743e+04
-2.27773e+01 1.29462e+04
-2.27051e+01 1.30548e+04
-2.26328e+01 1.24170e+04
-2.25606e+01 1.17124e+04
-2.24885e+01 1.18186e+04
-2.24163e+01 1.17803e+04
-2.23442e+01 1.30735e+04
-2.22721e+01 1.25996e+04
-2.22000e+01 1.29442e+04
-2.21280e+01 1.22961e+04
-2.20560e+01 1.32144e+04
-2.19840e+01 1.25909e+04
-2.19120e+01 1.16507e+04
-2.18401e+01 1.15160e+04
-2.17681e+01 1.15183e+04
-2.16962e+01 1.16884e+04
-2.16244e+01 1.08973e+04
-2.15525e+01 1.13937e+04
-2.14807e+01 1.25976e+04
-2.14089e+01 1.23142e+04
-2.13371e+01 1.30940e+04
-2.12654e+01 1.33276e+04
-2.11936e+01 1.24260e+04
-2.11219e+01 1.22808e+04
-2.10503e+01 1.19753e+04
-2.09786e+01 1.17948e+04
-2.09070e+01 1.19670e+04
-2.08354e+01 1.05993e+04
-2.07638e+01 1.12180e+04
-2.06922e+01 1.08640e+04
-2.06207e+01 1.28695e+04
-2.05492e+01 1.28172e+04
-2.04777e+01 1.20545e+04
-2.04063e+01 1.22846e+04
-2.03348e+01 1.28556e+04
-2.02634e+01 1.17646e+04
-2.01920e+01 1.21258e+04
-2.01207e+01 1.13980e+04
-2.00494e+01 1.27430e+04
-1.99780e+01 1.20465e+04
-1.99068e+01 1.21093e+04
-1.98355e+01 1.21746e+04
-1.97643e+01 1.29943e+04
-1.96930e+01 1.25764e+04
-1.96219e+01 1.26367e+04
-1.95507e+01 1.18459e+04
-1.94796e+01 1.21787e+04
-1.94084e+01 1.21990e+04
-1.93374e+01 1.21437e+04
-1.92663e+01 1.20237e+04
-1.91953e+01 1.27201e+04
-1.91242e+01 1.17629e+04
-1.90532e+01 1.20423e+04
-1.89823e+01 1.18702e+04
-1.89113e+01 1.16161e+04
-1.88404e+01 1.28429e+04
-1.87695e+01 1.17865e+04
-1.86987e+01 1.05638e+04
-1.86278e+01 1.14588e+04
-1.85570e+01 1.12535e+04
-1.84862e+01 1.19424e+04
-1.84154e+01 1.22299e+04
-1.83447e+01 1.20774e+04
-1.82740e+01 1.17559e+04
-1.82033e+01 1.16535e+04
-1.81326e+01 1.11703e+04
-1.80620e+01 1.19389e+04
-1.79913e+01 1.19622e+04
-1.79207e+01 1.21822e+04
-1.78502e+01 1.15247e+04
-1.77796e+01 1.10552e+04
-1.77091e+01 1.18519e+04
-1.76386e+01 1.17830e+04
-1.75681e+01 1.19821e+04
-1.74977e+01 1.03748e+04
-1.74272e+01 1.10933e+04
-1.73568e+01 1.06150e+04
-1.72865e+01 1.06186e+04
-1.72161e+01 1.17710e+04
-1.71458e+01 1.14689e+04
-1.70755e+01 1.15576e+04
-1.70052e+01 1.16807e+04
-1.69349e+01 1.20460e+04
-1.68647e+01 1.17240e+04
-1.67945e+01 1.22336e+04
-1.67243e+01 1.05187e+04
-1.66542e+01 1.10994e+04
-1.65840e+01 1.14006e+04
-1.65139e+01 1.15827e+04
-1.64439e+01 1.09256e+04
-1.63738e+01 1.24817e+04
-1.63038e+01 1.19530e+04
-1.62338e+01 1.16853e+04
-1.61638e+01 1.17666e+04
-1.60938e+01 1.28926e+04
-1.60239e+01 1.23796e+04
-1.59540e+01 1.14305e+04
-1.58841e+01 1.17815e+04
-1.58142e+01 1.18716e+04
-1.57444e+01 1.17505e+04
-1.56746e+01 1.10739e+04
-1.56048e+01 1.26996e+04
-1.55350e+01 1.16051e+04
-1.54653e+01 1.14843e+04
-1.53956e+01 1.20783e+04
-1.53259e+01 1.13451e+04
-1.52562e+01 1.17258e+04
-1.51866e+01 1.20844e+04
-1.51169e+01 1.19572e+04
-1.50474e+01 1.10433e+04
-1.49778e+01 1.22283e+04
-1.49082e+01 1.21893e+04
-1.48387e+01 1.26822e+04
-1.47692e+01 1.17557e+04
-1.46998e+01 1.22064e+04
-1.46303e+01 1.17531e+04
-1.45609e+01 1.11398e+04
-1.44915e+01 1.10743e+04
-1.44221e+01 1.28409e+04
-1.43528e+01 1.21879e+04
-1.42835e+01 1.24437e+04
-1.42142e+01 1.10956e+04
-1.41449e+01 1.36806e+04
-1.40756e+01 1.21379e+04
-1.40064e+01 1.29907e+04
-1.39372e+01 1.28390e+04
-1.38681e+01 1.28783e+04
-1.37989e+01 1.08070e+04
-1.37298e+01 1.13490e+04
-1.36607e+01 1.27354e+04
-1.35916e+01 1.21017e+04
-1.35225e+01 1.30062e+04
-1.34535e+01 1.30873e+04
-1.33845e+01 1.22570e+04
-1.33155e+01 1.21607e+04
-1.32466e+01 1.19108e+04
-1.31777e+01 1.26952e+04
-1.31088e+01 1.21492e+04
-1.30399e+01 1.20334e+04
-1.29710e+01 1.20842e+04
-1.29022e+01 1.16569e+04
-1.28334e+01 1.05967e+04
-1.27646e+01 1.15066e+04
-1.26958e+01 1.13462e+04
-1.26271e+01 1.13752e+04
-1.25584e+01 1.21758e+04
-1.24897e+01 1.37066e+04
-1.24211e+01 1.17232e+04
-1.23524e+01 1.22990e+04
-1.22838e+01 1.21300e+04
-1.22152e+01 1.23394e+04
-1.21467e+01 1.28579e+04
-1.20781e+01 1.30911e+04
-1.20096e+01 1.16388e+04
-1.19411e+01 1.19442e+04
-1.18727e+01 1.20695e+04
-1.18042e+01 1.34653e+04
-1.17358e+01 1.14881e+04
-1.16674e+01 1.22087e+04
-1.15991e+01 1.23515e+04
-1.15307e+01 1.18691e+04
-1.14624e+01 1.09519e+04
-1.13941e+01 1.33342e+04
-1.13258e+01 1.19616e+04
-1.12576e+01 1.22492e+04
-1.11894e+01 1.10954e+04
-1.11212e+01 1.25275e+04
-1.10530e+01 1.15029e+04
-1.09849e+01 1.17961e+04
-1.09168e+01 1.16508e+04
-1.08487e+01 1.28654e+04
-1.07806e+01 1.14281e+04
-1.07126e+01 1.21853e+04
-1.06445e+01 1.24087e+04
-1.05765e+01 1.19732e+04
-1.05086e+01 1.14592e+04
-1.04406e+01 1.18582e+04
-1.03727e+01 1.16149e+04
-1.03048e+01 1.22632e+04
-1.02369e+01 1.29290e+04
-1.01691e+01 1.19967e+04
-1.01012e+01 1.18472e+04
-1.00334e+01 1.16967e+04
-9.96567e+00 1.20001e+04
-9.89792e+00 1.25957e+04
-9.83019e+00 1.20417e+04
-9.76249e+00 1.33450e+04
-9.69481e+00 1.36359e+04
-9.62716e+00 1.23830e+04
-9.55953e+00 1.23917e+04
-9.49193e+00 1.26613e+04
-9.42435e+00 1.23484e+04
-9.35679e+00 1.25315e+04
-9.28926e+00 1.19726e+04
-9.22176e+00 1.19894e+04
-9.15428e+00 1.25882e+04
-9.08682e+00 1.35677e+04
-9.01939e+00 1.35423e+04
-8.95198e+00 1.16288e+04
-8.88460e+00 1.13889e+04
-8.81724e+00 1.24451e+04
-8.74991e+00 1.28974e+04
-8.68260e+00 1.31275e+04
-8.61531e+00 1.25901e+04
-8.54805e+00 1.13798e+04
-8.48082e+00 1.24028e+04
-8.41360e+00 1.28394e+04
-8.34642e+00 1.16100e+04
-8.27926e+00 1.15119e+04
-8.21212e+00 1.20927e+04
-8.14500e+00 1.21976e+04
-8.07792e+00 1.26884e+04
-8.01085e+00 1.20046e+04
-7.94381e+00 1.21880e+04
-7.87680e+00 1.36414e+04
-7.80981e+00 1.41729e+04
-7.74284e+00 1.42107e+04
-7.67590e+00 1.26245e+04
-7.60898e+00 1.22403e+04
-7.54209e+00 1.24838e+04
-7.47523e+00 1.25501e+04
-7.40838e+00 1.24219e+04
-7.34156e+00 1.18634e+04
-7.27477e+00 1.19766e+04
-7.20800e+00 1.09889e+04
-7.14126e+00 1.25799e+04
-7.07453e+00 1.25303e+04
-7.00784e+00 1.22002e+04
-6.94117e+00 1.15948e+04
-6.87452e+00 1.27047e+04
-6.80790e+00 1.27284e+04
-6.74130e+00 1.23524e+04
-6.67473e+00 1.27028e+04
-6.60818e+00 1.19701e+04
-6.54166e+00 1.27100e+04
-6.47515e+00 1.21242e+04
-6.40868e+00 1.28199e+04
-6.34223e+00 1.21544e+04
-6.27580e+00 1.24589e+04
-6.20940e+00 1.30960e+04
-6.14303e+00 1.31222e+04
-6.07667e+00 1.26834e+04
-6.01035e+00 1.21483e+04
-5.94404e+00 1.24000e+04
-5.87776e+00 1.27935e+04
-5.81151e+00 1.17255e+04
-5.74528e+00 1.20723e+04
-5.67908e+00 1.25356e+04
-5.61289e+00 1.09555e+04
-5.54674e+00 1.27489e+04
-5.48061e+00 1.31908e+04
-5.41450e+00 1.30193e+04
-5.34842e+00 1.16430e+04
-5.28236e+00 1.31994e+04
-5.21633e+00 1.42246e+04
-5.15032e+00 1.28709e+04
-5.08434e+00 1.09175e+04
-5.01837e+00 1.12977e+04
-4.95244e+00 1.27407e+04
-4.88653e+00 1.22000e+04
-4.82064e+00 1.25227e+04
-4.75478e+00 1.14445e+04
-4.68895e+00 1.28617e+04
-4.62313e+00 1.24330e+04
-4.55735e+00 1.26142e+04
-4.49158e+00 1.24888e+04
-4.42584e+00 1.38213e+04
-4.36013e+00 1.25763e+04
-4.29444e+00 1.25903e+04
-4.22877e+00 1.26021e+04
-4.16313e+00 1.28885e+04
-4.09752e+00 1.25991e+04
-4.03193e+00 1.27229e+04
-3.96636e+00 1.18174e+04
-3.90082e+00 1.17061e+04
-3.83530e+00 1.14579e+04
-3.76981e+00 1.23561e+04
-3.70434e+00 1.29247e+04
-3.63889e+00 1.19986e+04
-3.57347e+00 1.12102e+04
-3.50808e+00 1.24743e+04
-3.44271e+00 1.20422e+04
-3.37736e+00 1.20129e+04
-3.31204e+00 1.15665e+04
-3.24674e+00 1.22298e+04
-3.18147e+00 1.22334e+04
-3.11622e+00 1.29868e+04
-3.05100e+00 1.19382e+04
-2.98580e+00 1.21580e+04
-2.92063e+00 1.29251e+04
-2.85548e+00 1.22172e+04
-2.79035e+00 1.04214e+04
-2.72525e+00 1.20531e+04
-2.66018e+00 1.22770e+04
-2.59512e+00 1.30295e+04
-2.53010e+00 1.17247e+04
-2.46509e+00 1.33535e+04
-2.40012e+00 1.19046e+04
-2.33516e+00 1.26330e+04
-2.27023e+00 1.27214e+04
-2.20533e+00 1.26443e+04
-2.14045e+00 1.12121e+04
-2.07559e+00 1.19230e+04
-2.01076e+00 1.27738e+04
-1.94596e+00 1.39269e+04
-1.88118e+00 1.17902e+04
-1.81642e+00 1.28390e+04
-1.75169e+00 1.28842e+04
-1.68698e+00 1.37808e+04
-1.62230e+00 1.26452e+04
-1.55764e+00 1.30452e+04
-1.49300e+00 1.30117e+04
-1.42839e+00 1.28928e+04
-1.36381e+00 1.26783e+04
-1.29925e+00 1.29367e+04
-1.23471e+00 1.29721e+04
-1.17020e+00 1.26709e+04
-1.10571e+00 1.24570e+04
-1.04125e+00 1.32788e+04
-9.76811e-01 1.15667e+04
-9.12397e-01 1.18742e+04
-8.48008e-01 1.36654e+04
-7.83644e-01 1.35959e+04
-7.19304e-01 1.19405e+04
-6.54989e-01 1.30329e+04
-5.90698e-01 1.35605e+04
-5.26432e-01 1.38745e+04
-4.62190e-01 1.28047e+04
-3.97973e-01 1.35744e+04
-3.33780e-01 1.42177e+04
-2.69612e-01 1.58247e+04
-2.05469e-01 1.74464e+04
-1.41350e-01 1.47967e+04
-7.72550e-02 1.41728e+04
-1.31850e-02 1.69749e+04
5.08600e-02 1.79778e+04
1.14881e-01 1.68948e+04
1.78877e-01 1.76148e+04
2.42849e-01 1.67850e+04
3.06796e-01 1.60113e+04
3.70719e-01 1.79180e+04
4.34617e-01 2.19483e+04
4.98491e-01 2.28772e+04
5.62340e-01 2.33311e+04
6.26164e-01 2.43443e+04
6.89964e-01 2.73830e+04
7.53739e-01 2.95702e+04
8.17490e-01 3.29331e+04
8.81217e-01 3.56202e+04
9.44918e-01 3.86539e+04
1.00860e+00 4.05093e+04
1.07225e+00 4.03405e+04
1.13588e+00 3.80703e+04
1.19948e+00 3.89132e+04
1.26306e+00 4.00683e+04
1.32661e+00 3.93749e+04
1.39014e+00 4.20715e+04
1.45365e+00 4.04681e+04
1.51713e+00 4.35926e+04
1.58059e+00 4.37816e+04
1.64402e+00 4.54574e+04
1.70743e+00 4.95526e+04
1.77081e+00 4.94188e+04
1.83417e+00 5.00993e+04
1.89750e+00 5.32829e+04
1.96081e+00 5.41963e+04
2.02409e+00 5.44310e+04
2.08735e+00 5.52253e+04
2.15059e+00 5.89855e+04
2.21380e+00 6.22885e+04
2.27699e+00 6.48994e+04
2.34015e+00 6.45387e+04
2.40329e+00 6.54420e+04
2.46640e+00 6.62108e+04
2.52949e+00 6.72497e+04
2.59255e+00 7.48140e+04
2.65559e+00 7.68252e+04
2.71861e+00 8.33257e+04
2.78159e+00 8.28899e+04
2.84456e+00 8.88602e+04
2.90750e+00 8.93383e+04
2.97042e+00 9.01118e+04
3.03331e+00 9.82643e+04
3.09618e+00 1.05750e+05
3.15902e+00 1.10710e+05
3.22184e+00 1.14344e+05
3.28463e+00 1.15536e+05
3.34740e+00 1.20064e+05
3.41015e+00 1.24154e+05
3.47287e+00 1.31435e+05
3.53556e+00 1.36954e+05
3.59823e+00 1.46426e+05
3.66088e+00 1.50554e+05
3.72350e+00 1.55809e+05
3.78610e+00 1.65543e+05
3.84867e+00 1.72286e+05
3.91122e+00 1.80259e+05
3.97374e+00 1.81960e+05
4.03624e+00 1.86557e+05
4.09872e+00 1.94906e+05
4.16117e+00 2.01357e+05
4.22359e+00 2.05811e+05
4.28599e+00 2.09366e+05
4.34837e+00 2.10806e+05
4.41072e+00 2.18520e+05
4.47305e+00 2.17435e+05
4.53535e+00 2.12913e+05
4.59763e+00 2.01191e+05
4.65989e+00 2.03124e+05
4.72211e+00 2.04492e+05
4.78432e+00 2.01157e+05
4.84650e+00 1.88459e+05
4.90866e+00 1.79854e+05
4.97079e+00 1.71190e+05
5.03289e+00 1.61435e+05
5.09497e+00 1.62154e+05
5.15703e+00 1.59258e+05
5.21907e+00 1.51916e+05
5.28107e+00 1.44536e+05
5.34306e+00 1.44716e+05
5.40502e+00 1.43446e+05
5.46695e+00 1.35932e+05
5.52886e+00 1.34183e+05
5.59075e+00 1.28819e+05
5.65261e+00 1.22826e+05
5.71445e+00 1.15426e+05
5.77626e+00 1.08519e+05
5.83805e+00 1.07335e+05
5.89981e+00 1.05108e+05
5.96155e+00 1.00622e+05
6.02326e+00 9.99191e+04
6.08495e+00 9.53104e+04
6.14661e+00 9.12840e+04
6.20826e+00 8.81901e+04
6.26987e+00 8.33680e+04
6.33146e+00 8.07390e+04
6.39303e+00 7.81485e+04
6.45457e+00 7.55507e+04
6.51609e+00 7.48352e+04
6.57758e+00 6.95258e+04
6.63905e+00 6.82240e+04
6.70050e+00 6.84400e+04
6.76191e+00 6.23813e+04
6.82331e+00 6.09894e+04
6.88468e+00 6.07076e+04
6.94602e+00 5.85029e+04
7.00735e+00 5.65095e+04
7.06864e+00 5.90037e+04
7.12991e+00 6.18210e+04
7.19116e+00 5.71637e+04
7.25239e+00 5.86917e+04
7.31358e+00 6.12365e+04
7.37476e+00 5.94544e+04
7.43591e+00 5.36846e+04
7.49703e+00 5.46705e+04
7.55813e+00 5.59914e+04
7.61921e+00 5.47331e+04
7.68026e+00 5.21607e+04
7.74129e+00 4.97145e+04
7.80229e+00 5.24764e+04
7.86327e+00 5.32050e+04
7.92422e+00 5.23798e+04
7.98515e+00 5.15528e+04
8.04605e+00 5.08875e+04
8.10693e+00 5.01413e+04
8.16779e+00 4.76560e+04
8.22862e+00 4.86892e+04
8.28942e+00 5.19455e+04
8.35021e+00 4.90036e+04
8.41096e+00 4.53667e+04
8.47170e+00 4.62290e+04
8.53240e+00 4.30383e+04
8.59309e+00 4.32180e+04
8.65374e+00 4.54526e+04
8.71438e+00 4.51366e+04
8.77499e+00 4.43338e+04
8.83557e+00 4.23708e+04
8.89613e+00 4.01032e+04
8.95667e+00 4.03028e+04
9.01718e+00 4.10983e+04
9.07767e+00 4.64460e+04
9.13813e+00 4.52547e+04
9.19857e+00 4.03283e+04
9.25898e+00 3.67040e+04
9.31937e+00 3.80327e+04
9.37973e+00 3.76269e+04
9.44007e+00 3.94997e+04
9.50039e+00 3.53879e+04
9.56068e+00 3.16544e+04
9.62095e+00 3.28314e+04
9.68119e+00 3.47212e+04
9.74140e+00 3.19139e+04
9.80160e+00 3.14329e+04
9.86176e+00 3.21650e+04
9.92191e+00 3.13482e+04
9.98203e+00 3.04635e+04
1.00421e+01 3.02604e+04
1.01022e+01 2.93669e+04
1.01622e+01 2.99497e+04
1.02223e+01 2.86307e+04
1.02823e+01 2.89976e+04
1.03422e+01 3.04078e+04
1.04022e+01 2.86519e+04
1.04621e+01 2.69431e+04
1.05220e+01 2.65120e+04
1.05819e+01 2.68789e+04
1.06417e+01 2.69474e+04
1.07015e+01 2.60210e+04
1.07613e+01 2.56387e+04
1.08211e+01 2.67551e+04
1.08809e+01 2.64095e+04
1.09406e+01 2.56777e+04
1.10003e+01 2.62302e+04
1.10600e+01 2.63249e+04
1.11196e+01 2.66835e+04
1.11792e+01 2.51867e+04
1.12389e+01 2.46067e+04
1.12984e+01 2.34025e+04
1.13580e+01 2.40809e+04
1.14175e+01 2.62964e+04
1.14770e+01 2.44297e+04
1.15365e+01 2.46590e+04
1.15960e+01 2.53957e+04
1.16554e+01 2.37147e+04
1.17148e+01 2.31524e+04
1.17742e+01 2.41495e+04
1.18335e+01 2.29034e+04
1.18929e+01 2.14058e+04
1.19522e+01 2.30590e+04
1.20115e+01 2.41440e+04
1.20707e+01 2.54006e+04
1.21300e+01 2.50135e+04
1.21892e+01 2.44419e+04
1.22484e+01 2.31825e+04
1.23075e+01 2.44138e+04
1.23667e+01 2.55434e+04
1.24258e+01 2.27779e+04
1.24849e+01 2.32051e+04
1.25439e+01 2.36289e+04
1.26030e+01 2.31979e+04
1.26620e+01 2.38664e+04
1.27210e+01 2.43519e+04
1.27799e+01 2.37194e+04
1.28389e+01 2.36944e+04
1.28978e+01 2.54675e+04
1.29567e+01 2.46040e+04
1.30155e+01 2.54231e+04
1.30744e+01 2.44321e+04
1.31332e+01 2.33153e+04
1.31920e+01 2.41577e+04
1.32508e+01 2.46097e+04
1.33095e+01 2.52406e+04
1.33682e+01 2.49722e+04
1.34269e+01 2.48729e+04
1.34856e+01 2.49860e+04
1.35442e+01 2.41821e+04
1.36029e+01 2.49199e+04
1.36615e+01 2.69698e+04
1.37200e+01 2.62488e+04
1.37786e+01 2.47821e+04
1.38371e+01 2.50810e+04
1.38956e+01 2.64162e+04
1.39541e+01 2.69323e+04
1.40125e+01 2.76336e+04
1.40710e+01 2.55014e+04
1.41294e+01 2.44573e+04
1.41877e+01 2.30759e+04
1.42461e+01 2.45279e+04
1.43044e+01 2.76538e+04
1.43627e+01 2.84777e+04
1.44210e+01 2.69035e+04
1.44792e+01 2.65775e+04
1.45375e+01 2.69850e+04
1.45957e+01 2.84827e+04
1.46539e+01 2.90615e+04
1.47120e+01 2.76088e+04
1.47701e+01 2.76061e+04
1.48282e+01 2.86859e+04
1.48863e+01 2.71916e+04
1.49444e+01 3.00995e+04
1.50024e+01 3.21359e+04
1.50604e+01 3.11968e+04
1.51184e+01 3.03191e+04
1.51764e+01 3.18004e+04
1.52343e+01 3.23709e+04
1.52922e+01 3.03858e+04
1.53501e+01 3.01938e+04
1.54080e+01 3.24586e+04
1.54658e+01 3.22354e+04
1.55236e+01 3.36743e+04
1.55814e+01 3.51366e+04
1.56392e+01 3.21660e+04
1.56969e+01 2.97239e+04
1.57546e+01 3.16166e+04
1.58123e+01 3.20894e+04
1.58700e+01 3.47632e+04
1.59276e+01 3.35213e+04
1.59852e+01 3.41238e+04
1.60428e+01 3.50732e+04
1.61004e+01 3.59742e+04
1.61579e+01 3.87055e+04
1.62154e+01 3.96392e+04
1.62729e+01 3.90898e+04
1.63304e+01 3.87065e+04
1.63878e+01 4.00182e+04
1.64453e+01 4.11499e+04
1.65027e+01 3.95564e+04
1.65600e+01 3.93850e+04
1.66174e+01 3.78602e+04
1.66747e+01 4.13226e+04
1.67320e+01 4.00273e+04
1.67893e+01 4.30420e+04
1.68465e+01 4.49172e+04
1.69037e+01 4.59146e+04
1.69609e+01 4.84115e+04
1.70181e+01 4.79289e+04
1.70753e+01 4.77616e+04
1.71324e+01 4.65324e+04
1.71895e+01 4.78128e+04
1.72466e+01 4.86830e+04
1.73036e+01 4.91739e+04
1.73606e+01 4.96359e+04
1.74176e+01 5.05624e+04
1.74746e+01 5.32468e+04
1.75316e+01 5.34660e+04
1.75885e+01 5.58164e+04
1.76454e+01 5.69588e+04
1.77023e+01 5.87223e+04
1.77591e+01 5.74673e+04
1.78160e+01 5.74109e+04
1.78728e+01 5.91381e+04
1.79295e+01 6.24772e+04
1.79863e+01 6.37410e+04
1.80430e+01 6.31455e+04
1.80997e+01 6.60033e+04
1.81564e+01 6.86983e+04
1.82131e+01 7.13614e+04
1.82697e+01 6.78679e+04
1.83263e+01 7.35348e+04
1.83829e+01 7.51936e+04
1.84395e+01 7.27986e+04
1.84960e+01 7.44531e+04
1.85525e+01 7.67099e+04
1.86090e+01 7.71995e+04
1.86655e+01 7.33970e+04
1.87219e+01 7.97362e+04
1.87783e+01 8.14292e+04
1.88347e+01 8.49362e+04
1.88911e+01 8.37000e+04
1.89474e+01 8.49633e+04
1.90037e+01 8.92351e+04
1.90600e+01 9.26668e+04
1.91163e+01 9.63105e+04
1.91725e+01 9.61493e+04
1.92287e+01 9.72020e+04
1.92849e+01 1.00782e+05
1.93411e+01 1.00587e+05
1.93972e+01 1.02280e+05
1.94534e+01 1.02377e+05
1.95095e+01 1.07418e+05
1.95655e+01 1.12645e+05
1.96216e+01 1.13868e+05
1.96776e+01 1.15265e+05
1.97336e+01 1.16314e+05
1.97896e+01 1.24451e+05
1.98455e+01 1.32201e+05
1.99014e+01 1.35112e+05
1.99573e+01 1.40913e+05
2.00132e+01 1.43161e+05
2.00690e+01 1.48460e+05
2.01249e+01 1.54394e+05
2.01807e+01 1.56030e+05
2.02364e+01 1.62282e+05
2.02922e+01 1.70036e+05
2.03479e+01 1.78782e+05
2.04036e+01 1.87496e+05
2.04593e+01 1.88313e+05
2.05150e+01 1.86464e+05
2.05706e+01 1.98351e+05
2.06262e+01 2.16620e+05
2.06818e+01 2.28189e+05
2.07373e+01 2.37372e+05
2.07928e+01 2.43033e+05
2.08483e+01 2.51285e+05
2.09038e+01 2.56053e+05
2.09593e+01 2.59611e+05
2.10147e+01 2.59725e+05
2.10701e+01 2.65879e+05
2.11255e+01 2.69457e+05
2.11809e+01 2.68102e+05
2.12362e+01 2.72763e+05
2.12915e+01 2.62657e+05
2.13468e+01 2.48572e+05
2.14020e+01 2.40207e+05
2.14573e+01 2.26805e+05
2.15125e+01 2.09246e+05
2.15677e+01 2.00572e+05
2.16228e+01 1.85549e+05
2.16780e+01 1.69562e+05
2.17331e+01 1.51554e+05
2.17882e+01 1.41476e+05
2.18432e+01 1.29620e+05
2.18983e+01 1.18513e+05
2.19533e+01 1.09597e+05
2.20083e+01 1.01542e+05
2.20633e+01 9.13147e+04
2.21182e+01 8.05348e+04
2.21731e+01 7.70982e+04
2.22280e+01 7.48449e+04
2.22829e+01 7.01095e+04
2.23377e+01 6.83198e+04
2.23925e+01 7.17846e+04
2.24473e+01 6.94647e+04
2.25021e+01 6.96389e+04
2.25568e+01 6.94130e+04
2.26116e+01 6.93510e+04
2.26662e+01 6.92456e+04
2.27209e+01 7.03130e+04
2.27756e+01 6.63801e+04
2.28302e+01 6.77579e+04
2.28848e+01 6.97555e+04
2.29394e+01 7.32238e+04
2.29939e+01 7.68924e+04
2.30484e+01 7.78704e+04
2.31029e+01 7.70439e+04
2.31574e+01 7.46979e+04
2.32118e+01 7.75896e+04
2.32663e+01 8.34884e+04
2.33207e+01 7.95167e+04
2.33751e+01 7.96264e+04
2.34294e+01 8.36266e+04
2.34837e+01 8.35860e+04
2.35380e+01 8.44321e+04
2.35923e+01 8.98909e+04
2.36466e+01 8.93115e+04
2.37008e+01 8.43654e+04
2.37550e+01 8.79588e+04
2.38092e+01 9.16170e+04
2.38633e+01 9.06274e+04
2.39175e+01 9.11223e+04
2.39716e+01 8.83839e+04
2.40256e+01 8.74576e+04
2.40797e+01 8.95205e+04
2.41337e+01 9.26198e+04
2.41877e+01 9.56169e+04
2.42417e+01 9.30252e+04
2.42957e+01 8.90678e+04
2.43496e+01 8.89712e+04
2.44035e+01 8.89006e+04
2.44574e+01 9.00756e+04
2.45113e+01 8.81533e+04
2.45651e+01 8.89634e+04
2.46189e+01 9.42216e+04
2.46727e+01 9.06722e+04
2.47265e+01 8.84168e+04
2.47802e+01 9.04339e+04
2.48339e+01 9.39266e+04
2.48876e+01 9.20979e+04
2.49413e+01 8.87456e+04
2.49949e+01 8.72303e+04
2.50485e+01 8.57004e+04
2.51021e+01 8.63351e+04
2.51557e+01 8.29181e+04
2.52092e+01 8.15546e+04
2.52628e+01 8.23385e+04
2.53162e+01 8.36292e+04
2.53697e+01 8.17246e+04
2.54232e+01 8.60186e+04
2.54766e+01 8.51955e+04
2.55300e+01 8.25253e+04
2.55833e+01 7.91693e+04
2.56367e+01 7.78558e+04
2.56900e+01 8.33332e+04
2.57433e+01 7.85858e+04
2.57966e+01 7.62193e+04
2.58498e+01 7.50855e+04
2.59030e+01 7.80820e+04
2.59562e+01 7.40736e+04
2.60094e+01 7.16102e+04
2.60626e+01 7.52017e+04
2.61157e+01 7.46114e+04
2.61688e+01 7.40970e+04
2.62219e+01 6.59115e+04
2.62749e+01 6.33995e+04
2.63279e+01 6.09377e+04
2.63809e+01 6.64883e+04
2.64339e+01 6.51371e+04
2.64869e+01 6.14652e+04
2.65398e+01 5.95178e+04
2.65927e+01 6.09006e+04
2.66456e+01 6.11275e+04
2.66984e+01 5.91697e+04
2.67513e+01 5.76963e+04
2.68041e+01 5.70797e+04
2.68569e+01 5.34333e+04
2.69096e+01 5.25483e+04
2.69623e+01 5.14602e+04
2.70150e+01 5.15230e+04
2.70677e+01 4.95653e+04
2.71204e+01 4.76677e+04
2.71730e+01 4.87491e+04
2.72256e+01 4.52015e+04
2.72782e+01 4.55483e+04
2.73308e+01 4.92092e+04
2.73833e+01 4.74290e+04
2.74358e+01 4.55010e+04
2.74883e+01 4.52747e+04
2.75408e+01 4.15778e+04
2.75932e+01 4.06388e+04
2.76456e+01 4.08983e+04
2.76980e+01 4.18161e+04
2.77504e+01 4.17584e+04
2.78027e+01 4.04500e+04
2.78550e+01 4.12095e+04
2.79073e+01 3.94304e+04
2.79596e+01 3.95748e+04
2.80118e+01 3.80711e+04
2.80640e+01 3.76173e+04
2.81162e+01 3.73157e+04
2.81684e+01 3.64109e+04
2.82205e+01 3.34545e+04
2.82727e+01 3.19186e+04
2.83248e+01 3.25911e+04
2.83768e+01 3.45657e+04
2.84289e+01 3.36224e+04
2.84809e+01 3.35517e+04
2.85329e+01 3.21208e+04
2.85849e+01 3.10820e+04
2.86368e+01 3.23697e+04
2.86887e+01 3.24425e+04
2.87406e+01 2.97966e+04
2.87925e+01 3.16776e+04
2.88443e+01 3.33787e+04
2.88962e+01 3.40481e+04
2.89480e+01 3.13865e+04
2.89997e+01 3.01859e+04
2.90515e+01 2.99990e+04
2.91032e+01 2.99549e+04
2.91549e+01 3.01679e+04
2.92066e+01 3.08229e+04
2.92582e+01 2.99727e+04
2.93099e+01 2.70402e+04
2.93615e+01 2.54047e+04
2.94131e+01 2.54910e+04
2.94646e+01 2.70803e+04
2.95161e+01 2.83069e+04
2.95676e+01 2.80267e+04
2.96191e+01 2.68695e+04
2.96706e+01 2.60295e+04
2.97220e+01 2.78145e+04
2.97734e+01 2.71539e+04
2.98248e+01 2.68193e+04
2.98762e+01 2.54902e+04
2.99275e+01 2.43660e+04
2.99788e+01 2.41585e+04
3.00301e+01 2.49209e+04
3.00813e+01 2.45234e+04
3.01326e+01 2.32900e+04
3.01838e+01 2.38251e+04
3.02350e+01 2.35103e+04
3.02861e+01 2.32988e+04
3.03373e+01 2.25277e+04
3.03884e+01 2.23232e+04
3.04395e+01 2.39978e+04
3.04905e+01 2.25809e+04
3.05416e+01 2.34922e+04
3.05926e+01 2.35336e+04
3.06436e+01 2.35045e+04
3.06945e+01 2.23321e+04
3.07455e+01 2.20030e+04
3.07964e+01 2.34053e+04
3.08473e+01 2.20057e+04
3.08982e+01 2.27191e+04
3.09490e+01 2.15604e+04
3.09998e+01 2.16336e+04
3.10506e+01 2.26560e+04
3.11014e+01 2.48251e+04
3.11521e+01 2.40356e+04
3.12028e+01 1.95556e+04
3.12535e+01 1.90519e+04
3.13042e+01 1.87606e+04
3.13548e+01 1.91178e+04
3.14055e+01 2.29247e+04
3.14561e+01 2.25380e+04
3.15066e+01 2.19877e+04
3.15572e+01 2.14498e+04
3.16077e+01 1.94966e+04
3.16582e+01 1.99418e+04
3.17087e+01 1.93677e+04
3.17591e+01 2.11879e+04
3.18096e+01 2.14107e+04
3.18600e+01 2.04375e+04
3.19103e+01 2.02550e+04
3.19607e+01 2.24942e+04
3.20110e+01 1.92387e+04
3.20613e+01 1.93375e+04
3.21116e+01 1.92388e+04
3.21618e+01 1.90354e+04
3.22121e+01 1.92627e+04
3.22623e+01 1.98734e+04
3.23125e+01 2.11543e+04
3.23626e+01 1.90945e+04
3.24127e+01 1.88185e+04
3.24628e+01 1.86708e+04
3.25129e+01 1.78359e+04
3.25630e+01 1.91786e+04
3.26130e+01 1.80077e+04
3.26630e+01 1.94525e+04
3.27130e+01 2.02402e+04
3.27630e+01 1.88381e+04
3.28129e+01 1.82636e+04
3.28628e+01 1.82245e+04
3.29127e+01 1.79920e+04
3.29626e+01 1.94560e+04
3.30124e+01 1.98866e+04
3.30622e+01 2.06386e+04
3.31120e+01 1.84271e+04
3.31618e+01 1.83427e+04
3.32115e+01 1.83078e+04
3.32612e+01 1.85824e+04
3.33109e+01 1.92728e+04
3.33606e+01 1.81293e+04
3.34102e+01 1.80302e+04
3.34598e+01 1.87237e+04
3.35094e+01 1.86288e+04
3.35590e+01 1.91956e+04
3.36085e+01 1.80075e+04
3.36580e+01 1.94844e+04
3.37075e+01 2.04752e+04
3.37570e+01 1.92496e+04
3.38064e+01 1.90672e+04
3.38558e+01 1.84141e+04
3.39052e+01 1.80442e+04
3.39546e+01 1.82861e+04
3.40040e+01 1.97700e+04
3.40533e+01 2.02996e+04
3.41026e+01 1.96460e+04
3.41518e+01 1.86768e+04
3.42011e+01 1.99764e+04
3.42503e+01 1.92878e+04
3.42995e+01 1.82489e+04
3.43487e+01 1.92119e+04
3.43978e+01 2.05884e+04
3.44470e+01 1.93025e+04
3.44961e+01 1.83941e+04
3.45451e+01 1.82251e+04
3.45942e+01 1.98621e+04
3.46432e+01 1.85096e+04
3.46922e+01 1.75022e+04
3.47412e+01 1.86805e+04
3.47901e+01 1.76157e+04
3.48391e+01 1.75753e+04
3.48880e+01 1.83870e+04
3.49369e+01 1.80935e+04
3.49857e+01 1.85868e+04
3.50345e+01 1.75040e+04
3.50833e+01 2.04656e+04
3.51321e+01 2.11703e+04
3.51809e+01 2.04648e+04
3.52296e+01 1.87720e+04
3.52783e+01 1.92052e+04
3.53270e+01 1.89674e+04
3.53757e+01 1.86705e+04
3.54243e+01 1.72766e+04
3.54729e+01 1.84404e+04
3.55215e+01 1.72381e+04
3.55700e+01 1.81205e+04
3.56186e+01 1.94831e+04
3.56671e+01 1.99611e+04
3.57156e+01 2.01034e+04
3.57640e+01 2.03852e+04
3.58125e+01 1.85873e+04
3.58609e+01 1.87262e+04
3.59093e+01 1.83661e+04
3.59576e+01 1.83643e+04
3.60060e+01 1.78958e+04
3.60543e+01 1.57247e+04
3.61026e+01 1.72181e+04
3.61508e+01 1.90007e+04
3.61991e+01 1.85029e+04
3.62473e+01 1.73639e+04
3.62955e+01 1.54598e+04
3.63437e+01 1.58799e+04
3.63918e+01 1.72561e+04
3.64399e+01 1.82470e+04
3.64880e+01 1.81288e+04
3.65361e+01 1.73281e+04
3.65841e+01 1.78854e+04
3.66322e+01 1.91550e+04
3.66801e+01 1.98914e+04
3.67281e+01 2.02385e+04
3.67761e+01 1.99061e+04
3.68240e+01 1.74790e+04
3.68719e+01 1.64825e+04
3.69198e+01 1.61957e+04
3.69676e+01 1.69346e+04
3.70154e+01 1.67669e+04
3.70632e+01 1.82110e+04
3.71110e+01 1.82019e+04
3.71587e+01 1.88848e+04
3.72065e+01 2.00084e+04
3.72542e+01 1.94824e+04
3.73019e+01 1.94675e+04
3.73495e+01 1.85574e+04
3.73971e+01 1.94355e+04
3.74447e+01 1.89461e+04
3.74923e+01 1.90137e+04
3.75399e+01 2.13072e+04
3.75874e+01 2.09907e+04
3.76349e+01 1.82186e+04
3.76824e+01 1.79169e+04
3.77298e+01 1.88560e+04
3.77773e+01 1.90443e+04
3.78247e+01 1.94483e+04
3.78721e+01 2.01720e+04
3.79194e+01 2.23143e+04
3.79667e+01 2.13923e+04
3.80141e+01 2.09431e+04
3.80613e+01 2.11947e+04
3.81086e+01 2.17270e+04
3.81558e+01 2.19517e+04
3.82030e+01 2.18832e+04
3.82502e+01 2.09025e+04
3.82974e+01 2.08963e+04
3.83445e+01 2.09315e+04
3.83916e+01 2.11817e+04
3.84387e+01 2.15283e+04
3.84858e+01 2.24473e+04
3.85328e+01 2.18858e+04
3.85798e+01 2.24617e+04
3.86268e+01 2.31041e+04
3.86738e+01 2.35238e+04
3.87207e+01 2.30705e+04
3.87676e+01 2.28910e+04
3.88145e+01 2.21409e+04
3.88614e+01 2.29543e+04
3.89082e+01 2.30389e+04
3.89551e+01 2.31757e+04
3.90019e+01 2.23960e+04
3.90486e+01 2.16682e+04
3.90954e+01 1.94081e+04
3.91421e+01 2.02102e+04
3.91888e+01 1.96481e+04
3.92355e+01 1.94173e+04
3.92821e+01 2.19030e+04
3.93287e+01 2.27636e+04
3.93753e+01 2.16067e+04
3.94219e+01 2.09321e+04
3.94684e+01 2.16825e+04
3.95150e+01 2.13665e+04
3.95615e+01 2.02077e+04
3.96079e+01 2.17191e+04
3.96544e+01 2.12209e+04
3.97008e+01 2.20462e+04
3.97472e+01 2.11008e+04
3.97936e+01 2.09874e+04
3.98399e+01 2.21541e+04
3.98863e+01 2.13966e+04
3.99326e+01 1.88652e+04
3.99788e+01 2.23378e+04
4.00251e+01 2.26632e+04
4.00713e+01 2.05071e+04
4.01175e+01 2.04246e+04
4.01637e+01 2.15204e+04
4.02099e+01 2.05417e+04
4.02560e+01 2.08833e+04
4.03021e+01 2.08061e+04
4.03482e+01 2.00726e+04
4.03942e+01 2.04118e+04
4.04403e+01 2.00414e+04
4.04863e+01 1.98499e+04
4.05323e+01 1.99538e+04
4.05782e+01 2.05566e+04
4.06241e+01 2.00227e+04
4.06701e+01 1.92467e+04
4.07159e+01 2.08388e+04
4.07618e+01 2.16732e+04
4.08076e+01 1.99979e+04
4.08534e+01 2.22768e+04
4.08992e+01 2.28162e+04
4.09450e+01 2.27879e+04
4.09907e+01 2.23066e+04
4.10364e+01 2.25350e+04
4.10821e+01 2.18463e+04
4.11278e+01 2.31732e+04
4.11734e+01 2.33018e+04
4.12191e+01 2.42838e+04
4.12646e+01 2.52916e+04
4.13102e+01 2.29049e+04
4.13557e+01 2.17198e+04
4.14013e+01 2.16497e+04
4.14468e+01 2.10893e+04
4.14922e+01 2.22966e+04
4.15377e+01 2.17316e+04
4.15831e+01 2.14010e+04
4.16285e+01 2.12956e+04
4.16738e+01 2.19995e+04
4.17192e+01 2.19893e+04
4.17645e+01 2.31867e+04
4.18098e+01 2.22679e+04
4.18551e+01 2.17505e+04
4.19003e+01 1.94769e+04
4.19455e+01 2.02639e+04
4.19907e+01 2.02514e+04
4.20359e+01 1.90103e+04
4.20811e+01 1.93037e+04
4.21262e+01 1.90285e+04
4.21713e+01 1.96698e+04
4.22164e+01 2.04264e+04
4.22614e+01 2.20150e+04
4.23064e+01 2.37255e+04
4.23514e+01 2.12572e+04
4.23964e+01 1.99696e+04
4.24414e+01 2.08423e+04
4.24863e+01 2.16065e+04
4.25312e+01 1.95816e+04
4.25761e+01 2.11965e+04
4.26209e+01 2.17551e+04
4.26658e+01 2.20533e+04
4.27106e+01 2.10259e+04
4.27554e+01 2.08694e+04
4.28001e+01 1.96728e+04
4.28448e+01 2.03826e+04
4.28895e+01 2.09425e+04
4.29342e+01 2.10873e+04
4.29789e+01 2.21418e+04
4.30235e+01 2.20919e+04
4.30681e+01 2.26977e+04
4.31127e+01 2.15774e+04
4.31573e+01 2.08033e+04
4.32018e+01 1.95449e+04
4.32463e+01 1.99503e+04
4.32908e+01 2.00105e+04
4.33353e+01 1.96763e+04
4.33797e+01 2.09335e+04
4.34241e+01 1.92711e+04
4.34685e+01 2.01195e+04
4.35129e+01 2.01034e+04
4.35572e+01 2.04011e+04
4.36015e+01 2.14296e+04
4.36458e+01 2.17042e+04
4.36901e+01 2.06375e+04
4.37343e+01 1.91234e+04
4.37785e+01 1.92310e+04
4.38227e+01 2.01485e+04
4.38669e+01 2.00810e+04
4.39110e+01 2.06132e+04
4.39551e+01 2.07890e+04
4.39992e+01 2.12297e+04
4.40433e+01 1.97022e+04
4.40874e+01 1.93481e+04
4.41314e+01 2.14656e+04
4.41754e+01 2.11183e+04
4.42193e+01 1.95580e+04
4.42633e+01 2.01154e+04
4.43072e+01 2.24361e+04
4.43511e+01 2.18352e+04
4.43950e+01 2.33661e+04
4.44388e+01 2.19202e+04
4.44826e+01 2.03626e+04
4.45264e+01 2.05228e+04
4.45702e+01 2.04643e+04
4.46140e+01 2.15116e+04
4.46577e+01 2.28800e+04
4.47014e+01 2.41969e+04
4.47451e+01 2.27547e+04
4.47887e+01 2.19648e+04
4.48323e+01 2.34410e+04
4.48760e+01 2.36157e+04
4.49195e+01 2.31866e+04
4.49631e+01 2.35942e+04
4.50066e+01 2.33477e+04
4.50501e+01 2.17467e+04
4.50936e+01 2.07181e+04
4.51371e+01 2.01302e+04
4.51805e+01 2.38975e+04
4.52239e+01 2.25192e+04
4.52673e+01 2.15921e+04
4.53106e+01 2.28659e+04
4.53540e+01 2.43343e+04
4.53973e+01 2.27962e+04
4.54406e+01 2.25695e+04
4.54838e+01 2.01424e+04
4.55270e+01 2.29158e+04
4.55703e+01 2.42952e+04
4.56134e+01 2.33113e+04
4.56566e+01 2.35489e+04
4.56997e+01 2.22622e+04
4.57428e+01 2.21050e+04
4.57859e+01 2.19028e+04
4.58290e+01 2.27662e+04
4.58720e+01 2.20636e+04
4.59150e+01 2.18204e+04
4.59580e+01 2.50414e+04
4.60010e+01 2.18625e+04
4.60439e+01 2.09863e+04
4.60869e+01 1.83270e+04
4.61297e+01 2.19924e+04
4.61726e+01 2.13336e+04
4.62155e+01 2.10813e+04
4.62583e+01 2.16678e+04
4.63011e+01 2.10550e+04
4.63438e+01 2.08150e+04
4.63866e+01 1.84106e+04
4.64293e+01 1.90547e+04
4.64720e+01 1.98640e+04
4.65147e+01 1.93819e+04
4.65573e+01 1.83876e+04
4.65999e+01 1.81532e+04
4.66425e+01 1.97292e+04
4.66851e+01 1.86502e+04
4.67276e+01 2.06974e+04
4.67702e+01 2.10718e+04
4.68127e+01 2.08774e+04
4.68551e+01 1.92936e+04
4.68976e+01 1.86356e+04
4.69400e+01 1.89165e+04
4.69824e+01 1.82239e+04
4.70248e+01 1.67892e+04
4.70671e+01 1.79784e+04
4.71095e+01 1.59863e+04
4.71518e+01 1.79429e+04
4.71940e+01 1.77257e+04
4.72363e+01 1.65078e+04
4.72785e+01 1.57595e+04
4.73207e+01 1.51501e+04
4.73629e+01 1.52613e+04
4.74051e+01 1.81051e+04
4.74472e+01 1.68553e+04
4.74893e+01 1.54955e+04
4.75314e+01 1.56910e+04
4.75734e+01 1.80717e+04
4.76155e+01 1.75801e+04
4.76575e+01 1.50332e+04
4.76995e+01 1.64585e+04
4.77414e+01 1.66085e+04
4.77833e+01 1.65014e+04
4.78253e+01 1.53070e+04
4.78671e+01 1.58155e+04
4.79090e+01 1.65383e+04
4.79508e+01 1.70843e+04
4.79926e+01 1.67813e+04
4.80344e+01 1.64812e+04
4.80762e+01 1.53252e+04
4.81179e+01 1.49420e+04
4.81596e+01 1.41989e+04
4.82013e+01 1.56922e+04
4.82430e+01 1.57623e+04
4.82846e+01 1.78736e+04
4.83263e+01 1.66842e+04
4.83678e+01 1.57901e+04
4.84094e+01 1.56835e+04
4.84509e+01 1.53908e+04
4.84925e+01 1.57758e+04
4.85340e+01 1.72735e+04
4.85754e+01 1.61602e+04
4.86169e+01 1.56659e+04
4.86583e+01 1.43450e+04
4.86997e+01 1.43625e+04
4.87410e+01 1.39848e+04
4.87824e+01 1.56003e+04
4.88237e+01 1.50015e+04
4.88650e+01 1.53172e+04
4.89063e+01 1.57237e+04
4.89475e+01 1.62705e+04
4.89887e+01 1.48463e+04
4.90299e+01 1.47306e+04
4.90711e+01 1.51966e+04
4.91123e+01 1.55251e+04
4.91534e+01 1.51538e+04
4.91945e+01 1.40689e+04
4.92356e+01 1.38950e+04
4.92766e+01 1.48813e+04
4.93176e+01 1.47221e+04
4.93586e+01 1.59368e+04
4.93996e+01 1.67500e+04
4.94406e+01 1.67507e+04
4.94815e+01 1.58349e+04
4.95224e+01 1.55398e+04
4.95633e+01 1.57596e+04
4.96041e+01 1.49391e+04
4.96450e+01 1.34289e+04
4.96858e+01 1.39891e+04
4.97265e+01 1.43021e+04
4.97673e+01 1.41758e+04
4.98080e+01 1.43675e+04
4.98487e+01 1.49370e+04
4.98894e+01 1.38427e+04
4.99301e+01 1.53200e+04
4.99707e+01 1.66316e+04
5.00113e+01 1.71561e+04
5.00519e+01 1.55217e+04
5.00925e+01 1.46418e+04
5.01330e+01 1.50634e+04
5.01735e+01 1.46227e+04
5.02140e+01 1.48444e+04
5.02545e+01 1.47904e+04
5.02949e+01 1.58738e+04
5.03353e+01 1.54542e+04
5.03757e+01 1.45072e+04
5.04161e+01 1.43021e+04
5.04564e+01 1.38634e+04
5.04967e+01 1.50268e+04
5.05370e+01 1.62000e+04
5.05773e+01 1.76880e+04
5.06175e+01 1.61810e+04
5.06577e+01 1.62333e+04
5.06979e+01 1.47930e+04
5.07381e+01 1.52872e+04
5.07782e+01 1.48198e+04
5.08183e+01 1.47552e+04
5.08584e+01 1.46960e+04
5.08985e+01 1.64836e+04
5.09385e+01 1.64829e+04
5.09786e+01 1.68913e+04
5.10186e+01 1.69946e+04
5.10585e+01 1.47886e+04
5.10985e+01 1.42864e+04
5.11384e+01 1.52794e+04
5.11783e+01 1.55139e+04
5.12182e+01 1.72601e+04
5.12580e+01 1.70040e+04
5.12978e+01 1.62526e+04
5.13376e+01 1.35592e+04
5.13774e+01 1.42410e+04
5.14172e+01 1.49470e+04
5.14569e+01 1.45772e+04
5.14966e+01 1.39857e+04
5.15363e+01 1.53164e+04
5.15759e+01 1.53933e+04
5.16155e+01 1.55809e+04
5.16551e+01 1.54040e+04
5.16947e+01 1.53375e+04
5.17343e+01 1.44701e+04
5.17738e+01 1.50082e+04
5.18133e+01 1.58676e+04
5.18528e+01 1.64996e+04
5.18922e+01 1.50079e+04
5.19317e+01 1.42120e+04
5.19711e+01 1.45764e+04
5.20104e+01 1.37976e+04
5.20498e+01 1.49732e+04
5.20891e+01 1.58167e+04
5.21284e+01 1.55090e+04
5.21677e+01 1.57239e+04
5.22070e+01 1.45991e+04
5.22462e+01 1.32994e+04
5.22854e+01 1.28200e+04
5.23246e+01 1.15376e+04
5.23638e+01 1.41362e+04
5.24029e+01 1.42089e+04
5.24420e+01 1.45703e+04
5.24811e+01 1.37611e+04
5.25202e+01 1.35081e+04
5.25592e+01 1.39884e+04
5.25982e+01 1.52777e+04
5.26372e+01 1.46101e+04
5.26762e+01 1.50197e+04
5.27151e+01 1.46096e+04
5.27540e+01 1.52008e+04
5.27929e+01 1.49915e+04
5.28318e+01 1.63335e+04
5.28706e+01 1.56638e+04
5.29094e+01 1.33972e+04
5.29482e+01 1.38049e+04
5.29870e+01 1.54342e+04
5.30258e+01 1.68368e+04
5.30645e+01 1.58976e+04
5.31032e+01 1.38637e+04
5.31418e+01 1.47181e+04
5.31805e+01 1.48937e+04
5.32191e+01 1.57207e+04
5.32577e+01 1.51158e+04
5.32963e+01 1.43827e+04
5.33348e+01 1.36727e+04
5.33733e+01 1.45460e+04
5.34118e+01 1.57543e+04
5.34503e+01 1.58319e+04
5.34888e+01 1.37833e+04
5.35272e+01 1.45177e+04
5.35656e+01 1.45386e+04
5.36040e+01 1.46010e+04
5.36423e+01 1.52913e+04
5.36806e+01 1.50353e+04
5.37189e+01 1.29313e+04
5.37572e+01 1.31791e+04
5.37955e+01 1.41928e+04
5.38337e+01 1.57443e+04
5.38719e+01 1.56403e+04
5.39101e+01 1.48638e+04
5.39482e+01 1.41268e+04
5.39864e+01 1.46081e+04
5.40245e+01 1.62083e+04
5.40625e+01 1.58854e+04
5.41006e+01 1.51198e+04
5.41386e+01 1.50919e+04
5.41766e+01 1.52203e+04
5.42146e+01 1.40303e+04
5.42526e+01 1.47930e+04
5.42905e+01 1.53297e+04
5.43284e+01 1.50741e+04
5.43663e+01 1.58295e+04
5.44042e+01 1.39541e+04
5.44420e+01 1.21062e+04
5.44798e+01 1.40227e+04
5.45176e+01 1.51493e+04
5.45554e+01 1.51301e+04
5.45931e+01 1.49986e+04
5.46308e+01 1.60602e+04
5.46685e+01 1.51372e+04
5.47062e+01 1.40297e+04
5.47438e+01 1.45278e+04
5.47814e+01 1.63929e+04
5.48190e+01 1.48750e+04
5.48566e+01 1.37068e+04
5.48941e+01 1.22450e+04
5.49316e+01 1.31823e+04
5.49691e+01 1.41411e+04
5.50066e+01 1.52931e+04
5.50440e+01 1.56553e+04
5.50814e+01 1.54894e+04
5.51188e+01 1.25317e+04
5.51562e+01 1.18064e+04
5.51936e+01 1.31258e+04
5.52309e+01 1.41838e+04
5.52682e+01 1.35710e+04
5.53054e+01 1.37075e+04
5.53427e+01 1.41847e+04
5.53799e+01 1.44346e+04
5.54171e+01 1.32072e+04
5.54543e+01 1.37860e+04
5.54914e+01 1.43583e+04
5.55285e+01 1.48986e+04
5.55656e+01 1.30955e+04
5.56027e+01 1.47232e+04
5.56398e+01 1.37662e+04
5.56768e+01 1.37316e+04
5.57138e+01 1.35637e+04
5.57508e+01 1.15437e+04
5.57877e+01 1.44314e+04
5.58246e+01 1.53436e+04
5.58616e+01 1.39798e+04
5.58984e+01 1.31124e+04
5.59353e+01 1.33211e+04
5.59721e+01 1.49072e+04
5.60089e+01 1.25381e+04
5.60457e+01 1.39430e+04
5.60825e+01 1.47940e+04
5.61192e+01 1.35515e+04
5.61559e+01 1.44194e+04
5.61926e+01 1.33881e+04
5.62292e+01 1.28546e+04
5.62659e+01 1.17479e+04
5.63025e+01 1.32919e+04
5.63391e+01 1.51310e+04
5.63756e+01 1.38506e+04
5.64121e+01 1.32840e+04
5.64487e+01 1.22322e+04
5.64851e+01 1.19542e+04
5.65216e+01 1.16346e+04
5.65580e+01 1.23407e+04
5.65945e+01 1.24262e+04
5.66308e+01 1.25307e+04
5.66672e+01 1.41258e+04
5.67035e+01 1.37033e+04
5.67399e+01 1.36469e+04
5.67761e+01 1.40232e+04
5.68124e+01 1.31750e+04
5.68486e+01 1.19755e+04
5.68849e+01 1.25035e+04
5.69211e+01 1.32256e+04
5.69572e+01 1.30644e+04
5.69934e+01 1.36825e+04
5.70295e+01 1.29107e+04
5.70656e+01 1.13019e+04
5.71016e+01 1.22725e+04
5.71377e+01 1.40836e+04
5.71737e+01 1.30379e+04
5.72097e+01 1.33442e+04
5.72457e+01 1.33506e+04
5.72816e+01 1.31371e+04
5.73175e+01 1.28170e+04
5.73534e+01 1.31554e+04
5.73893e+01 1.39709e+04
5.74252e+01 1.30750e+04
5.74610e+01 1.27601e+04
5.74968e+01 1.35189e+04
5.75325e+01 1.31945e+04
5.75683e+01 1.26766e+04
5.76040e+01 1.30603e+04
5.76397e+01 1.25375e+04
5.76754e+01 1.37472e+04
5.77110e+01 1.39656e+04
5.77467e+01 1.31259e+04
5.77823e+01 1.40614e+04
5.78179e+01 1.48865e+04
5.78534e+01 1.42243e+04
5.78889e+01 1.36989e+04
5.79244e+01 1.18235e+04
5.79599e+01 1.33357e+04
5.79954e+01 1.45837e+04
5.80308e+01 1.35516e+04
5.80662e+01 1.35165e+04
5.81016e+01 1.39499e+04
5.81369e+01 1.45660e+04
5.81723e+01 1.43362e+04
5.82076e+01 1.48083e+04
5.82429e+01 1.49820e+04
5.82781e+01 1.45818e+04
5.83134e+01 1.54101e+04
5.83486e+01 1.55601e+04
5.83838e+01 1.44915e+04
5.84189e+01 1.51949e+04
5.84541e+01 1.35903e+04
5.84892e+01 1.48318e+04
5.85242e+01 1.47489e+04
5.85593e+01 1.53134e+04
5.85943e+01 1.42964e+04
5.86294e+01 1.49178e+04
5.86643e+01 1.52056e+04
5.86993e+01 1.47574e+04
5.87343e+01 1.45546e+04
5.87692e+01 1.61721e+04
5.88041e+01 1.63735e+04
5.88389e+01 1.68276e+04
5.88738e+01 1.55948e+04
5.89086e+01 1.50841e+04
5.89434e+01 1.61536e+04
5.89781e+01 1.65954e+04
5.90129e+01 1.51487e+04
5.90476e+01 1.69510e+04
5.90823e+01 1.85949e+04
5.91170e+01 1.77032e+04
5.91516e+01 1.73895e+04
5.91862e+01 1.65148e+04
5.92208e+01 1.87645e+04
5.92554e+01 1.83890e+04
5.92899e+01 1.71787e+04
5.93245e+01 1.61997e+04
5.93590e+01 1.75058e+04
5.93934e+01 1.88295e+04
5.94279e+01 1.79611e+04
5.94623e+01 1.67469e+04
5.94967e+01 1.61008e+04
5.95311e+01 1.66777e+04
5.95654e+01 1.77381e+04
5.95998e+01 1.76774e+04
5.96341e+01 1.76877e+04
5.96683e+01 1.80185e+04
5.97026e+01 1.65462e+04
5.97368e+01 1.89042e+04
5.97710e+01 1.90027e+04
5.98052e+01 1.94743e+04
5.98394e+01 1.78697e+04
5.98735e+01 1.91093e+04
5.99076e+01 1.83127e+04
5.99417e+01 1.86225e+04
5.99757e+01 1.75797e+04
6.00098e+01 1.86123e+04
6.00438e+01 1.75257e+04
6.00777e+01 1.68798e+04
6.01117e+01 1.79298e+04
6.01456e+01 1.56886e+04
6.01795e+01 1.71991e+04
6.02134e+01 1.72651e+04
6.02473e+01 1.87154e+04
6.02811e+01 1.68554e+04
6.03149e+01 1.61003e+04
6.03487e+01 1.49222e+04
6.03825e+01 1.52050e+04
6.04162e+01 1.73306e+04
6.04499e+01 1.68108e+04
6.04836e+01 1.57951e+04
6.05173e+01 1.48767e+04
6.05509e+01 1.55687e+04
6.05845e+01 1.49920e+04
6.06181e+01 1.47005e+04
6.06517e+01 1.44005e+04
6.06852e+01 1.43538e+04
6.07187e+01 1.52962e+04
6.07522e+01 1.52384e+04
6.07857e+01 1.54632e+04
6.08191e+01 1.49715e+04
6.08526e+01 1.42789e+04
6.08860e+01 1.32623e+04
6.09193e+01 1.35402e+04
6.09527e+01 1.34870e+04
6.09860e+01 1.42460e+04
6.10193e+01 1.31277e+04
6.10526e+01 1.25836e+04
6.10858e+01 1.27467e+04
6.11190e+01 1.18323e+04
6.11522e+01 1.05499e+04
6.11854e+01 1.32280e+04
6.12185e+01 1.29607e+04
6.12517e+01 1.29813e+04
6.12848e+01 1.26506e+04
6.13178e+01 1.21998e+04
6.13509e+01 1.18261e+04
6.13839e+01 1.36044e+04
6.14169e+01 1.27227e+04
6.14499e+01 1.18239e+04
6.14828e+01 1.14305e+04
6.15158e+01 1.24928e+04
6.15487e+01 1.12245e+04
6.15815e+01 1.01948e+04
6.16144e+01 1.11770e+04
6.16472e+01 1.19735e+04
6.16800e+01 1.19912e+04
6.17128e+01 1.30260e+04
6.17456e+01 1.36213e+04
6.17783e+01 1.34342e+04
6.18110e+01 1.26782e+04
6.18437e+01 1.06682e+04
6.18763e+01 1.23928e+04
6.19090e+01 1.21376e+04
6.19416e+01 1.36168e+04
6.19742e+01 1.25754e+04
6.20067e+01 1.22859e+04
6.20393e+01 1.26443e+04
6.20718e+01 1.13948e+04
6.21043e+01 1.20246e+04
6.21367e+01 1.15391e+04
6.21692e+01 1.11135e+04
6.22016e+01 1.19443e+04
6.22340e+01 1.02063e+04
6.22663e+01 1.11946e+04
6.22987e+01 1.20238e+04
6.23310e+01 1.16413e+04
6.23633e+01 1.04773e+04
6.23955e+01 1.06086e+04
6.24278e+01 1.18607e+04
6.24600e+01 1.06789e+04
6.24922e+01 1.07421e+04
6.25243e+01 1.16080e+04
6.25565e+01 1.16609e+04
6.25886e+01 1.05772e+04
6.26207e+01 9.81810e+03
6.26528e+01 1.12410e+04
6.26848e+01 1.07036e+04
6.27168e+01 1.08506e+04
6.27488e+01 1.17634e+04
6.27808e+01 1.17160e+04
6.28127e+01 1.25153e+04
6.28446e+01 1.11330e+04
6.28765e+01 1.04950e+04
6.29084e+01 1.12413e+04
6.29403e+01 1.13264e+04
6.29721e+01 1.08898e+04
6.30039e+01 1.08467e+04
6.30357e+01 1.10337e+04
6.30674e+01 1.06221e+04
6.30991e+01 1.02829e+04
6.31308e+01 1.07974e+04
6.31625e+01 1.09450e+04
6.31942e+01 9.40900e+03
6.32258e+01 9.72010e+03
6.32574e+01 1.06851e+04
6.32890e+01 9.86390e+03
6.33205e+01 1.04538e+04
6.33520e+01 9.33660e+03
6.33835e+01 1.00010e+04
6.34150e+01 9.83320e+03
6.34465e+01 1.02353e+04
6.34779e+01 1.13918e+04
6.35093e+01 1.13150e+04
6.35407e+01 1.04008e+04
6.35720e+01 9.94290e+03
6.36034e+01 9.30200e+03
6.36347e+01 1.04131e+04
6.36660e+01 1.03852e+04
6.36972e+01 1.10112e+04
6.37285e+01 1.12730e+04
6.37597e+01 1.08379e+04
6.37909e+01 1.14976e+04
6.38220e+01 1.10672e+04
6.38532e+01 9.42470e+03
6.38843e+01 1.02144e+04
6.39153e+01 1.03570e+04
6.39464e+01 1.05433e+04
6.39774e+01 1.01758e+04
6.40085e+01 1.11205e+04
6.40394e+01 9.32180e+03
6.40704e+01 9.64440e+03
6.41014e+01 1.00011e+04
6.41323e+01 1.12608e+04
6.41632e+01 1.14513e+04
6.41940e+01 1.11790e+04
6.42249e+01 9.85180e+03
6.42557e+01 9.13160e+03
6.42865e+01 1.02228e+04
6.43172e+01 1.05330e+04
6.43480e+01 1.00161e+04
6.43787e+01 9.72070e+03
6.44094e+01 8.96320e+03
6.44401e+01 9.78370e+03
6.44707e+01 1.05703e+04
6.45013e+01 1.02562e+04
6.45319e+01 9.70260e+03
6.45625e+01 9.56750e+03
6.45930e+01 1.00752e+04
6.46236e+01 9.50690e+03
6.46541e+01 9.45250e+03
6.46845e+01 9.40280e+03
6.47150e+01 9.49880e+03
6.47454e+01 9.26980e+03
6.47758e+01 8.63110e+03
6.48062e+01 9.17020e+03
6.48365e+01 1.09104e+04
6.48669e+01 1.12697e+04
6.48972e+01 1.13885e+04
6.49274e+01 1.13613e+04
6.49577e+01 9.89720e+03
6.49879e+01 1.00106e+04
6.50181e+01 1.12162e+04
6.50483e+01 1.01348e+04
6.50784e+01 1.03197e+04
6.51086e+01 1.06950e+04
6.51387e+01 7.83820e+03
6.51688e+01 9.22600e+03
6.51988e+01 9.66580e+03
6.52288e+01 8.38540e+03
6.52589e+01 9.90360e+03
6.52888e+01 1.03174e+04
6.53188e+01 1.11671e+04
6.53487e+01 9.38340e+03
6.53786e+01 9.62120e+03
6.54085e+01 8.55280e+03
6.54384e+01 9.57060e+03
6.54682e+01 9.49690e+03
6.54980e+01 1.02178e+04
6.55278e+01 8.76220e+03
6.55576e+01 7.89150e+03
6.55873e+01 9.22610e+03
6.56170e+01 9.63670e+03
6.56467e+01 9.50080e+03
6.56764e+01 9.59790e+03
6.57060e+01 9.10120e+03
6.57356e+01 9.41190e+03
6.57652e+01 8.84330e+03
6.57948e+01 9.06290e+03
6.58243e+01 9.79190e+03
6.58538e+01 1.05274e+04
6.58833e+01 9.03670e+03
6.59128e+01 9.29070e+03
6.59422e+01 8.49200e+03
6.59716e+01 8.67920e+03
6.60010e+01 9.59400e+03
6.60304e+01 9.03430e+03
6.60598e+01 9.46970e+03
6.60891e+01 9.18280e+03
6.61184e+01 8.08950e+03
6.61476e+01 6.72990e+03
6.61769e+01 6.31140e+03
6.62061e+01 5.38060e+03
6.62353e+01 5.29020e+03
6.62645e+01 4.16470e+03
6.62936e+01 2.97340e+03
6.63227e+01 2.11380e+03
6.63518e+01 1.83730e+03
