# La4Ni3O8 Ni L2 edge RIXS
# T = 80 K
# RIXS resolution ~ 0.4 eV
# Horizontal scattering geometry, theta = 15 degrees, 2theta = 95 degrees
# SEXTANTS beamline, SOLEIL synchrotron
# Energy loss 	 Intensity
-4.56186e+01 -3.28000e+02
-4.55390e+01 5.05900e+02
-4.54595e+01 6.08700e+02
-4.53800e+01 1.59300e+02
-4.53005e+01 6.07000e+02
-4.52211e+01 8.50000e+02
-4.51416e+01 1.56830e+03
-4.50622e+01 8.75500e+02
-4.49828e+01 1.80560e+03
-4.49035e+01 1.10490e+03
-4.48241e+01 2.07640e+03
-4.47448e+01 3.87800e+02
-4.46656e+01 1.49720e+03
-4.45863e+01 1.84440e+03
-4.45071e+01 2.33430e+03
-4.44278e+01 1.14120e+03
-4.43487e+01 2.60250e+03
-4.42695e+01 1.17440e+03
-4.41904e+01 1.82290e+03
-4.41112e+01 1.27720e+03
-4.40322e+01 1.84180e+03
-4.39531e+01 6.89900e+02
-4.38740e+01 1.38960e+03
-4.37950e+01 9.30900e+02
-4.37160e+01 1.60170e+03
-4.36371e+01 2.32140e+03
-4.35581e+01 2.08420e+03
-4.34792e+01 3.07000e+02
-4.34003e+01 4.88500e+02
-4.33215e+01 1.96110e+03
-4.32426e+01 2.13750e+03
-4.31638e+01 2.33670e+03
-4.30850e+01 2.26970e+03
-4.30062e+01 1.94180e+03
-4.29275e+01 1.18960e+03
-4.28488e+01 1.64110e+03
-4.27701e+01 5.66500e+02
-4.26914e+01 1.44230e+03
-4.26127e+01 1.49530e+03
-4.25341e+01 5.24300e+02
-4.24555e+01 9.81900e+02
-4.23769e+01 1.25490e+03
-4.22984e+01 8.89600e+02
-4.22199e+01 7.63300e+02
-4.21414e+01 1.55000e+03
-4.20629e+01 8.01700e+02
-4.19844e+01 1.16950e+03
-4.19060e+01 1.33230e+03
-4.18276e+01 2.53000e+02
-4.17492e+01 6.00300e+02
-4.16709e+01 1.74350e+03
-4.15926e+01 9.75600e+02
-4.15143e+01 2.07330e+03
-4.14360e+01 6.68800e+02
-4.13577e+01 -2.61500e+02
-4.12795e+01 1.34000e+02
-4.12013e+01 2.56100e+02
-4.11231e+01 4.97100e+02
-4.10449e+01 1.25620e+03
-4.09668e+01 1.13810e+03
-4.08887e+01 5.06700e+02
-4.08106e+01 1.14090e+03
-4.07326e+01 1.66650e+03
-4.06545e+01 1.57800e+03
-4.05765e+01 1.94280e+03
-4.04985e+01 4.76400e+02
-4.04206e+01 2.05640e+03
-4.03426e+01 8.06200e+02
-4.02647e+01 1.67230e+03
-4.01868e+01 9.14900e+02
-4.01090e+01 5.23500e+02
-4.00311e+01 1.33090e+03
-3.99533e+01 2.48550e+03
-3.98755e+01 1.02990e+03
-3.97978e+01 8.14300e+02
-3.97200e+01 1.57480e+03
-3.96423e+01 2.17650e+03
-3.95646e+01 2.13850e+03
-3.94870e+01 1.69480e+03
-3.94093e+01 8.19500e+02
-3.93317e+01 -2.52000e+01
-3.92541e+01 6.71100e+02
-3.91766e+01 8.65200e+02
-3.90990e+01 -1.73000e+02
-3.90215e+01 5.87800e+02
-3.89440e+01 2.48550e+03
-3.88665e+01 1.21720e+03
-3.87891e+01 1.07720e+03
-3.87117e+01 2.01860e+03
-3.86343e+01 1.20820e+03
-3.85569e+01 8.24300e+02
-3.84795e+01 3.27000e+02
-3.84022e+01 5.31100e+02
-3.83249e+01 8.62900e+02
-3.82477e+01 1.35770e+03
-3.81704e+01 7.98000e+01
-3.80932e+01 1.44360e+03
-3.80160e+01 5.82100e+02
-3.79388e+01 1.14920e+03
-3.78617e+01 5.98600e+02
-3.77845e+01 1.31740e+03
-3.77074e+01 1.73970e+03
-3.76304e+01 2.37020e+03
-3.75533e+01 1.57550e+03
-3.74763e+01 1.49770e+03
-3.73993e+01 7.89500e+02
-3.73223e+01 2.27500e+03
-3.72453e+01 1.38590e+03
-3.71684e+01 2.30780e+03
-3.70915e+01 1.10600e+03
-3.70146e+01 1.59310e+03
-3.69378e+01 2.50570e+03
-3.68609e+01 6.02400e+02
-3.67841e+01 1.81260e+03
-3.67073e+01 2.02730e+03
-3.66306e+01 1.15540e+03
-3.65539e+01 1.60780e+03
-3.64771e+01 1.35320e+03
-3.64005e+01 1.67630e+03
-3.63238e+01 1.61930e+03
-3.62472e+01 1.54020e+03
-3.61706e+01 2.10890e+03
-3.60940e+01 2.01300e+03
-3.60174e+01 1.98780e+03
-3.59409e+01 1.62260e+03
-3.58644e+01 1.19650e+03
-3.57879e+01 1.18560e+03
-3.57114e+01 4.86100e+02
-3.56350e+01 4.45200e+02
-3.55586e+01 1.57340e+03
-3.54822e+01 1.77060e+03
-3.54058e+01 1.17280e+03
-3.53295e+01 8.54600e+02
-3.52531e+01 5.76800e+02
-3.51769e+01 1.78570e+03
-3.51006e+01 1.75980e+03
-3.50243e+01 1.28050e+03
-3.49481e+01 1.03040e+03
-3.48719e+01 9.61600e+02
-3.47958e+01 2.30020e+03
-3.47196e+01 1.39190e+03
-3.46435e+01 5.17200e+02
-3.45674e+01 1.21630e+03
-3.44913e+01 9.49000e+01
-3.44153e+01 1.30160e+03
-3.43393e+01 1.06840e+03
-3.42633e+01 2.03790e+03
-3.41873e+01 -2.30600e+02
-3.41114e+01 5.98500e+02
-3.40354e+01 4.05700e+02
-3.39595e+01 9.02000e+02
-3.38837e+01 1.27140e+03
-3.38078e+01 1.02530e+03
-3.37320e+01 1.72680e+03
-3.36562e+01 1.09120e+03
-3.35804e+01 9.93200e+02
-3.35047e+01 1.86000e+02
-3.34289e+01 1.32260e+03
-3.33532e+01 2.43680e+03
-3.32775e+01 1.39700e+03
-3.32019e+01 1.73250e+03
-3.31263e+01 8.29500e+02
-3.30507e+01 2.40390e+03
-3.29751e+01 1.56870e+03
-3.28995e+01 2.09680e+03
-3.28240e+01 1.19640e+03
-3.27485e+01 1.73890e+03
-3.26730e+01 1.39740e+03
-3.25975e+01 2.11590e+03
-3.25221e+01 1.12110e+03
-3.24467e+01 2.10750e+03
-3.23713e+01 2.41890e+03
-3.22960e+01 1.76560e+03
-3.22206e+01 1.34150e+03
-3.21453e+01 1.61230e+03
-3.20700e+01 1.06450e+03
-3.19948e+01 1.29850e+03
-3.19195e+01 1.67060e+03
-3.18443e+01 2.22060e+03
-3.17691e+01 1.39970e+03
-3.16940e+01 8.68300e+02
-3.16188e+01 8.37500e+02
-3.15437e+01 2.51210e+03
-3.14686e+01 1.62690e+03
-3.13936e+01 2.00170e+03
-3.13185e+01 1.26520e+03
-3.12435e+01 1.73460e+03
-3.11685e+01 1.95860e+03
-3.10936e+01 1.73310e+03
-3.10186e+01 1.63670e+03
-3.09437e+01 2.13030e+03
-3.08688e+01 9.49000e+01
-3.07939e+01 1.86460e+03
-3.07191e+01 1.44070e+03
-3.06443e+01 2.24590e+03
-3.05695e+01 9.65100e+02
-3.04947e+01 4.12400e+02
-3.04200e+01 1.44960e+03
-3.03452e+01 2.45170e+03
-3.02705e+01 2.04470e+03
-3.01959e+01 8.74400e+02
-3.01212e+01 8.53600e+02
-3.00466e+01 9.88800e+02
-2.99720e+01 7.67000e+02
-2.98974e+01 1.62860e+03
-2.98229e+01 1.46620e+03
-2.97484e+01 3.03200e+02
-2.96739e+01 2.38960e+03
-2.95994e+01 2.00580e+03
-2.95249e+01 1.45700e+03
-2.94505e+01 8.00600e+02
-2.93761e+01 3.19500e+02
-2.93017e+01 2.05900e+03
-2.92274e+01 1.94960e+03
-2.91531e+01 2.14330e+03
-2.90787e+01 7.36900e+02
-2.90045e+01 1.91320e+03
-2.89302e+01 1.40750e+03
-2.88560e+01 1.20460e+03
-2.87818e+01 5.01000e+02
-2.87076e+01 1.08370e+03
-2.86334e+01 1.56200e+03
-2.85593e+01 9.29600e+02
-2.84852e+01 1.02130e+03
-2.84111e+01 1.01040e+03
-2.83371e+01 1.35330e+03
-2.82630e+01 1.92590e+03
-2.81890e+01 7.13600e+02
-2.81150e+01 1.42090e+03
-2.80411e+01 1.00630e+03
-2.79671e+01 4.11300e+02
-2.78932e+01 1.21460e+03
-2.78193e+01 9.10600e+02
-2.77455e+01 1.51060e+03
-2.76716e+01 1.15710e+03
-2.75978e+01 8.03600e+02
-2.75240e+01 1.19850e+03
-2.74503e+01 2.25500e+03
-2.73765e+01 1.32410e+03
-2.73028e+01 2.40500e+03
-2.72291e+01 1.38950e+03
-2.71555e+01 2.18270e+03
-2.70818e+01 9.09500e+02
-2.70082e+01 1.93770e+03
-2.69346e+01 3.32600e+02
-2.68610e+01 2.52620e+03
-2.67875e+01 1.34160e+03
-2.67140e+01 7.80300e+02
-2.66405e+01 2.02510e+03
-2.65670e+01 1.26180e+03
-2.64936e+01 1.09780e+03
-2.64202e+01 8.02800e+02
-2.63468e+01 2.13470e+03
-2.62734e+01 1.90630e+03
-2.62000e+01 1.12000e+03
-2.61267e+01 1.17070e+03
-2.60534e+01 7.55800e+02
-2.59802e+01 1.17460e+03
-2.59069e+01 4.55100e+02
-2.58337e+01 6.98500e+02
-2.57605e+01 4.78600e+02
-2.56873e+01 2.13420e+03
-2.56142e+01 1.82970e+03
-2.55410e+01 1.50320e+03
-2.54679e+01 1.27450e+03
-2.53949e+01 8.00300e+02
-2.53218e+01 1.53710e+03
-2.52488e+01 1.99270e+03
-2.51758e+01 1.61560e+03
-2.51028e+01 2.14420e+03
-2.50298e+01 1.58890e+03
-2.49569e+01 6.19100e+02
-2.48840e+01 1.09870e+03
-2.48111e+01 8.67900e+02
-2.47383e+01 1.13300e+03
-2.46654e+01 1.69670e+03
-2.45926e+01 4.01300e+02
-2.45199e+01 3.37500e+02
-2.44471e+01 1.03270e+03
-2.43744e+01 1.73040e+03
-2.43017e+01 1.47080e+03
-2.42290e+01 1.33840e+03
-2.41563e+01 1.91420e+03
-2.40837e+01 1.33480e+03
-2.40111e+01 1.73230e+03
-2.39385e+01 1.68070e+03
-2.38659e+01 1.21700e+03
-2.37934e+01 1.23600e+03
-2.37209e+01 1.20310e+03
-2.36484e+01 1.06110e+03
-2.35759e+01 1.01070e+03
-2.35035e+01 -1.98700e+02
-2.34311e+01 1.65070e+03
-2.33587e+01 7.45000e+02
-2.32863e+01 3.84000e+01
-2.32140e+01 3.31400e+02
-2.31417e+01 1.09750e+03
-2.30694e+01 1.56040e+03
-2.29971e+01 1.67590e+03
-2.29249e+01 1.27790e+03
-2.28526e+01 1.77860e+03
-2.27804e+01 7.86800e+02
-2.27083e+01 1.72840e+03
-2.26361e+01 5.32100e+02
-2.25640e+01 1.63960e+03
-2.24919e+01 7.36000e+02
-2.24198e+01 1.34770e+03
-2.23478e+01 8.02600e+02
-2.22758e+01 1.58020e+03
-2.22038e+01 5.76200e+02
-2.21318e+01 2.76400e+02
-2.20599e+01 3.59000e+01
-2.19879e+01 1.50280e+03
-2.19160e+01 6.35500e+02
-2.18442e+01 4.25800e+02
-2.17723e+01 8.95500e+02
-2.17005e+01 1.33070e+03
-2.16287e+01 1.41130e+03
-2.15569e+01 1.05100e+03
-2.14852e+01 8.06500e+02
-2.14134e+01 5.14300e+02
-2.13417e+01 1.11000e+03
-2.12701e+01 1.09600e+03
-2.11984e+01 7.07000e+02
-2.11268e+01 1.61680e+03
-2.10552e+01 -8.81500e+02
-2.09836e+01 5.17100e+02
-2.09120e+01 -1.04470e+03
-2.08405e+01 1.01640e+03
-2.07690e+01 1.26960e+03
-2.06975e+01 5.63800e+02
-2.06261e+01 -3.57400e+02
-2.05546e+01 1.24980e+03
-2.04832e+01 9.29100e+02
-2.04118e+01 1.11130e+03
-2.03405e+01 5.75200e+02
-2.02691e+01 1.59310e+03
-2.01978e+01 1.27140e+03
-2.01266e+01 7.02500e+02
-2.00553e+01 8.91900e+02
-1.99841e+01 2.03200e+03
-1.99128e+01 1.53680e+03
-1.98417e+01 1.15150e+03
-1.97705e+01 5.47700e+02
-1.96994e+01 1.04500e+03
-1.96282e+01 1.40430e+03
-1.95572e+01 1.11070e+03
-1.94861e+01 7.97800e+02
-1.94151e+01 1.30400e+02
-1.93440e+01 3.79200e+02
-1.92730e+01 1.21240e+03
-1.92021e+01 9.74800e+02
-1.91311e+01 5.14000e+01
-1.90602e+01 1.41220e+03
-1.89893e+01 1.08130e+03
-1.89185e+01 1.22000e+02
-1.88476e+01 5.90900e+02
-1.87768e+01 1.00380e+03
-1.87060e+01 2.18700e+02
-1.86352e+01 -1.98900e+02
-1.85645e+01 1.16110e+03
-1.84938e+01 3.22300e+02
-1.84231e+01 9.60200e+02
-1.83524e+01 4.06200e+02
-1.82818e+01 7.84700e+02
-1.82111e+01 3.13700e+02
-1.81405e+01 4.52600e+02
-1.80700e+01 9.97300e+02
-1.79994e+01 4.27200e+02
-1.79289e+01 8.85100e+02
-1.78584e+01 6.99500e+02
-1.77879e+01 1.48560e+03
-1.77175e+01 2.17500e+02
-1.76470e+01 6.17600e+02
-1.75766e+01 -8.70000e+02
-1.75063e+01 -1.00650e+03
-1.74359e+01 9.13000e+02
-1.73656e+01 1.24540e+03
-1.72953e+01 9.00200e+02
-1.72250e+01 7.30300e+02
-1.71547e+01 5.24500e+02
-1.70845e+01 5.79700e+02
-1.70143e+01 1.79730e+03
-1.69441e+01 3.57600e+02
-1.68740e+01 7.03100e+02
-1.68038e+01 3.20000e+02
-1.67337e+01 5.56300e+02
-1.66636e+01 -6.78000e+01
-1.65936e+01 1.74970e+03
-1.65236e+01 1.16490e+03
-1.64535e+01 1.43770e+03
-1.63836e+01 9.87900e+02
-1.63136e+01 1.94050e+03
-1.62437e+01 1.93700e+03
-1.61738e+01 1.45500e+02
-1.61039e+01 7.40600e+02
-1.60340e+01 1.07200e+03
-1.59642e+01 1.39810e+03
-1.58944e+01 -1.46800e+02
-1.58246e+01 2.15210e+03
-1.57548e+01 7.36700e+02
-1.56851e+01 2.70800e+02
-1.56154e+01 1.77620e+03
-1.55457e+01 6.98400e+02
-1.54760e+01 8.66300e+02
-1.54064e+01 1.18490e+03
-1.53367e+01 1.61340e+03
-1.52672e+01 3.35900e+02
-1.51976e+01 9.45900e+02
-1.51280e+01 1.08100e+02
-1.50585e+01 1.84890e+03
-1.49890e+01 6.20900e+02
-1.49196e+01 1.13130e+03
-1.48501e+01 7.65400e+02
-1.47807e+01 2.13900e+02
-1.47113e+01 4.91100e+02
-1.46419e+01 1.87600e+03
-1.45726e+01 7.62600e+02
-1.45033e+01 7.87300e+02
-1.44340e+01 2.09700e+02
-1.43647e+01 2.30120e+03
-1.42954e+01 1.15580e+03
-1.42262e+01 2.18740e+03
-1.41570e+01 1.59380e+03
-1.40878e+01 1.87770e+03
-1.40187e+01 1.04860e+03
-1.39496e+01 8.84200e+02
-1.38805e+01 1.58690e+03
-1.38114e+01 1.58680e+03
-1.37423e+01 1.68030e+03
-1.36733e+01 1.32410e+03
-1.36043e+01 8.81400e+02
-1.35353e+01 4.76000e+02
-1.34664e+01 8.06100e+02
-1.33975e+01 1.96590e+03
-1.33285e+01 1.41490e+03
-1.32597e+01 1.51030e+03
-1.31908e+01 1.58180e+03
-1.31220e+01 1.30170e+03
-1.30532e+01 3.73400e+02
-1.29844e+01 9.21100e+02
-1.29156e+01 8.75400e+02
-1.28469e+01 5.98100e+02
-1.27782e+01 1.07700e+03
-1.27095e+01 2.02500e+03
-1.26409e+01 1.49200e+02
-1.25722e+01 1.55340e+03
-1.25036e+01 7.28100e+02
-1.24350e+01 8.69900e+02
-1.23665e+01 8.20700e+02
-1.22979e+01 2.24650e+03
-1.22294e+01 6.12800e+02
-1.21609e+01 1.75370e+03
-1.20925e+01 9.81300e+02
-1.20240e+01 2.63710e+03
-1.19556e+01 7.47300e+02
-1.18872e+01 4.65900e+02
-1.18189e+01 9.23900e+02
-1.17505e+01 1.81160e+03
-1.16822e+01 7.54400e+02
-1.16139e+01 2.54850e+03
-1.15456e+01 1.26310e+03
-1.14774e+01 1.40010e+03
-1.14092e+01 4.20400e+02
-1.13410e+01 2.14730e+03
-1.12728e+01 1.52240e+03
-1.12047e+01 1.98770e+03
-1.11366e+01 8.86000e+02
-1.10685e+01 2.25210e+03
-1.10004e+01 1.78200e+03
-1.09323e+01 3.59230e+03
-1.08643e+01 3.03170e+03
-1.07963e+01 2.39440e+03
-1.07284e+01 2.07650e+03
-1.06604e+01 1.77890e+03
-1.05925e+01 1.22410e+03
-1.05246e+01 1.97840e+03
-1.04567e+01 2.71010e+03
-1.03889e+01 2.00180e+03
-1.03210e+01 1.24040e+03
-1.02532e+01 1.44100e+03
-1.01855e+01 2.66060e+03
-1.01177e+01 3.20570e+03
-1.00500e+01 1.75380e+03
-9.98229e+00 2.28790e+03
-9.91461e+00 2.67610e+03
-9.84696e+00 1.79340e+03
-9.77933e+00 2.50410e+03
-9.71173e+00 1.35800e+03
-9.64415e+00 2.07100e+03
-9.57659e+00 2.35060e+03
-9.50906e+00 1.70750e+03
-9.44156e+00 1.49600e+03
-9.37407e+00 1.82570e+03
-9.30662e+00 2.95140e+03
-9.23919e+00 3.53840e+03
-9.17178e+00 1.26760e+03
-9.10440e+00 9.89500e+02
-9.03704e+00 1.20560e+03
-8.96970e+00 2.04460e+03
-8.90239e+00 2.13100e+03
-8.83511e+00 1.64070e+03
-8.76785e+00 5.37900e+02
-8.70061e+00 2.10760e+03
-8.63340e+00 2.32860e+03
-8.56621e+00 2.43400e+03
-8.49905e+00 1.49860e+03
-8.43192e+00 1.71770e+03
-8.36480e+00 1.95790e+03
-8.29771e+00 2.32650e+03
-8.23065e+00 1.43480e+03
-8.16361e+00 2.17250e+03
-8.09660e+00 2.33770e+03
-8.02961e+00 1.89250e+03
-7.96264e+00 1.38650e+03
-7.89570e+00 4.26500e+02
-7.82878e+00 1.39240e+03
-7.76189e+00 6.10500e+02
-7.69502e+00 1.04180e+03
-7.62818e+00 1.09440e+03
-7.56136e+00 9.37300e+02
-7.49457e+00 9.09600e+02
-7.42780e+00 -2.66300e+02
-7.36105e+00 1.70880e+03
-7.29433e+00 1.70500e+03
-7.22764e+00 1.50950e+03
-7.16096e+00 8.86400e+02
-7.09432e+00 1.49070e+03
-7.02770e+00 1.51320e+03
-6.96110e+00 2.18220e+03
-6.89452e+00 2.19350e+03
-6.82798e+00 1.45670e+03
-6.76145e+00 1.87710e+03
-6.69495e+00 2.05480e+03
-6.62848e+00 2.35830e+03
-6.56203e+00 1.38430e+03
-6.49560e+00 1.68010e+03
-6.42920e+00 2.87470e+03
-6.36282e+00 1.66960e+03
-6.29647e+00 1.87360e+03
-6.23014e+00 1.90040e+03
-6.16384e+00 3.31250e+03
-6.09756e+00 2.89780e+03
-6.03131e+00 1.35880e+03
-5.96508e+00 1.98220e+03
-5.89887e+00 1.89090e+03
-5.83269e+00 -3.38500e+02
-5.76654e+00 2.12600e+03
-5.70040e+00 2.34990e+03
-5.63430e+00 2.11120e+03
-5.56822e+00 1.86990e+03
-5.50216e+00 2.17860e+03
-5.43612e+00 1.98330e+03
-5.37012e+00 1.64940e+03
-5.30413e+00 4.47500e+02
-5.23817e+00 1.95480e+03
-5.17224e+00 3.79780e+03
-5.10633e+00 2.19810e+03
-5.04044e+00 2.57350e+03
-4.97458e+00 1.28830e+03
-4.90874e+00 2.84420e+03
-4.84293e+00 2.50020e+03
-4.77714e+00 2.46310e+03
-4.71138e+00 1.81570e+03
-4.64564e+00 3.48670e+03
-4.57993e+00 1.54490e+03
-4.51424e+00 1.57080e+03
-4.44857e+00 9.82100e+02
-4.38293e+00 2.26860e+03
-4.31732e+00 2.47250e+03
-4.25172e+00 1.59100e+03
-4.18616e+00 9.83700e+02
-4.12061e+00 2.46810e+03
-4.05510e+00 2.12000e+03
-3.98960e+00 2.11920e+03
-3.92414e+00 1.63210e+03
-3.85869e+00 1.78780e+03
-3.79327e+00 9.83200e+02
-3.72788e+00 1.40700e+03
-3.66250e+00 8.32800e+02
-3.59716e+00 6.89500e+02
-3.53184e+00 8.36300e+02
-3.46654e+00 1.66980e+03
-3.40127e+00 1.42070e+03
-3.33602e+00 2.32810e+03
-3.27080e+00 1.18900e+03
-3.20560e+00 9.62900e+02
-3.14042e+00 2.29240e+03
-3.07527e+00 2.11570e+03
-3.01015e+00 -2.60900e+02
-2.94505e+00 1.43480e+03
-2.87997e+00 1.08450e+03
-2.81492e+00 2.23750e+03
-2.74989e+00 7.75700e+02
-2.68489e+00 3.22360e+03
-2.61991e+00 1.54580e+03
-2.55496e+00 1.51610e+03
-2.49003e+00 1.46090e+03
-2.42513e+00 1.72690e+03
-2.36025e+00 9.39400e+02
-2.29539e+00 1.82610e+03
-2.23056e+00 2.38830e+03
-2.16575e+00 2.23760e+03
-2.10097e+00 1.02150e+03
-2.03622e+00 1.94780e+03
-1.97148e+00 1.60580e+03
-1.90678e+00 2.41470e+03
-1.84209e+00 2.02160e+03
-1.77743e+00 1.75560e+03
-1.71280e+00 1.03760e+03
-1.64819e+00 1.15070e+03
-1.58360e+00 1.55850e+03
-1.51904e+00 2.27940e+03
-1.45451e+00 3.28110e+03
-1.39000e+00 2.37100e+03
-1.32551e+00 2.33310e+03
-1.26105e+00 3.07270e+03
-1.19661e+00 2.23750e+03
-1.13219e+00 2.47780e+03
-1.06780e+00 2.29500e+03
-1.00344e+00 2.22250e+03
-9.39101e-01 1.32360e+03
-8.74786e-01 3.08940e+03
-8.10495e-01 3.34550e+03
-7.46229e-01 5.11100e+03
-6.81987e-01 4.08810e+03
-6.17770e-01 3.24260e+03
-5.53577e-01 4.72040e+03
-4.89409e-01 7.32660e+03
-4.25266e-01 9.63530e+03
-3.61147e-01 9.90630e+03
-2.97052e-01 1.45647e+04
-2.32983e-01 2.69661e+04
-1.68937e-01 4.02722e+04
-1.04916e-01 5.84392e+04
-4.09200e-02 7.55731e+04
2.30520e-02 8.09665e+04
8.69990e-02 6.70337e+04
1.50922e-01 4.39425e+04
2.14820e-01 2.89053e+04
2.78693e-01 1.88073e+04
3.42542e-01 1.49987e+04
4.06367e-01 1.25894e+04
4.70167e-01 1.40905e+04
5.33942e-01 1.83702e+04
5.97693e-01 2.21420e+04
6.61419e-01 2.97554e+04
7.25121e-01 3.33746e+04
7.88798e-01 3.50201e+04
8.52451e-01 3.70328e+04
9.16079e-01 4.53635e+04
9.79683e-01 5.07180e+04
1.04326e+00 4.99815e+04
1.10682e+00 4.91979e+04
1.17035e+00 4.62560e+04
1.23385e+00 4.62603e+04
1.29733e+00 4.43886e+04
1.36079e+00 4.65698e+04
1.42422e+00 4.68339e+04
1.48763e+00 4.89456e+04
1.55101e+00 4.87049e+04
1.61437e+00 5.31223e+04
1.67770e+00 6.10887e+04
1.74101e+00 6.33937e+04
1.80430e+00 6.26471e+04
1.86756e+00 5.98218e+04
1.93079e+00 5.91652e+04
1.99400e+00 6.02557e+04
2.05719e+00 6.11391e+04
2.12035e+00 5.69888e+04
2.18349e+00 5.43134e+04
2.24660e+00 5.47024e+04
2.30969e+00 5.35245e+04
2.37275e+00 5.17342e+04
2.43579e+00 5.02681e+04
2.49881e+00 4.89257e+04
2.56180e+00 4.90905e+04
2.62476e+00 5.36445e+04
2.68770e+00 5.58005e+04
2.75062e+00 5.52087e+04
2.81351e+00 5.70443e+04
2.87638e+00 5.76283e+04
2.93922e+00 5.72449e+04
3.00204e+00 5.79545e+04
3.06483e+00 6.06482e+04
3.12760e+00 6.47920e+04
3.19035e+00 5.82673e+04
3.25307e+00 6.12004e+04
3.31576e+00 6.35114e+04
3.37844e+00 6.12742e+04
3.44108e+00 6.46380e+04
3.50370e+00 6.91320e+04
3.56630e+00 7.52412e+04
3.62887e+00 7.77268e+04
3.69142e+00 8.47669e+04
3.75395e+00 8.25094e+04
3.81644e+00 8.71656e+04
3.87892e+00 9.63419e+04
3.94137e+00 9.46315e+04
4.00380e+00 9.53667e+04
4.06620e+00 9.58798e+04
4.12857e+00 1.01483e+05
4.19093e+00 1.03071e+05
4.25325e+00 1.07747e+05
4.31556e+00 1.08375e+05
4.37783e+00 1.09019e+05
4.44009e+00 1.12079e+05
4.50232e+00 1.11307e+05
4.56452e+00 1.05352e+05
4.62670e+00 1.07884e+05
4.68886e+00 1.05458e+05
4.75099e+00 9.71412e+04
4.81310e+00 9.78617e+04
4.87518e+00 9.36210e+04
4.93724e+00 9.08582e+04
4.99927e+00 8.84645e+04
5.06128e+00 8.56455e+04
5.12326e+00 8.26695e+04
5.18522e+00 8.55150e+04
5.24716e+00 8.36559e+04
5.30907e+00 8.10895e+04
5.37095e+00 7.79420e+04
5.43281e+00 7.71556e+04
5.49465e+00 7.48295e+04
5.55646e+00 6.75729e+04
5.61825e+00 6.89814e+04
5.68001e+00 6.64455e+04
5.74175e+00 6.54809e+04
5.80346e+00 6.45093e+04
5.86515e+00 6.12800e+04
5.92682e+00 5.64992e+04
5.98846e+00 5.49648e+04
6.05007e+00 5.13987e+04
6.11167e+00 5.10485e+04
6.17323e+00 5.15556e+04
6.23477e+00 5.25915e+04
6.29629e+00 4.92299e+04
6.35778e+00 4.70474e+04
6.41925e+00 4.76673e+04
6.48070e+00 4.89503e+04
6.54212e+00 4.23124e+04
6.60351e+00 3.94970e+04
6.66488e+00 3.89416e+04
6.72623e+00 3.64555e+04
6.78755e+00 3.69963e+04
6.84885e+00 3.57324e+04
6.91012e+00 3.67446e+04
6.97137e+00 3.48224e+04
7.03259e+00 3.21555e+04
7.09379e+00 3.32126e+04
7.15496e+00 3.08899e+04
7.21611e+00 3.14244e+04
7.27724e+00 2.97408e+04
7.33834e+00 3.10379e+04
7.39941e+00 3.07278e+04
7.46046e+00 2.90438e+04
7.52149e+00 3.05750e+04
7.58249e+00 3.14348e+04
7.64347e+00 2.94358e+04
7.70442e+00 2.65267e+04
7.76535e+00 2.91457e+04
7.82626e+00 2.90975e+04
7.88714e+00 2.58517e+04
7.94799e+00 2.60498e+04
8.00882e+00 2.69538e+04
8.06963e+00 2.48151e+04
8.13041e+00 2.44644e+04
8.19116e+00 2.41197e+04
8.25190e+00 2.50346e+04
8.31260e+00 2.57868e+04
8.37329e+00 2.47057e+04
8.43395e+00 2.39693e+04
8.49458e+00 2.36980e+04
8.55519e+00 2.26032e+04
8.61578e+00 2.33719e+04
8.67634e+00 2.11519e+04
8.73687e+00 2.12940e+04
8.79738e+00 2.04094e+04
8.85787e+00 2.07097e+04
8.91833e+00 2.02728e+04
8.97877e+00 1.95255e+04
9.03918e+00 1.85871e+04
9.09957e+00 1.91406e+04
9.15994e+00 1.79575e+04
9.22028e+00 1.81085e+04
9.28059e+00 1.73924e+04
9.34088e+00 1.83023e+04
9.40115e+00 1.54132e+04
9.46139e+00 1.61840e+04
9.52161e+00 1.56222e+04
9.58180e+00 1.57764e+04
9.64197e+00 1.73177e+04
9.70211e+00 1.58367e+04
9.76223e+00 1.48741e+04
9.82232e+00 1.69718e+04
9.88239e+00 1.59550e+04
9.94244e+00 1.52408e+04
1.00025e+01 1.41727e+04
1.00625e+01 1.59695e+04
1.01224e+01 1.52504e+04
1.01824e+01 1.22246e+04
1.02423e+01 1.17815e+04
1.03022e+01 1.25236e+04
1.03621e+01 1.20214e+04
1.04219e+01 1.32672e+04
1.04817e+01 1.30438e+04
1.05415e+01 1.43112e+04
1.06013e+01 1.46649e+04
1.06611e+01 1.43456e+04
1.07208e+01 1.36924e+04
1.07805e+01 1.32820e+04
1.08402e+01 1.15331e+04
1.08998e+01 1.12020e+04
1.09595e+01 1.07853e+04
1.10191e+01 1.05962e+04
1.10786e+01 1.22752e+04
1.11382e+01 1.01951e+04
1.11977e+01 1.03692e+04
1.12572e+01 1.00848e+04
1.13167e+01 8.69570e+03
1.13762e+01 9.60980e+03
1.14356e+01 1.03779e+04
1.14950e+01 1.01705e+04
1.15544e+01 1.07448e+04
1.16137e+01 1.00545e+04
1.16731e+01 1.00223e+04
1.17324e+01 9.28690e+03
1.17917e+01 8.33840e+03
1.18509e+01 1.00322e+04
1.19102e+01 9.97080e+03
1.19694e+01 1.06986e+04
1.20286e+01 1.10977e+04
1.20877e+01 1.02921e+04
1.21469e+01 9.47820e+03
1.22060e+01 8.19350e+03
1.22651e+01 8.63410e+03
1.23241e+01 9.11590e+03
1.23832e+01 7.39510e+03
1.24422e+01 8.31850e+03
1.25012e+01 8.23670e+03
1.25601e+01 8.15160e+03
1.26191e+01 9.49020e+03
1.26780e+01 9.60870e+03
1.27369e+01 9.56790e+03
1.27957e+01 1.11466e+04
1.28546e+01 1.01862e+04
1.29134e+01 9.69170e+03
1.29722e+01 9.41420e+03
1.30310e+01 9.03440e+03
1.30897e+01 9.60310e+03
1.31484e+01 1.12988e+04
1.32071e+01 1.10312e+04
1.32658e+01 1.18699e+04
1.33244e+01 1.09555e+04
1.33831e+01 1.17271e+04
1.34417e+01 1.17640e+04
1.35002e+01 1.15685e+04
1.35588e+01 1.16368e+04
1.36173e+01 1.27317e+04
1.36758e+01 1.01163e+04
1.37343e+01 9.85330e+03
1.37927e+01 1.40718e+04
1.38512e+01 1.33073e+04
1.39096e+01 1.26519e+04
1.39679e+01 1.30902e+04
1.40263e+01 1.17893e+04
1.40846e+01 1.15407e+04
1.41429e+01 1.20380e+04
1.42012e+01 1.08207e+04
1.42594e+01 1.30600e+04
1.43177e+01 1.25939e+04
1.43759e+01 1.30866e+04
1.44341e+01 1.32628e+04
1.44922e+01 1.41413e+04
1.45503e+01 1.39450e+04
1.46085e+01 1.35868e+04
1.46665e+01 1.25951e+04
1.47246e+01 1.39649e+04
1.47826e+01 1.39450e+04
1.48406e+01 1.43332e+04
1.48986e+01 1.55234e+04
1.49566e+01 1.43496e+04
1.50145e+01 1.62958e+04
1.50724e+01 1.45023e+04
1.51303e+01 1.36111e+04
1.51882e+01 1.73872e+04
1.52460e+01 1.96337e+04
1.53038e+01 1.74569e+04
1.53616e+01 1.61574e+04
1.54194e+01 1.70234e+04
1.54771e+01 1.63043e+04
1.55348e+01 1.59385e+04
1.55925e+01 1.51352e+04
1.56502e+01 1.61016e+04
1.57078e+01 1.68408e+04
1.57654e+01 1.94260e+04
1.58230e+01 1.90559e+04
1.58806e+01 1.69557e+04
1.59381e+01 1.84901e+04
1.59956e+01 2.00024e+04
1.60531e+01 2.00735e+04
1.61106e+01 2.29344e+04
1.61680e+01 2.01661e+04
1.62255e+01 2.18998e+04
1.62829e+01 2.15594e+04
1.63402e+01 2.07216e+04
1.63976e+01 2.16192e+04
1.64549e+01 2.29712e+04
1.65122e+01 2.28782e+04
1.65695e+01 2.34854e+04
1.66267e+01 2.42295e+04
1.66839e+01 2.44669e+04
1.67411e+01 2.61340e+04
1.67983e+01 2.55253e+04
1.68555e+01 2.54884e+04
1.69126e+01 2.73131e+04
1.69697e+01 2.76876e+04
1.70268e+01 3.09032e+04
1.70838e+01 3.09347e+04
1.71408e+01 3.35668e+04
1.71978e+01 3.18284e+04
1.72548e+01 2.99683e+04
1.73118e+01 3.39872e+04
1.73687e+01 3.55324e+04
1.74256e+01 3.49948e+04
1.74825e+01 3.48295e+04
1.75393e+01 3.68434e+04
1.75962e+01 4.16945e+04
1.76530e+01 4.03607e+04
1.77098e+01 4.20517e+04
1.77665e+01 4.31993e+04
1.78232e+01 4.15519e+04
1.78799e+01 4.57463e+04
1.79366e+01 4.40272e+04
1.79933e+01 4.01960e+04
1.80499e+01 4.53018e+04
1.81065e+01 4.83098e+04
1.81631e+01 5.22118e+04
1.82197e+01 4.98137e+04
1.82762e+01 4.90653e+04
1.83327e+01 5.37171e+04
1.83892e+01 5.55854e+04
1.84457e+01 5.78109e+04
1.85021e+01 5.96602e+04
1.85585e+01 6.06845e+04
1.86149e+01 6.38985e+04
1.86713e+01 6.55618e+04
1.87276e+01 6.97383e+04
1.87839e+01 7.22619e+04
1.88402e+01 6.86164e+04
1.88965e+01 6.87452e+04
1.89527e+01 7.16263e+04
1.90089e+01 7.31628e+04
1.90651e+01 7.51795e+04
1.91213e+01 7.63953e+04
1.91774e+01 7.67696e+04
1.92336e+01 7.36406e+04
1.92897e+01 7.82490e+04
1.93457e+01 8.24127e+04
1.94018e+01 8.38614e+04
1.94578e+01 8.89241e+04
1.95138e+01 9.07621e+04
1.95698e+01 9.86768e+04
1.96257e+01 1.03558e+05
1.96816e+01 1.03980e+05
1.97375e+01 1.02519e+05
1.97934e+01 1.13590e+05
1.98493e+01 1.20314e+05
1.99051e+01 1.25580e+05
1.99609e+01 1.25777e+05
2.00166e+01 1.29399e+05
2.00724e+01 1.34871e+05
2.01281e+01 1.43922e+05
2.01838e+01 1.53069e+05
2.02395e+01 1.59249e+05
2.02952e+01 1.69038e+05
2.03508e+01 1.74575e+05
2.04064e+01 1.76807e+05
2.04620e+01 1.87883e+05
2.05175e+01 1.99229e+05
2.05730e+01 2.14416e+05
2.06286e+01 2.21744e+05
2.06840e+01 2.30470e+05
2.07395e+01 2.32654e+05
2.07949e+01 2.49435e+05
2.08503e+01 2.69901e+05
2.09057e+01 2.76189e+05
2.09611e+01 2.78921e+05
2.10164e+01 2.79903e+05
2.10717e+01 2.83144e+05
2.11270e+01 2.77853e+05
2.11823e+01 2.78532e+05
2.12375e+01 2.74112e+05
2.12927e+01 2.66455e+05
2.13479e+01 2.49730e+05
2.14030e+01 2.29748e+05
2.14582e+01 2.25834e+05
2.15133e+01 2.21198e+05
2.15684e+01 2.01578e+05
2.16234e+01 1.84725e+05
2.16785e+01 1.67563e+05
2.17335e+01 1.54870e+05
2.17885e+01 1.46265e+05
2.18435e+01 1.28749e+05
2.18984e+01 1.18003e+05
2.19533e+01 1.04309e+05
2.20082e+01 9.83436e+04
2.20631e+01 9.08789e+04
2.21179e+01 8.40132e+04
2.21727e+01 7.87371e+04
2.22275e+01 7.62132e+04
2.22823e+01 7.91018e+04
2.23370e+01 7.17372e+04
2.23918e+01 6.87366e+04
2.24464e+01 6.53091e+04
2.25011e+01 6.79778e+04
2.25558e+01 6.28674e+04
2.26104e+01 6.48157e+04
2.26650e+01 6.69853e+04
2.27196e+01 6.68609e+04
2.27741e+01 6.99768e+04
2.28286e+01 7.03933e+04
2.28831e+01 6.99982e+04
2.29376e+01 7.14661e+04
2.29921e+01 7.09412e+04
2.30465e+01 7.59741e+04
2.31009e+01 7.38811e+04
2.31553e+01 7.32704e+04
2.32096e+01 7.61836e+04
2.32639e+01 7.89131e+04
2.33182e+01 7.91077e+04
2.33725e+01 7.72201e+04
2.34268e+01 7.70761e+04
2.34810e+01 8.23006e+04
2.35352e+01 8.26892e+04
2.35894e+01 8.54083e+04
2.36435e+01 8.79015e+04
2.36977e+01 8.69758e+04
2.37518e+01 8.44699e+04
2.38059e+01 8.37560e+04
2.38599e+01 8.55750e+04
2.39139e+01 8.82538e+04
2.39679e+01 9.01501e+04
2.40219e+01 8.69267e+04
2.40759e+01 8.70799e+04
2.41298e+01 9.12960e+04
2.41837e+01 8.49759e+04
2.42376e+01 8.68858e+04
2.42915e+01 8.99760e+04
2.43453e+01 8.60425e+04
2.43991e+01 8.64619e+04
2.44529e+01 8.58224e+04
2.45067e+01 8.47201e+04
2.45604e+01 9.15532e+04
2.46141e+01 8.84939e+04
2.46678e+01 7.80716e+04
2.47215e+01 7.68333e+04
2.47751e+01 7.81292e+04
2.48287e+01 8.14444e+04
2.48823e+01 8.45276e+04
2.49359e+01 8.09115e+04
2.49894e+01 8.29494e+04
2.50430e+01 8.55535e+04
2.50964e+01 8.00664e+04
2.51499e+01 7.73039e+04
2.52034e+01 8.49367e+04
2.52568e+01 8.34375e+04
2.53102e+01 8.23840e+04
2.53635e+01 7.80820e+04
2.54169e+01 8.06848e+04
2.54702e+01 8.03806e+04
2.55235e+01 8.19585e+04
2.55768e+01 8.36112e+04
2.56300e+01 7.89418e+04
2.56832e+01 7.40768e+04
2.57364e+01 7.00314e+04
2.57896e+01 7.54877e+04
2.58428e+01 7.38428e+04
2.58959e+01 7.51710e+04
2.59490e+01 7.73289e+04
2.60021e+01 6.90625e+04
2.60551e+01 6.32022e+04
2.61081e+01 6.52186e+04
2.61611e+01 6.34457e+04
2.62141e+01 6.10439e+04
2.62671e+01 5.85048e+04
2.63200e+01 6.27776e+04
2.63729e+01 5.88589e+04
2.64258e+01 5.05011e+04
2.64786e+01 5.24229e+04
2.65315e+01 5.45602e+04
2.65843e+01 5.39073e+04
2.66371e+01 5.01247e+04
2.66898e+01 5.05054e+04
2.67425e+01 4.90112e+04
2.67953e+01 4.72812e+04
2.68479e+01 4.71358e+04
2.69006e+01 4.67047e+04
2.69532e+01 4.87466e+04
2.70058e+01 4.75270e+04
2.70584e+01 4.53788e+04
2.71110e+01 4.54237e+04
2.71635e+01 3.76697e+04
2.72160e+01 4.07259e+04
2.72685e+01 4.31027e+04
2.73210e+01 3.85260e+04
2.73734e+01 3.57528e+04
2.74258e+01 3.68391e+04
2.74782e+01 3.49112e+04
2.75306e+01 3.03600e+04
2.75829e+01 3.21012e+04
2.76352e+01 3.30330e+04
2.76875e+01 3.31278e+04
2.77398e+01 3.08723e+04
2.77920e+01 2.90298e+04
2.78442e+01 3.05785e+04
2.78964e+01 2.96808e+04
2.79486e+01 3.17000e+04
2.80007e+01 2.86655e+04
2.80529e+01 2.86469e+04
2.81050e+01 2.65185e+04
2.81570e+01 2.70625e+04
2.82091e+01 2.60806e+04
2.82611e+01 2.75904e+04
2.83131e+01 2.44520e+04
2.83651e+01 2.31455e+04
2.84170e+01 2.45500e+04
2.84689e+01 2.59272e+04
2.85208e+01 2.65195e+04
2.85727e+01 2.92480e+04
2.86245e+01 2.57533e+04
2.86764e+01 2.23438e+04
2.87282e+01 2.23766e+04
2.87799e+01 2.35528e+04
2.88317e+01 2.42428e+04
2.88834e+01 2.37320e+04
2.89351e+01 2.32039e+04
2.89868e+01 2.13442e+04
2.90385e+01 1.75765e+04
2.90901e+01 1.70188e+04
2.91417e+01 1.82036e+04
2.91933e+01 1.89875e+04
2.92448e+01 1.87678e+04
2.92963e+01 1.84266e+04
2.93478e+01 1.91417e+04
2.93993e+01 2.10485e+04
2.94508e+01 1.78603e+04
2.95022e+01 2.07057e+04
2.95536e+01 1.76677e+04
2.96050e+01 1.72348e+04
2.96564e+01 1.95383e+04
2.97077e+01 2.04992e+04
2.97590e+01 1.85932e+04
2.98103e+01 1.93778e+04
2.98615e+01 1.67064e+04
2.99128e+01 1.42869e+04
2.99640e+01 1.34990e+04
3.00152e+01 1.67061e+04
3.00663e+01 1.37669e+04
3.01175e+01 1.44070e+04
3.01686e+01 1.41311e+04
3.02197e+01 1.62434e+04
3.02707e+01 1.57148e+04
3.03218e+01 1.57613e+04
3.03728e+01 1.33145e+04
3.04238e+01 1.36380e+04
3.04747e+01 1.41634e+04
3.05257e+01 1.35885e+04
3.05766e+01 1.41237e+04
3.06275e+01 1.47993e+04
3.06784e+01 1.20177e+04
3.07292e+01 1.16311e+04
3.07800e+01 1.32086e+04
3.08308e+01 1.12431e+04
3.08816e+01 1.14695e+04
3.09323e+01 1.39530e+04
3.09830e+01 1.10698e+04
3.10337e+01 1.04261e+04
3.10844e+01 1.33168e+04
3.11351e+01 1.33469e+04
3.11857e+01 1.22026e+04
3.12363e+01 1.25252e+04
3.12868e+01 1.21473e+04
3.13374e+01 9.77010e+03
3.13879e+01 1.00145e+04
3.14384e+01 1.23144e+04
3.14889e+01 1.06175e+04
3.15393e+01 1.07227e+04
3.15898e+01 1.07480e+04
3.16402e+01 1.15274e+04
3.16905e+01 1.13465e+04
3.17409e+01 1.29040e+04
3.17912e+01 1.23565e+04
3.18415e+01 1.34838e+04
3.18918e+01 1.21073e+04
3.19420e+01 1.18677e+04
3.19923e+01 1.26900e+04
3.20425e+01 1.41795e+04
3.20927e+01 1.34641e+04
3.21428e+01 1.12535e+04
3.21929e+01 9.94760e+03
3.22431e+01 1.00747e+04
3.22931e+01 1.12482e+04
3.23432e+01 1.10532e+04
3.23932e+01 1.06834e+04
3.24432e+01 1.17886e+04
3.24932e+01 1.05829e+04
3.25432e+01 8.67580e+03
3.25931e+01 8.85540e+03
3.26430e+01 8.91760e+03
3.26929e+01 9.79100e+03
3.27428e+01 7.82800e+03
3.27926e+01 9.02350e+03
3.28424e+01 1.04431e+04
3.28922e+01 1.13863e+04
3.29420e+01 1.04046e+04
3.29917e+01 1.13891e+04
3.30414e+01 1.09862e+04
3.30911e+01 1.12937e+04
3.31408e+01 1.08549e+04
3.31904e+01 9.70740e+03
3.32400e+01 1.14260e+04
3.32896e+01 1.02055e+04
3.33392e+01 1.03819e+04
3.33887e+01 9.57280e+03
3.34382e+01 9.54110e+03
3.34877e+01 9.76900e+03
3.35372e+01 1.06613e+04
3.35866e+01 1.10698e+04
3.36361e+01 1.13355e+04
3.36854e+01 1.01028e+04
3.37348e+01 8.86910e+03
3.37842e+01 9.76810e+03
3.38335e+01 1.08403e+04
3.38828e+01 9.83560e+03
3.39320e+01 8.29570e+03
3.39813e+01 9.49890e+03
3.40305e+01 1.01124e+04
3.40797e+01 1.03335e+04
3.41289e+01 1.14650e+04
3.41780e+01 1.26495e+04
3.42272e+01 1.28370e+04
3.42763e+01 1.07723e+04
3.43253e+01 1.03342e+04
3.43744e+01 9.31660e+03
3.44234e+01 1.01456e+04
3.44724e+01 1.02264e+04
3.45214e+01 1.05245e+04
3.45703e+01 1.03533e+04
3.46193e+01 9.04880e+03
3.46682e+01 1.02143e+04
3.47171e+01 8.36130e+03
3.47659e+01 1.01001e+04
3.48147e+01 8.32710e+03
3.48635e+01 9.22570e+03
3.49123e+01 9.57580e+03
3.49611e+01 8.77310e+03
3.50098e+01 7.06120e+03
3.50585e+01 8.88560e+03
3.51072e+01 1.09530e+04
3.51559e+01 7.69410e+03
3.52045e+01 8.38360e+03
3.52531e+01 1.10515e+04
3.53017e+01 1.00843e+04
3.53502e+01 9.46750e+03
3.53988e+01 9.37040e+03
3.54473e+01 8.34240e+03
3.54958e+01 9.29970e+03
3.55442e+01 9.72970e+03
3.55927e+01 8.67970e+03
3.56411e+01 9.10700e+03
3.56895e+01 1.01592e+04
3.57378e+01 1.03888e+04
3.57862e+01 1.08991e+04
3.58345e+01 1.08306e+04
3.58828e+01 1.20519e+04
3.59310e+01 1.12713e+04
3.59793e+01 8.91750e+03
3.60275e+01 7.55110e+03
3.60757e+01 8.16170e+03
3.61239e+01 9.29470e+03
3.61720e+01 9.03590e+03
3.62201e+01 8.38040e+03
3.62682e+01 8.59860e+03
3.63163e+01 8.63480e+03
3.63643e+01 8.17650e+03
3.64124e+01 8.60700e+03
3.64603e+01 1.08651e+04
3.65083e+01 1.18697e+04
3.65563e+01 9.42270e+03
3.66042e+01 1.08565e+04
3.66521e+01 1.08329e+04
3.67000e+01 1.20889e+04
3.67478e+01 9.78440e+03
3.67956e+01 9.45310e+03
3.68434e+01 8.15930e+03
3.68912e+01 1.06441e+04
3.69390e+01 1.27835e+04
3.69867e+01 1.13700e+04
3.70344e+01 1.18327e+04
3.70821e+01 1.20124e+04
3.71297e+01 1.34729e+04
3.71773e+01 1.45161e+04
3.72249e+01 1.51986e+04
3.72725e+01 1.13402e+04
3.73201e+01 1.15274e+04
3.73676e+01 1.37791e+04
3.74151e+01 1.63583e+04
3.74626e+01 1.21843e+04
3.75100e+01 1.32903e+04
3.75575e+01 1.61767e+04
3.76049e+01 1.64473e+04
3.76523e+01 1.60542e+04
3.76996e+01 1.43044e+04
3.77469e+01 1.32078e+04
3.77943e+01 1.51432e+04
3.78415e+01 1.61167e+04
3.78888e+01 1.62440e+04
3.79360e+01 1.69222e+04
3.79832e+01 1.75037e+04
3.80304e+01 1.69886e+04
3.80776e+01 1.59640e+04
3.81247e+01 1.67454e+04
3.81718e+01 1.81019e+04
3.82189e+01 1.83404e+04
3.82660e+01 1.74330e+04
3.83130e+01 2.04060e+04
3.83600e+01 2.01087e+04
3.84070e+01 1.99700e+04
3.84540e+01 1.95691e+04
3.85009e+01 1.84242e+04
3.85478e+01 1.98302e+04
3.85947e+01 2.02542e+04
3.86416e+01 1.93279e+04
3.86884e+01 2.02200e+04
3.87353e+01 1.90942e+04
3.87821e+01 2.08038e+04
3.88288e+01 2.09557e+04
3.88756e+01 2.17890e+04
3.89223e+01 2.18154e+04
3.89690e+01 1.87333e+04
3.90157e+01 1.79060e+04
3.90623e+01 1.77673e+04
3.91089e+01 1.82308e+04
3.91555e+01 1.82868e+04
3.92021e+01 1.68928e+04
3.92486e+01 1.70777e+04
3.92952e+01 1.69812e+04
3.93417e+01 1.61125e+04
3.93881e+01 1.68384e+04
3.94346e+01 1.68242e+04
3.94810e+01 1.84141e+04
3.95274e+01 1.59882e+04
3.95738e+01 1.53314e+04
3.96201e+01 1.62410e+04
3.96665e+01 1.52411e+04
3.97128e+01 1.38803e+04
3.97590e+01 1.54979e+04
3.98053e+01 1.58870e+04
3.98515e+01 1.59167e+04
3.98977e+01 1.63478e+04
3.99439e+01 1.66079e+04
3.99901e+01 1.59522e+04
4.00362e+01 1.80586e+04
4.00823e+01 1.61133e+04
4.01284e+01 1.73719e+04
4.01744e+01 1.75095e+04
4.02205e+01 1.58932e+04
4.02665e+01 1.74815e+04
4.03125e+01 1.93845e+04
4.03584e+01 1.68510e+04
4.04043e+01 1.48776e+04
4.04503e+01 1.56450e+04
4.04961e+01 1.46471e+04
4.05420e+01 1.69497e+04
4.05878e+01 1.73974e+04
4.06336e+01 1.56403e+04
4.06794e+01 1.59450e+04
4.07252e+01 1.54031e+04
4.07709e+01 1.52320e+04
4.08166e+01 1.46456e+04
4.08623e+01 1.35399e+04
4.09080e+01 1.74644e+04
4.09536e+01 1.98654e+04
4.09993e+01 1.74434e+04
4.10448e+01 1.75882e+04
4.10904e+01 1.54792e+04
4.11360e+01 1.36822e+04
4.11815e+01 1.65350e+04
4.12270e+01 1.75602e+04
4.12724e+01 1.71456e+04
4.13179e+01 1.26906e+04
4.13633e+01 1.41046e+04
4.14087e+01 1.38103e+04
4.14541e+01 1.51888e+04
4.14994e+01 1.59610e+04
4.15447e+01 1.88412e+04
4.15900e+01 1.61611e+04
4.16353e+01 1.20995e+04
4.16805e+01 1.38104e+04
4.17258e+01 1.59980e+04
4.17709e+01 1.79596e+04
4.18161e+01 1.56328e+04
4.18613e+01 1.44696e+04
4.19064e+01 1.35648e+04
4.19515e+01 1.11418e+04
4.19966e+01 1.48053e+04
4.20416e+01 1.44944e+04
4.20866e+01 1.42945e+04
4.21316e+01 1.53106e+04
4.21766e+01 1.49739e+04
4.22216e+01 1.65225e+04
4.22665e+01 1.69823e+04
4.23114e+01 1.23726e+04
4.23563e+01 1.64987e+04
4.24011e+01 1.62216e+04
4.24460e+01 1.60267e+04
4.24908e+01 1.50047e+04
4.25356e+01 1.48044e+04
4.25803e+01 1.56826e+04
4.26250e+01 1.56682e+04
4.26697e+01 1.39313e+04
4.27144e+01 1.32201e+04
4.27591e+01 1.20682e+04
4.28037e+01 1.24354e+04
4.28483e+01 1.32723e+04
4.28929e+01 1.22655e+04
4.29375e+01 1.18228e+04
4.29820e+01 1.10866e+04
4.30265e+01 1.21560e+04
4.30710e+01 1.41571e+04
4.31155e+01 1.43830e+04
4.31599e+01 1.23592e+04
4.32043e+01 1.16884e+04
4.32487e+01 1.17383e+04
4.32931e+01 1.14010e+04
4.33374e+01 1.28450e+04
4.33817e+01 1.26518e+04
4.34260e+01 1.37942e+04
4.34703e+01 1.18823e+04
4.35145e+01 1.17479e+04
4.35587e+01 1.26011e+04
4.36029e+01 1.33103e+04
4.36471e+01 1.12704e+04
4.36912e+01 1.37843e+04
4.37353e+01 1.32037e+04
4.37794e+01 1.29987e+04
4.38235e+01 1.57430e+04
4.38676e+01 1.47300e+04
4.39116e+01 1.31564e+04
4.39556e+01 1.29387e+04
4.39995e+01 1.32272e+04
4.40435e+01 1.44725e+04
4.40874e+01 1.37135e+04
4.41313e+01 1.24705e+04
4.41752e+01 1.26225e+04
4.42190e+01 1.36864e+04
4.42629e+01 1.36940e+04
4.43066e+01 1.39999e+04
4.43504e+01 1.36036e+04
4.43942e+01 1.38401e+04
4.44379e+01 1.52869e+04
4.44816e+01 1.41892e+04
4.45253e+01 1.47419e+04
4.45689e+01 1.44470e+04
4.46126e+01 1.49524e+04
4.46562e+01 1.26471e+04
4.46997e+01 1.20299e+04
4.47433e+01 1.34731e+04
4.47868e+01 1.56554e+04
4.48303e+01 1.69793e+04
4.48738e+01 1.64278e+04
4.49173e+01 1.43196e+04
4.49607e+01 1.47263e+04
4.50041e+01 1.23752e+04
4.50475e+01 1.26227e+04
4.50908e+01 1.34477e+04
4.51342e+01 1.64280e+04
4.51775e+01 1.45419e+04
4.52208e+01 1.49294e+04
4.52640e+01 1.43355e+04
4.53072e+01 1.45137e+04
4.53505e+01 1.53343e+04
4.53936e+01 1.54905e+04
4.54368e+01 1.46143e+04
4.54799e+01 1.29867e+04
4.55231e+01 1.35273e+04
4.55661e+01 1.42901e+04
4.56092e+01 1.30617e+04
4.56522e+01 1.38990e+04
4.56953e+01 1.41432e+04
4.57382e+01 1.39205e+04
4.57812e+01 1.15873e+04
4.58241e+01 1.34378e+04
4.58671e+01 1.08331e+04
4.59100e+01 1.20701e+04
4.59528e+01 1.17221e+04
4.59957e+01 1.30135e+04
4.60385e+01 1.47544e+04
4.60813e+01 1.42789e+04
4.61240e+01 1.46638e+04
4.61668e+01 1.45310e+04
4.62095e+01 1.19654e+04
4.62522e+01 1.49057e+04
4.62949e+01 1.25376e+04
4.63375e+01 1.20576e+04
4.63801e+01 1.15981e+04
4.64227e+01 1.40547e+04
4.64653e+01 1.39525e+04
4.65078e+01 1.20575e+04
4.65504e+01 1.13432e+04
4.65929e+01 1.23063e+04
4.66353e+01 1.09362e+04
4.66778e+01 9.00160e+03
4.67202e+01 1.03767e+04
4.67626e+01 1.14231e+04
4.68050e+01 1.18621e+04
4.68473e+01 1.24352e+04
4.68897e+01 1.06341e+04
4.69320e+01 1.07278e+04
4.69742e+01 1.18625e+04
4.70165e+01 1.04380e+04
4.70587e+01 1.17093e+04
4.71009e+01 1.03783e+04
4.71431e+01 1.14401e+04
4.71853e+01 1.13484e+04
4.72274e+01 8.31020e+03
4.72695e+01 9.16480e+03
4.73116e+01 9.39520e+03
4.73536e+01 8.88000e+03
4.73957e+01 8.85200e+03
4.74377e+01 8.08980e+03
4.74797e+01 7.34640e+03
4.75216e+01 8.00050e+03
4.75635e+01 9.07840e+03
4.76055e+01 7.57230e+03
4.76473e+01 6.84700e+03
4.76892e+01 7.65130e+03
4.77310e+01 6.90460e+03
4.77728e+01 8.75370e+03
4.78146e+01 8.70500e+03
4.78564e+01 7.86160e+03
4.78981e+01 8.44590e+03
4.79398e+01 8.40730e+03
4.79815e+01 8.43150e+03
4.80232e+01 7.07340e+03
4.80648e+01 7.69660e+03
4.81065e+01 8.27520e+03
4.81480e+01 6.84080e+03
4.81896e+01 6.43050e+03
4.82311e+01 8.20350e+03
4.82727e+01 8.02520e+03
4.83142e+01 7.46680e+03
4.83556e+01 7.61620e+03
4.83971e+01 8.61480e+03
4.84385e+01 6.93610e+03
4.84799e+01 7.43500e+03
4.85212e+01 6.70670e+03
4.85626e+01 6.55210e+03
4.86039e+01 5.77820e+03
4.86452e+01 6.48000e+03
4.86865e+01 5.31480e+03
4.87277e+01 5.90220e+03
4.87689e+01 6.70740e+03
4.88101e+01 7.27070e+03
4.88513e+01 8.06520e+03
4.88925e+01 7.31890e+03
4.89336e+01 7.08650e+03
4.89747e+01 7.23220e+03
4.90158e+01 6.21100e+03
4.90568e+01 5.93140e+03
4.90978e+01 5.37940e+03
4.91388e+01 5.94070e+03
4.91798e+01 6.81380e+03
4.92208e+01 6.31350e+03
4.92617e+01 6.41220e+03
4.93026e+01 6.88980e+03
4.93435e+01 7.64850e+03
4.93843e+01 6.24670e+03
4.94252e+01 6.51450e+03
4.94660e+01 8.37880e+03
4.95067e+01 4.97030e+03
4.95475e+01 5.99310e+03
4.95882e+01 7.05810e+03
4.96289e+01 6.83410e+03
4.96696e+01 4.67910e+03
4.97103e+01 4.99860e+03
4.97509e+01 5.74300e+03
4.97915e+01 8.67030e+03
4.98321e+01 6.56000e+03
4.98727e+01 6.16480e+03
4.99132e+01 6.47840e+03
4.99537e+01 6.51300e+03
4.99942e+01 8.10160e+03
5.00347e+01 8.19020e+03
5.00751e+01 7.25100e+03
5.01155e+01 7.30320e+03
5.01559e+01 4.20730e+03
5.01963e+01 3.80170e+03
5.02366e+01 5.37310e+03
5.02769e+01 7.92150e+03
5.03172e+01 6.42080e+03
5.03575e+01 6.14640e+03
5.03977e+01 5.66450e+03
5.04379e+01 6.77570e+03
5.04781e+01 5.69280e+03
5.05183e+01 6.25290e+03
5.05584e+01 4.83420e+03
5.05985e+01 6.43030e+03
5.06386e+01 6.33530e+03
5.06787e+01 8.76240e+03
5.07187e+01 7.55330e+03
5.07588e+01 7.13080e+03
5.07988e+01 6.20950e+03
5.08387e+01 6.56130e+03
5.08787e+01 7.56410e+03
5.09186e+01 6.91770e+03
5.09585e+01 6.03350e+03
5.09984e+01 6.49920e+03
5.10382e+01 7.10080e+03
5.10780e+01 8.36270e+03
5.11178e+01 7.85350e+03
5.11576e+01 8.40960e+03
5.11974e+01 7.47210e+03
5.12371e+01 7.21700e+03
5.12768e+01 5.88550e+03
5.13165e+01 7.19590e+03
5.13561e+01 5.93960e+03
5.13957e+01 9.52470e+03
5.14353e+01 8.41180e+03
5.14749e+01 8.42400e+03
5.15145e+01 8.04720e+03
5.15540e+01 6.45660e+03
5.15935e+01 5.62020e+03
5.16330e+01 5.86710e+03
5.16724e+01 6.24110e+03
5.17119e+01 8.16260e+03
5.17513e+01 7.66610e+03
5.17907e+01 4.07980e+03
5.18300e+01 5.86470e+03
5.18693e+01 6.07380e+03
5.19086e+01 7.39780e+03
5.19479e+01 7.94930e+03
5.19872e+01 8.57740e+03
5.20264e+01 5.97120e+03
5.20656e+01 5.28560e+03
5.21048e+01 6.21300e+03
5.21440e+01 7.29390e+03
5.21831e+01 5.04960e+03
5.22222e+01 4.41170e+03
5.22613e+01 6.99110e+03
5.23004e+01 7.67760e+03
5.23394e+01 6.85660e+03
5.23784e+01 5.63330e+03
5.24174e+01 6.27400e+03
5.24564e+01 7.28840e+03
5.24953e+01 6.48790e+03
5.25342e+01 7.68620e+03
5.25731e+01 6.53700e+03
5.26120e+01 7.09870e+03
5.26508e+01 7.88420e+03
5.26896e+01 7.17240e+03
5.27284e+01 7.14420e+03
5.27672e+01 8.01430e+03
5.28060e+01 8.20180e+03
5.28447e+01 7.85110e+03
5.28834e+01 7.56830e+03
5.29220e+01 8.96070e+03
5.29607e+01 8.59710e+03
5.29993e+01 7.80500e+03
5.30379e+01 6.88000e+03
5.30765e+01 6.43760e+03
5.31150e+01 6.96240e+03
5.31535e+01 7.35940e+03
5.31920e+01 7.52600e+03
5.32305e+01 6.21860e+03
5.32690e+01 5.26320e+03
5.33074e+01 7.60300e+03
5.33458e+01 7.04610e+03
5.33842e+01 7.27000e+03
5.34225e+01 7.72980e+03
5.34608e+01 6.04870e+03
5.34991e+01 5.36250e+03
5.35374e+01 6.07200e+03
5.35757e+01 5.40140e+03
5.36139e+01 4.44680e+03
5.36521e+01 5.68430e+03
5.36903e+01 5.90080e+03
5.37284e+01 5.81880e+03
5.37666e+01 5.36630e+03
5.38047e+01 6.37590e+03
5.38427e+01 5.22710e+03
5.38808e+01 4.85490e+03
5.39188e+01 6.66550e+03
5.39568e+01 5.86630e+03
5.39948e+01 6.65890e+03
5.40328e+01 6.05370e+03
5.40707e+01 6.95060e+03
5.41086e+01 6.07020e+03
5.41465e+01 5.70720e+03
5.41844e+01 5.43410e+03
5.42222e+01 4.89860e+03
5.42600e+01 7.23770e+03
5.42978e+01 9.21630e+03
5.43356e+01 9.23760e+03
5.43733e+01 6.91400e+03
5.44110e+01 5.84010e+03
5.44487e+01 4.95740e+03
5.44864e+01 4.58460e+03
5.45240e+01 5.50830e+03
5.45616e+01 8.20440e+03
5.45992e+01 6.55290e+03
5.46368e+01 7.89700e+03
5.46743e+01 5.65060e+03
5.47118e+01 6.31230e+03
5.47493e+01 6.03220e+03
5.47868e+01 5.99360e+03
5.48242e+01 5.80250e+03
5.48616e+01 5.60160e+03
5.48990e+01 5.81620e+03
5.49364e+01 6.32380e+03
5.49738e+01 4.31480e+03
5.50111e+01 5.63880e+03
5.50484e+01 5.02840e+03
5.50856e+01 5.37680e+03
5.51229e+01 6.33540e+03
5.51601e+01 5.77790e+03
5.51973e+01 4.94240e+03
5.52345e+01 6.66280e+03
5.52716e+01 6.25480e+03
5.53087e+01 5.74820e+03
5.53458e+01 5.16520e+03
5.53829e+01 6.53870e+03
5.54200e+01 8.05280e+03
5.54570e+01 6.49740e+03
5.54940e+01 5.85500e+03
5.55310e+01 3.16300e+03
5.55679e+01 6.33530e+03
5.56049e+01 6.34170e+03
5.56418e+01 6.27100e+03
5.56786e+01 5.78380e+03
5.57155e+01 4.49640e+03
5.57523e+01 5.17710e+03
5.57891e+01 2.90460e+03
5.58259e+01 4.88190e+03
5.58627e+01 6.24220e+03
5.58994e+01 5.08170e+03
5.59361e+01 5.80470e+03
5.59728e+01 5.83570e+03
5.60094e+01 6.69160e+03
5.60461e+01 4.95790e+03
5.60827e+01 4.81690e+03
5.61193e+01 6.26830e+03
5.61558e+01 5.40270e+03
5.61924e+01 5.76960e+03
5.62289e+01 4.71550e+03
5.62653e+01 3.96750e+03
5.63018e+01 4.93040e+03
5.63382e+01 4.41360e+03
5.63747e+01 5.50750e+03
5.64110e+01 6.34990e+03
5.64474e+01 6.72170e+03
5.64837e+01 7.59900e+03
5.65201e+01 6.62250e+03
5.65563e+01 5.59170e+03
5.65926e+01 5.30310e+03
5.66289e+01 4.59280e+03
5.66651e+01 6.66630e+03
5.67013e+01 5.72320e+03
5.67374e+01 6.89770e+03
5.67736e+01 6.73370e+03
5.68097e+01 5.53030e+03
5.68458e+01 4.80300e+03
5.68818e+01 3.48030e+03
5.69179e+01 4.82160e+03
5.69539e+01 4.46610e+03
5.69899e+01 5.22000e+03
5.70259e+01 5.23320e+03
5.70618e+01 5.66420e+03
5.70977e+01 4.72730e+03
5.71336e+01 4.90670e+03
5.71695e+01 6.65530e+03
5.72054e+01 5.36820e+03
5.72412e+01 4.78720e+03
5.72770e+01 6.61100e+03
5.73128e+01 6.59510e+03
5.73485e+01 4.15040e+03
5.73842e+01 4.80550e+03
5.74199e+01 4.32450e+03
5.74556e+01 6.40790e+03
5.74913e+01 5.62290e+03
5.75269e+01 6.04670e+03
5.75625e+01 6.73050e+03
5.75981e+01 6.13400e+03
5.76336e+01 4.98760e+03
5.76691e+01 6.91530e+03
5.77046e+01 5.31660e+03
5.77401e+01 7.25830e+03
5.77756e+01 7.11240e+03
5.78110e+01 7.05690e+03
5.78464e+01 6.49650e+03
5.78818e+01 7.67370e+03
5.79171e+01 7.52430e+03
5.79525e+01 6.84000e+03
5.79878e+01 7.44260e+03
5.80231e+01 7.17340e+03
5.80583e+01 5.62270e+03
5.80936e+01 7.27080e+03
5.81288e+01 7.02610e+03
5.81640e+01 6.09750e+03
5.81991e+01 7.03130e+03
5.82343e+01 6.62800e+03
5.82694e+01 7.43820e+03
5.83045e+01 7.57170e+03
5.83395e+01 7.82940e+03
5.83746e+01 7.11670e+03
5.84096e+01 7.58020e+03
5.84446e+01 8.39570e+03
5.84795e+01 9.79900e+03
5.85145e+01 8.32390e+03
5.85494e+01 9.31700e+03
5.85843e+01 7.61930e+03
5.86191e+01 7.42590e+03
5.86540e+01 8.44180e+03
5.86888e+01 1.07225e+04
5.87236e+01 8.80500e+03
5.87583e+01 8.37870e+03
5.87931e+01 8.15250e+03
5.88278e+01 9.06540e+03
5.88625e+01 8.35800e+03
5.88972e+01 7.88060e+03
5.89318e+01 8.50680e+03
5.89664e+01 9.06640e+03
5.90010e+01 9.15340e+03
5.90356e+01 8.22330e+03
5.90701e+01 8.97200e+03
5.91047e+01 9.89440e+03
5.91392e+01 1.07639e+04
5.91736e+01 1.11289e+04
5.92081e+01 1.15089e+04
5.92425e+01 1.01428e+04
5.92769e+01 9.33390e+03
5.93113e+01 9.72470e+03
5.93456e+01 1.13357e+04
5.93800e+01 1.18301e+04
5.94143e+01 1.02986e+04
5.94485e+01 1.04026e+04
5.94828e+01 1.05904e+04
5.95170e+01 1.10907e+04
5.95512e+01 1.04179e+04
5.95854e+01 1.03840e+04
5.96196e+01 1.18097e+04
5.96537e+01 1.20206e+04
5.96878e+01 1.08367e+04
5.97219e+01 1.17798e+04
5.97559e+01 1.17770e+04
5.97900e+01 1.06698e+04
5.98240e+01 1.01169e+04
5.98579e+01 1.13509e+04
5.98919e+01 1.13712e+04
5.99258e+01 1.18634e+04
5.99597e+01 1.07639e+04
5.99936e+01 1.01104e+04
6.00275e+01 1.23283e+04
6.00613e+01 1.10626e+04
6.00951e+01 1.00479e+04
6.01289e+01 9.11390e+03
6.01627e+01 9.06060e+03
6.01964e+01 1.08887e+04
6.02301e+01 1.02035e+04
6.02638e+01 9.08860e+03
6.02975e+01 8.67660e+03
6.03311e+01 9.21180e+03
6.03647e+01 9.44170e+03
6.03983e+01 9.93580e+03
6.04319e+01 8.22820e+03
6.04654e+01 7.03760e+03
6.04989e+01 6.11840e+03
6.05324e+01 8.00560e+03
6.05659e+01 8.52210e+03
6.05994e+01 8.57670e+03
6.06328e+01 8.55640e+03
6.06662e+01 7.38830e+03
6.06995e+01 8.00580e+03
6.07329e+01 6.08840e+03
6.07662e+01 6.88350e+03
6.07995e+01 6.39800e+03
6.08328e+01 6.59180e+03
6.08660e+01 8.95450e+03
6.08992e+01 7.24310e+03
6.09324e+01 4.89490e+03
6.09656e+01 5.92860e+03
6.09987e+01 6.52410e+03
6.10319e+01 8.17330e+03
6.10650e+01 6.39770e+03
6.10980e+01 5.46900e+03
6.11311e+01 6.82690e+03
6.11641e+01 6.04440e+03
6.11971e+01 5.94810e+03
6.12301e+01 3.32220e+03
6.12630e+01 4.88720e+03
6.12960e+01 4.49840e+03
6.13289e+01 5.82340e+03
6.13618e+01 4.59180e+03
6.13946e+01 5.65940e+03
6.14274e+01 4.64760e+03
6.14602e+01 4.60000e+03
6.14930e+01 5.58630e+03
6.15258e+01 7.43870e+03
6.15585e+01 4.66060e+03
6.15912e+01 5.60160e+03
6.16239e+01 3.67180e+03
6.16565e+01 5.76800e+03
6.16892e+01 4.56770e+03
6.17218e+01 4.47890e+03
6.17544e+01 3.92290e+03
6.17869e+01 3.34560e+03
6.18195e+01 3.36420e+03
6.18520e+01 3.54790e+03
6.18845e+01 3.76400e+03
6.19169e+01 4.48330e+03
6.19494e+01 2.97080e+03
6.19818e+01 4.89370e+03
6.20142e+01 3.85870e+03
6.20465e+01 3.57990e+03
6.20789e+01 3.83080e+03
6.21112e+01 2.74840e+03
6.21435e+01 3.50590e+03
6.21757e+01 4.19330e+03
6.22080e+01 5.72860e+03
6.22402e+01 5.97520e+03
6.22724e+01 3.90310e+03
6.23045e+01 3.53140e+03
6.23367e+01 4.34240e+03
6.23688e+01 3.39030e+03
6.24009e+01 3.37170e+03
6.24330e+01 3.19850e+03
6.24650e+01 3.36330e+03
6.24970e+01 2.30210e+03
6.25290e+01 3.76460e+03
6.25610e+01 3.93700e+03
6.25929e+01 5.20430e+03
6.26248e+01 3.95820e+03
6.26567e+01 2.86330e+03
6.26886e+01 3.37850e+03
6.27205e+01 2.94860e+03
6.27523e+01 3.60090e+03
6.27841e+01 4.36420e+03
6.28159e+01 3.36800e+03
6.28476e+01 2.43510e+03
6.28793e+01 2.89740e+03
6.29110e+01 4.50480e+03
6.29427e+01 4.99780e+03
6.29744e+01 3.67140e+03
6.30060e+01 3.76610e+03
6.30376e+01 3.74380e+03
6.30692e+01 1.42200e+03
6.31007e+01 3.47430e+03
6.31322e+01 1.52210e+03
6.31637e+01 3.29870e+03
6.31952e+01 4.20720e+03
6.32267e+01 4.15130e+03
6.32581e+01 3.18180e+03
6.32895e+01 3.69480e+03
6.33209e+01 3.30610e+03
6.33523e+01 3.59890e+03
6.33836e+01 2.02010e+03
6.34149e+01 3.65580e+03
6.34462e+01 2.30660e+03
6.34774e+01 3.57880e+03
6.35087e+01 2.27100e+03
6.35399e+01 3.19660e+03
6.35711e+01 3.89390e+03
6.36022e+01 4.28560e+03
6.36334e+01 1.54780e+03
6.36645e+01 2.70130e+03
6.36956e+01 2.74570e+03
6.37266e+01 3.70150e+03
6.37577e+01 3.37600e+03
6.37887e+01 3.75020e+03
6.38197e+01 1.97140e+03
6.38506e+01 2.70560e+03
6.38816e+01 1.90050e+03
6.39125e+01 2.94320e+03
6.39434e+01 3.75660e+03
6.39742e+01 3.88840e+03
6.40051e+01 3.53020e+03
6.40359e+01 2.48910e+03
6.40667e+01 2.10900e+03
6.40974e+01 3.00340e+03
6.41282e+01 2.61220e+03
6.41589e+01 4.11640e+03
6.41896e+01 3.47100e+03
6.42203e+01 3.26660e+03
6.42509e+01 3.18960e+03
6.42815e+01 2.79680e+03
6.43121e+01 1.49330e+03
6.43427e+01 2.64870e+03
6.43732e+01 2.38160e+03
6.44038e+01 2.45890e+03
6.44343e+01 1.76220e+03
6.44647e+01 2.43670e+03
6.44952e+01 2.11660e+03
6.45256e+01 2.73050e+03
6.45560e+01 1.78230e+03
6.45864e+01 1.69410e+03
6.46167e+01 2.57190e+03
6.46471e+01 1.77840e+03
6.46774e+01 3.55180e+03
6.47076e+01 2.60240e+03
6.47379e+01 2.65780e+03
6.47681e+01 2.05930e+03
6.47983e+01 2.84500e+03
6.48285e+01 3.10130e+03
6.48586e+01 2.96120e+03
6.48888e+01 2.92920e+03
6.49189e+01 2.63300e+03
6.49490e+01 3.68070e+03
6.49790e+01 5.15670e+03
6.50091e+01 1.99010e+03
6.50391e+01 3.16890e+03
6.50690e+01 3.10530e+03
6.50990e+01 5.18120e+03
6.51289e+01 2.61440e+03
6.51588e+01 3.04490e+03
6.51887e+01 2.22720e+03
6.52186e+01 4.17410e+03
6.52484e+01 3.81600e+03
6.52782e+01 4.03470e+03
6.53080e+01 1.20060e+03
6.53378e+01 2.20650e+03
6.53675e+01 4.12690e+03
6.53972e+01 3.14210e+03
6.54269e+01 2.65070e+03
6.54566e+01 2.72550e+03
6.54862e+01 1.53130e+03
6.55158e+01 2.23200e+03
6.55454e+01 2.40080e+03
6.55750e+01 1.50770e+03
6.56045e+01 2.91030e+03
6.56340e+01 4.52650e+03
6.56635e+01 3.56220e+03
6.56930e+01 2.52040e+03
6.57224e+01 3.83260e+03
6.57519e+01 3.34680e+03
6.57812e+01 1.42200e+03
6.58106e+01 9.85300e+02
6.58400e+01 1.60310e+03
6.58693e+01 1.94880e+03
6.58986e+01 2.64420e+03
6.59278e+01 2.44790e+03
6.59571e+01 1.99030e+03
6.59863e+01 2.59130e+03
6.60155e+01 2.06450e+03
6.60447e+01 1.32790e+03
6.60738e+01 8.72700e+02
6.61029e+01 8.72900e+02
6.61320e+01 8.10400e+02
