# La4Ni3O8 Ni L2 edge RIXS
# T = 25 K
# RIXS resolution ~ 0.4 eV
# Horizontal scattering geometry, theta = 15 degrees, 2theta = 95 degrees
# SEXTANTS beamline, SOLEIL synchrotron
# Energy loss 	 Intensity
-4.22460e+01 2.97300e+02
-4.21736e+01 2.05600e+02
-4.21013e+01 7.01800e+02
-4.20290e+01 7.41800e+02
-4.19567e+01 7.59100e+02
-4.18844e+01 1.06550e+03
-4.18121e+01 1.74460e+03
-4.17399e+01 1.83560e+03
-4.16677e+01 1.81210e+03
-4.15955e+01 1.58670e+03
-4.15233e+01 1.93230e+03
-4.14512e+01 2.67120e+03
-4.13791e+01 1.92800e+03
-4.13070e+01 2.37420e+03
-4.12349e+01 1.67450e+03
-4.11629e+01 2.26560e+03
-4.10908e+01 2.17380e+03
-4.10188e+01 2.24860e+03
-4.09469e+01 2.35770e+03
-4.08749e+01 1.94520e+03
-4.08030e+01 2.23100e+03
-4.07311e+01 3.27460e+03
-4.06592e+01 3.01170e+03
-4.05873e+01 2.37050e+03
-4.05155e+01 1.93200e+03
-4.04436e+01 2.44760e+03
-4.03718e+01 3.05300e+03
-4.03000e+01 2.27660e+03
-4.02283e+01 2.78460e+03
-4.01566e+01 2.60220e+03
-4.00849e+01 2.30790e+03
-4.00132e+01 3.54440e+03
-3.99415e+01 2.60310e+03
-3.98699e+01 2.52920e+03
-3.97982e+01 2.60850e+03
-3.97266e+01 2.29440e+03
-3.96551e+01 1.03400e+03
-3.95835e+01 2.31840e+03
-3.95120e+01 2.34590e+03
-3.94405e+01 2.53460e+03
-3.93690e+01 2.63820e+03
-3.92975e+01 2.33690e+03
-3.92261e+01 1.71800e+03
-3.91547e+01 2.60570e+03
-3.90833e+01 2.71320e+03
-3.90119e+01 1.86610e+03
-3.89406e+01 2.41810e+03
-3.88692e+01 2.84800e+03
-3.87979e+01 2.51430e+03
-3.87267e+01 2.30590e+03
-3.86554e+01 2.31510e+03
-3.85842e+01 2.26580e+03
-3.85129e+01 2.16690e+03
-3.84418e+01 2.75360e+03
-3.83706e+01 2.61790e+03
-3.82994e+01 2.48340e+03
-3.82283e+01 1.87350e+03
-3.81572e+01 2.67730e+03
-3.80861e+01 1.94540e+03
-3.80151e+01 2.25080e+03
-3.79441e+01 2.30870e+03
-3.78730e+01 2.50510e+03
-3.78021e+01 2.33140e+03
-3.77311e+01 2.70790e+03
-3.76602e+01 2.14620e+03
-3.75892e+01 2.11650e+03
-3.75183e+01 1.96810e+03
-3.74475e+01 2.15610e+03
-3.73766e+01 2.54390e+03
-3.73058e+01 2.41830e+03
-3.72350e+01 1.61570e+03
-3.71642e+01 1.85650e+03
-3.70934e+01 2.08840e+03
-3.70227e+01 2.36100e+03
-3.69520e+01 1.93480e+03
-3.68813e+01 1.98440e+03
-3.68106e+01 2.53850e+03
-3.67400e+01 1.95930e+03
-3.66693e+01 3.00670e+03
-3.65987e+01 2.00520e+03
-3.65282e+01 2.20230e+03
-3.64576e+01 2.16360e+03
-3.63871e+01 2.16590e+03
-3.63166e+01 2.72400e+03
-3.62461e+01 2.22260e+03
-3.61756e+01 1.77270e+03
-3.61052e+01 2.38730e+03
-3.60347e+01 2.34850e+03
-3.59643e+01 2.30920e+03
-3.58940e+01 2.05980e+03
-3.58236e+01 1.05780e+03
-3.57533e+01 1.79170e+03
-3.56830e+01 1.85230e+03
-3.56127e+01 2.00960e+03
-3.55424e+01 2.34950e+03
-3.54722e+01 2.19210e+03
-3.54020e+01 2.31320e+03
-3.53318e+01 1.84780e+03
-3.52616e+01 1.58950e+03
-3.51914e+01 2.01440e+03
-3.51213e+01 2.62150e+03
-3.50512e+01 2.67870e+03
-3.49811e+01 2.70330e+03
-3.49111e+01 2.22340e+03
-3.48410e+01 2.19810e+03
-3.47710e+01 1.90030e+03
-3.47010e+01 1.74570e+03
-3.46310e+01 1.41290e+03
-3.45611e+01 2.44950e+03
-3.44912e+01 1.51030e+03
-3.44213e+01 1.66370e+03
-3.43514e+01 1.95230e+03
-3.42815e+01 2.64310e+03
-3.42117e+01 1.79510e+03
-3.41419e+01 2.01640e+03
-3.40721e+01 2.10680e+03
-3.40023e+01 1.81360e+03
-3.39326e+01 2.26490e+03
-3.38629e+01 2.33560e+03
-3.37932e+01 2.14310e+03
-3.37235e+01 2.71220e+03
-3.36538e+01 2.72080e+03
-3.35842e+01 3.08160e+03
-3.35146e+01 2.04130e+03
-3.34450e+01 2.15140e+03
-3.33755e+01 1.79900e+03
-3.33059e+01 2.96060e+03
-3.32364e+01 2.20060e+03
-3.31669e+01 2.15900e+03
-3.30974e+01 2.44260e+03
-3.30280e+01 1.72630e+03
-3.29586e+01 2.48230e+03
-3.28892e+01 3.07280e+03
-3.28198e+01 1.95280e+03
-3.27504e+01 1.53810e+03
-3.26811e+01 2.25170e+03
-3.26118e+01 2.54830e+03
-3.25425e+01 2.03280e+03
-3.24732e+01 1.75130e+03
-3.24040e+01 1.98210e+03
-3.23347e+01 2.09440e+03
-3.22655e+01 2.47980e+03
-3.21963e+01 2.57800e+03
-3.21272e+01 2.61950e+03
-3.20581e+01 2.29480e+03
-3.19889e+01 2.69610e+03
-3.19199e+01 2.82880e+03
-3.18508e+01 2.44760e+03
-3.17817e+01 2.10500e+03
-3.17127e+01 2.36340e+03
-3.16437e+01 2.68280e+03
-3.15748e+01 2.10950e+03
-3.15058e+01 2.36480e+03
-3.14369e+01 2.73110e+03
-3.13680e+01 2.55430e+03
-3.12991e+01 2.12410e+03
-3.12302e+01 1.53000e+03
-3.11614e+01 2.47810e+03
-3.10926e+01 2.72160e+03
-3.10238e+01 3.15680e+03
-3.09550e+01 2.34560e+03
-3.08862e+01 2.23590e+03
-3.08175e+01 2.32960e+03
-3.07488e+01 1.99000e+03
-3.06801e+01 2.62260e+03
-3.06115e+01 2.68540e+03
-3.05428e+01 2.68660e+03
-3.04742e+01 2.53840e+03
-3.04056e+01 2.48280e+03
-3.03371e+01 2.33580e+03
-3.02685e+01 2.44310e+03
-3.02000e+01 2.20330e+03
-3.01315e+01 3.44610e+03
-3.00630e+01 2.63360e+03
-2.99946e+01 2.76620e+03
-2.99261e+01 2.47640e+03
-2.98577e+01 2.32750e+03
-2.97893e+01 2.50750e+03
-2.97210e+01 2.64170e+03
-2.96526e+01 2.03750e+03
-2.95843e+01 1.49130e+03
-2.95160e+01 1.74080e+03
-2.94477e+01 2.51790e+03
-2.93795e+01 2.60860e+03
-2.93113e+01 1.88310e+03
-2.92430e+01 1.81720e+03
-2.91749e+01 1.92210e+03
-2.91067e+01 1.80450e+03
-2.90386e+01 1.79640e+03
-2.89704e+01 1.82530e+03
-2.89023e+01 2.75130e+03
-2.88343e+01 2.35340e+03
-2.87662e+01 1.68590e+03
-2.86982e+01 2.27150e+03
-2.86302e+01 2.64230e+03
-2.85622e+01 2.73550e+03
-2.84943e+01 1.95400e+03
-2.84263e+01 2.24800e+03
-2.83584e+01 2.50130e+03
-2.82905e+01 1.79200e+03
-2.82227e+01 2.40210e+03
-2.81548e+01 2.05310e+03
-2.80870e+01 2.55970e+03
-2.80192e+01 2.02870e+03
-2.79514e+01 2.14850e+03
-2.78837e+01 1.45320e+03
-2.78159e+01 1.74820e+03
-2.77482e+01 1.96570e+03
-2.76805e+01 1.66750e+03
-2.76129e+01 2.07400e+03
-2.75452e+01 2.26940e+03
-2.74776e+01 1.89780e+03
-2.74100e+01 2.48590e+03
-2.73424e+01 1.98320e+03
-2.72749e+01 1.55780e+03
-2.72073e+01 2.22660e+03
-2.71398e+01 2.34740e+03
-2.70724e+01 1.98950e+03
-2.70049e+01 2.25160e+03
-2.69375e+01 2.77130e+03
-2.68700e+01 2.34420e+03
-2.68026e+01 2.32220e+03
-2.67353e+01 2.58420e+03
-2.66679e+01 2.03260e+03
-2.66006e+01 3.08010e+03
-2.65333e+01 2.91410e+03
-2.64660e+01 3.13300e+03
-2.63988e+01 2.54910e+03
-2.63315e+01 2.36100e+03
-2.62643e+01 2.43070e+03
-2.61971e+01 2.90990e+03
-2.61300e+01 2.10750e+03
-2.60628e+01 2.63050e+03
-2.59957e+01 2.76530e+03
-2.59286e+01 2.72620e+03
-2.58615e+01 2.93720e+03
-2.57945e+01 2.06580e+03
-2.57274e+01 2.51780e+03
-2.56604e+01 2.60540e+03
-2.55934e+01 2.33120e+03
-2.55265e+01 3.50080e+03
-2.54595e+01 2.95560e+03
-2.53926e+01 1.96620e+03
-2.53257e+01 2.18810e+03
-2.52588e+01 2.83570e+03
-2.51920e+01 2.37810e+03
-2.51252e+01 2.35250e+03
-2.50584e+01 2.70440e+03
-2.49916e+01 2.31220e+03
-2.49248e+01 2.46080e+03
-2.48581e+01 2.64200e+03
-2.47914e+01 1.91070e+03
-2.47247e+01 2.73010e+03
-2.46580e+01 3.11750e+03
-2.45914e+01 2.93780e+03
-2.45247e+01 2.97200e+03
-2.44581e+01 2.26480e+03
-2.43915e+01 2.86690e+03
-2.43250e+01 2.47510e+03
-2.42585e+01 2.52110e+03
-2.41919e+01 2.83240e+03
-2.41255e+01 3.03170e+03
-2.40590e+01 2.92130e+03
-2.39925e+01 3.27200e+03
-2.39261e+01 3.58600e+03
-2.38597e+01 3.51310e+03
-2.37933e+01 3.23610e+03
-2.37270e+01 2.52090e+03
-2.36607e+01 2.16270e+03
-2.35944e+01 2.74910e+03
-2.35281e+01 3.12230e+03
-2.34618e+01 2.90810e+03
-2.33956e+01 2.73940e+03
-2.33293e+01 2.54330e+03
-2.32632e+01 2.24000e+03
-2.31970e+01 3.18500e+03
-2.31308e+01 2.28570e+03
-2.30647e+01 2.06660e+03
-2.29986e+01 2.59410e+03
-2.29325e+01 2.49420e+03
-2.28665e+01 2.69280e+03
-2.28004e+01 2.48500e+03
-2.27344e+01 2.36200e+03
-2.26684e+01 2.21830e+03
-2.26024e+01 3.04400e+03
-2.25365e+01 3.11080e+03
-2.24706e+01 2.73070e+03
-2.24047e+01 2.76000e+03
-2.23388e+01 2.18580e+03
-2.22729e+01 2.32220e+03
-2.22071e+01 2.52620e+03
-2.21413e+01 2.13160e+03
-2.20755e+01 2.42710e+03
-2.20097e+01 2.78550e+03
-2.19440e+01 3.17390e+03
-2.18783e+01 1.76890e+03
-2.18126e+01 1.48150e+03
-2.17469e+01 2.31450e+03
-2.16812e+01 1.95580e+03
-2.16156e+01 1.87360e+03
-2.15500e+01 2.25470e+03
-2.14844e+01 1.84350e+03
-2.14189e+01 2.57280e+03
-2.13533e+01 2.64280e+03
-2.12878e+01 3.22200e+03
-2.12223e+01 2.56830e+03
-2.11568e+01 2.86940e+03
-2.10914e+01 2.31880e+03
-2.10260e+01 2.64930e+03
-2.09606e+01 1.91850e+03
-2.08952e+01 1.99130e+03
-2.08298e+01 2.13910e+03
-2.07645e+01 2.29950e+03
-2.06992e+01 2.16970e+03
-2.06339e+01 2.09870e+03
-2.05686e+01 1.88950e+03
-2.05034e+01 2.26250e+03
-2.04381e+01 2.00310e+03
-2.03729e+01 1.95300e+03
-2.03078e+01 1.96440e+03
-2.02426e+01 2.59230e+03
-2.01775e+01 2.08700e+03
-2.01124e+01 2.18240e+03
-2.00473e+01 2.74180e+03
-1.99822e+01 2.63980e+03
-1.99172e+01 2.76060e+03
-1.98521e+01 2.43510e+03
-1.97871e+01 2.52420e+03
-1.97222e+01 1.79100e+03
-1.96572e+01 2.49760e+03
-1.95923e+01 2.34920e+03
-1.95274e+01 1.97750e+03
-1.94625e+01 2.20460e+03
-1.93976e+01 2.02910e+03
-1.93328e+01 2.29250e+03
-1.92680e+01 2.08660e+03
-1.92032e+01 1.72820e+03
-1.91384e+01 2.34450e+03
-1.90737e+01 1.94090e+03
-1.90089e+01 2.78780e+03
-1.89442e+01 2.10760e+03
-1.88795e+01 2.34990e+03
-1.88149e+01 2.37490e+03
-1.87503e+01 2.30110e+03
-1.86856e+01 1.86860e+03
-1.86211e+01 1.91120e+03
-1.85565e+01 1.91090e+03
-1.84919e+01 2.41480e+03
-1.84274e+01 1.95060e+03
-1.83629e+01 2.00660e+03
-1.82984e+01 1.71960e+03
-1.82340e+01 2.04350e+03
-1.81695e+01 1.98270e+03
-1.81051e+01 2.00990e+03
-1.80408e+01 2.20680e+03
-1.79764e+01 2.37240e+03
-1.79120e+01 2.69230e+03
-1.78477e+01 2.14570e+03
-1.77834e+01 2.63920e+03
-1.77192e+01 2.35130e+03
-1.76549e+01 2.65580e+03
-1.75907e+01 2.53150e+03
-1.75265e+01 2.20290e+03
-1.74623e+01 2.20390e+03
-1.73981e+01 1.72750e+03
-1.73340e+01 1.59330e+03
-1.72699e+01 2.51670e+03
-1.72058e+01 1.72940e+03
-1.71417e+01 1.66030e+03
-1.70777e+01 2.85200e+03
-1.70136e+01 2.57500e+03
-1.69496e+01 2.53020e+03
-1.68856e+01 2.45240e+03
-1.68217e+01 2.22220e+03
-1.67578e+01 2.57720e+03
-1.66938e+01 2.22090e+03
-1.66299e+01 2.58730e+03
-1.65661e+01 2.47100e+03
-1.65022e+01 2.07500e+03
-1.64384e+01 2.15840e+03
-1.63746e+01 2.30400e+03
-1.63108e+01 2.55840e+03
-1.62471e+01 2.96730e+03
-1.61834e+01 2.57240e+03
-1.61196e+01 2.21330e+03
-1.60560e+01 1.52710e+03
-1.59923e+01 1.87120e+03
-1.59287e+01 1.64020e+03
-1.58650e+01 1.67240e+03
-1.58014e+01 2.06180e+03
-1.57379e+01 1.94250e+03
-1.56743e+01 2.16360e+03
-1.56108e+01 2.20330e+03
-1.55473e+01 1.48350e+03
-1.54838e+01 1.80430e+03
-1.54203e+01 2.45770e+03
-1.53569e+01 2.15430e+03
-1.52935e+01 2.32380e+03
-1.52301e+01 2.47110e+03
-1.51667e+01 2.81890e+03
-1.51034e+01 2.83270e+03
-1.50400e+01 1.91790e+03
-1.49767e+01 2.34980e+03
-1.49135e+01 2.66270e+03
-1.48502e+01 2.43900e+03
-1.47870e+01 3.31520e+03
-1.47238e+01 2.23650e+03
-1.46606e+01 1.89870e+03
-1.45974e+01 1.79460e+03
-1.45343e+01 2.63480e+03
-1.44711e+01 1.86240e+03
-1.44080e+01 1.52490e+03
-1.43450e+01 2.46510e+03
-1.42819e+01 2.25880e+03
-1.42189e+01 2.11700e+03
-1.41559e+01 2.38560e+03
-1.40929e+01 1.99720e+03
-1.40299e+01 2.20370e+03
-1.39670e+01 2.84840e+03
-1.39041e+01 2.36180e+03
-1.38412e+01 2.43120e+03
-1.37783e+01 2.24600e+03
-1.37154e+01 2.51490e+03
-1.36526e+01 2.74130e+03
-1.35898e+01 2.39350e+03
-1.35270e+01 2.86750e+03
-1.34643e+01 2.32580e+03
-1.34015e+01 2.08090e+03
-1.33388e+01 1.66880e+03
-1.32761e+01 2.49340e+03
-1.32135e+01 1.90820e+03
-1.31508e+01 2.60600e+03
-1.30882e+01 2.45760e+03
-1.30256e+01 1.92660e+03
-1.29630e+01 2.00640e+03
-1.29004e+01 2.11950e+03
-1.28379e+01 2.27510e+03
-1.27754e+01 1.90670e+03
-1.27129e+01 2.23290e+03
-1.26504e+01 1.90890e+03
-1.25880e+01 2.84780e+03
-1.25256e+01 2.30750e+03
-1.24632e+01 2.21260e+03
-1.24008e+01 2.14270e+03
-1.23385e+01 1.90240e+03
-1.22761e+01 2.25330e+03
-1.22138e+01 2.79800e+03
-1.21515e+01 2.66790e+03
-1.20893e+01 1.77840e+03
-1.20270e+01 1.80130e+03
-1.19648e+01 2.05340e+03
-1.19026e+01 2.40790e+03
-1.18404e+01 3.08730e+03
-1.17783e+01 2.46520e+03
-1.17162e+01 2.18550e+03
-1.16541e+01 2.43890e+03
-1.15920e+01 2.63090e+03
-1.15299e+01 2.30730e+03
-1.14679e+01 2.17380e+03
-1.14059e+01 2.26930e+03
-1.13439e+01 1.97770e+03
-1.12819e+01 1.11030e+03
-1.12200e+01 1.25900e+03
-1.11580e+01 1.81880e+03
-1.10961e+01 1.77330e+03
-1.10343e+01 1.96570e+03
-1.09724e+01 3.19650e+03
-1.09106e+01 1.54820e+03
-1.08488e+01 2.14120e+03
-1.07870e+01 2.11570e+03
-1.07252e+01 2.34340e+03
-1.06635e+01 1.71650e+03
-1.06017e+01 2.17190e+03
-1.05400e+01 1.76010e+03
-1.04784e+01 1.48120e+03
-1.04167e+01 1.83430e+03
-1.03551e+01 2.46110e+03
-1.02935e+01 1.89400e+03
-1.02319e+01 2.83620e+03
-1.01703e+01 2.00820e+03
-1.01088e+01 1.73270e+03
-1.00473e+01 1.68160e+03
-9.98578e+00 1.74980e+03
-9.92431e+00 1.43540e+03
-9.86286e+00 1.99730e+03
-9.80143e+00 1.54680e+03
-9.74003e+00 1.61860e+03
-9.67865e+00 1.80210e+03
-9.61729e+00 1.37610e+03
-9.55595e+00 2.35890e+03
-9.49464e+00 2.01960e+03
-9.43335e+00 1.59430e+03
-9.37208e+00 2.62530e+03
-9.31083e+00 1.68030e+03
-9.24961e+00 2.03250e+03
-9.18841e+00 1.99250e+03
-9.12723e+00 2.22910e+03
-9.06608e+00 1.61840e+03
-9.00494e+00 1.36730e+03
-8.94383e+00 1.58020e+03
-8.88275e+00 1.76690e+03
-8.82168e+00 2.33350e+03
-8.76064e+00 1.16480e+03
-8.69962e+00 1.74720e+03
-8.63862e+00 1.28290e+03
-8.57765e+00 2.41320e+03
-8.51670e+00 1.80400e+03
-8.45577e+00 2.02520e+03
-8.39486e+00 1.51360e+03
-8.33398e+00 2.56700e+03
-8.27312e+00 1.56380e+03
-8.21228e+00 2.24130e+03
-8.15146e+00 2.44070e+03
-8.09067e+00 1.39970e+03
-8.02989e+00 1.78000e+03
-7.96915e+00 1.93970e+03
-7.90842e+00 1.90950e+03
-7.84772e+00 1.66560e+03
-7.78704e+00 1.78490e+03
-7.72638e+00 8.65000e+02
-7.66574e+00 1.95950e+03
-7.60513e+00 1.75210e+03
-7.54454e+00 2.35840e+03
-7.48397e+00 2.18280e+03
-7.42343e+00 1.86370e+03
-7.36290e+00 9.16400e+02
-7.30241e+00 1.94790e+03
-7.24193e+00 1.62980e+03
-7.18147e+00 1.59000e+03
-7.12104e+00 1.49750e+03
-7.06063e+00 2.01170e+03
-7.00024e+00 2.04260e+03
-6.93988e+00 2.84210e+03
-6.87954e+00 2.31340e+03
-6.81922e+00 1.85050e+03
-6.75892e+00 2.39850e+03
-6.69865e+00 1.99480e+03
-6.63840e+00 2.26640e+03
-6.57817e+00 2.53070e+03
-6.51796e+00 2.34530e+03
-6.45778e+00 2.49620e+03
-6.39762e+00 2.37160e+03
-6.33748e+00 1.50280e+03
-6.27737e+00 2.05960e+03
-6.21727e+00 2.14040e+03
-6.15720e+00 2.04590e+03
-6.09715e+00 2.73520e+03
-6.03713e+00 2.26030e+03
-5.97713e+00 2.76170e+03
-5.91715e+00 1.94580e+03
-5.85719e+00 1.72380e+03
-5.79725e+00 1.85160e+03
-5.73734e+00 2.32220e+03
-5.67745e+00 2.39150e+03
-5.61759e+00 2.01950e+03
-5.55774e+00 2.59750e+03
-5.49792e+00 1.95240e+03
-5.43812e+00 2.72340e+03
-5.37834e+00 2.30240e+03
-5.31859e+00 2.10520e+03
-5.25886e+00 2.19500e+03
-5.19915e+00 3.06260e+03
-5.13946e+00 2.36750e+03
-5.07980e+00 2.69900e+03
-5.02016e+00 2.88590e+03
-4.96054e+00 2.61550e+03
-4.90095e+00 2.78520e+03
-4.84137e+00 2.15230e+03
-4.78182e+00 2.00680e+03
-4.72229e+00 2.72960e+03
-4.66279e+00 2.22580e+03
-4.60330e+00 2.25760e+03
-4.54385e+00 1.97640e+03
-4.48441e+00 1.86750e+03
-4.42499e+00 2.29280e+03
-4.36560e+00 2.19150e+03
-4.30623e+00 2.19800e+03
-4.24688e+00 1.77180e+03
-4.18756e+00 2.16800e+03
-4.12826e+00 2.43030e+03
-4.06898e+00 2.22710e+03
-4.00972e+00 2.62600e+03
-3.95049e+00 1.67930e+03
-3.89127e+00 1.88820e+03
-3.83209e+00 2.33730e+03
-3.77292e+00 2.12580e+03
-3.71378e+00 1.76980e+03
-3.65465e+00 2.33930e+03
-3.59556e+00 3.43540e+03
-3.53648e+00 2.87020e+03
-3.47743e+00 2.22190e+03
-3.41839e+00 2.59290e+03
-3.35939e+00 1.74180e+03
-3.30040e+00 1.97870e+03
-3.24144e+00 2.81480e+03
-3.18250e+00 3.01020e+03
-3.12358e+00 2.57070e+03
-3.06469e+00 1.55950e+03
-3.00581e+00 2.20940e+03
-2.94696e+00 2.47250e+03
-2.88814e+00 3.06240e+03
-2.82933e+00 2.19470e+03
-2.77055e+00 3.00820e+03
-2.71179e+00 2.85130e+03
-2.65305e+00 3.57960e+03
-2.59434e+00 3.13200e+03
-2.53565e+00 3.30780e+03
-2.47698e+00 2.45180e+03
-2.41833e+00 2.28780e+03
-2.35971e+00 2.54690e+03
-2.30111e+00 2.38580e+03
-2.24253e+00 1.93210e+03
-2.18397e+00 2.30180e+03
-2.12544e+00 2.29360e+03
-2.06693e+00 2.39160e+03
-2.00844e+00 3.06520e+03
-1.94997e+00 2.46270e+03
-1.89153e+00 2.12040e+03
-1.83311e+00 2.84460e+03
-1.77471e+00 2.01500e+03
-1.71633e+00 2.47230e+03
-1.65798e+00 2.98770e+03
-1.59965e+00 3.08360e+03
-1.54134e+00 2.38090e+03
-1.48306e+00 2.99600e+03
-1.42480e+00 2.68320e+03
-1.36656e+00 2.88820e+03
-1.30834e+00 2.68690e+03
-1.25015e+00 2.48190e+03
-1.19197e+00 2.85540e+03
-1.13383e+00 2.16270e+03
-1.07570e+00 2.27000e+03
-1.01759e+00 2.41870e+03
-9.59513e-01 2.40880e+03
-9.01454e-01 1.96840e+03
-8.43417e-01 3.00430e+03
-7.85404e-01 2.68910e+03
-7.27413e-01 2.55770e+03
-6.69444e-01 2.75590e+03
-6.11498e-01 2.13290e+03
-5.53575e-01 2.54410e+03
-4.95674e-01 2.78200e+03
-4.37796e-01 2.57120e+03
-3.79941e-01 2.97120e+03
-3.22108e-01 3.27990e+03
-2.64297e-01 3.81970e+03
-2.06510e-01 2.99110e+03
-1.48745e-01 3.34670e+03
-9.10020e-02 3.17260e+03
-3.32820e-02 3.96580e+03
2.44150e-02 4.77770e+03
8.20900e-02 3.97180e+03
1.39742e-01 4.01100e+03
1.97371e-01 5.61730e+03
2.54978e-01 5.39490e+03
3.12562e-01 4.74830e+03
3.70124e-01 4.78700e+03
4.27663e-01 5.12080e+03
4.85180e-01 6.83920e+03
5.42674e-01 7.89840e+03
6.00145e-01 8.15790e+03
6.57593e-01 9.59870e+03
7.15020e-01 1.16951e+04
7.72423e-01 1.33917e+04
8.29804e-01 1.41821e+04
8.87162e-01 1.41167e+04
9.44498e-01 1.60933e+04
1.00181e+00 1.98316e+04
1.05910e+00 1.86332e+04
1.11637e+00 1.71678e+04
1.17361e+00 1.93915e+04
1.23084e+00 2.19243e+04
1.28804e+00 2.26919e+04
1.34522e+00 2.27757e+04
1.40237e+00 2.14813e+04
1.45950e+00 2.19190e+04
1.51661e+00 2.25491e+04
1.57370e+00 2.25886e+04
1.63076e+00 2.58519e+04
1.68780e+00 2.57923e+04
1.74482e+00 3.01767e+04
1.80182e+00 3.17412e+04
1.85879e+00 2.92105e+04
1.91575e+00 3.15766e+04
1.97267e+00 3.45146e+04
2.02958e+00 3.71780e+04
2.08647e+00 3.46141e+04
2.14333e+00 3.47694e+04
2.20016e+00 3.21641e+04
2.25698e+00 3.38520e+04
2.31377e+00 3.58522e+04
2.37054e+00 3.71858e+04
2.42729e+00 4.02457e+04
2.48402e+00 3.69375e+04
2.54072e+00 3.95295e+04
2.59740e+00 4.37917e+04
2.65406e+00 4.43595e+04
2.71069e+00 4.69913e+04
2.76731e+00 5.36238e+04
2.82389e+00 5.78459e+04
2.88046e+00 5.72542e+04
2.93701e+00 5.58540e+04
2.99353e+00 5.87082e+04
3.05003e+00 6.28435e+04
3.10651e+00 5.94108e+04
3.16296e+00 6.01216e+04
3.21939e+00 6.79065e+04
3.27580e+00 6.80011e+04
3.33219e+00 7.21104e+04
3.38855e+00 7.82185e+04
3.44489e+00 8.23194e+04
3.50121e+00 8.60025e+04
3.55751e+00 9.26415e+04
3.61378e+00 9.60564e+04
3.67003e+00 1.00382e+05
3.72626e+00 1.02844e+05
3.78246e+00 1.10090e+05
3.83865e+00 1.12604e+05
3.89481e+00 1.14186e+05
3.95095e+00 1.14851e+05
4.00706e+00 1.24142e+05
4.06315e+00 1.30766e+05
4.11922e+00 1.34513e+05
4.17527e+00 1.40001e+05
4.23130e+00 1.42112e+05
4.28730e+00 1.43301e+05
4.34328e+00 1.44025e+05
4.39923e+00 1.46869e+05
4.45517e+00 1.51772e+05
4.51108e+00 1.46952e+05
4.56697e+00 1.44506e+05
4.62284e+00 1.41879e+05
4.67868e+00 1.39652e+05
4.73450e+00 1.38058e+05
4.79030e+00 1.35389e+05
4.84608e+00 1.34357e+05
4.90183e+00 1.28123e+05
4.95756e+00 1.24140e+05
5.01327e+00 1.22937e+05
5.06895e+00 1.13420e+05
5.12462e+00 1.04889e+05
5.18026e+00 1.02231e+05
5.23588e+00 1.06335e+05
5.29147e+00 1.02629e+05
5.34704e+00 9.17536e+04
5.40259e+00 9.11349e+04
5.45812e+00 9.19302e+04
5.51363e+00 8.98939e+04
5.56911e+00 8.30797e+04
5.62457e+00 8.02403e+04
5.68001e+00 7.82229e+04
5.73542e+00 7.60190e+04
5.79081e+00 7.11216e+04
5.84618e+00 7.03321e+04
5.90153e+00 6.91217e+04
5.95685e+00 6.30042e+04
6.01216e+00 6.08887e+04
6.06743e+00 5.74664e+04
6.12269e+00 5.82350e+04
6.17793e+00 5.69746e+04
6.23314e+00 5.42924e+04
6.28832e+00 5.34692e+04
6.34349e+00 4.95793e+04
6.39863e+00 4.54461e+04
6.45375e+00 4.34223e+04
6.50885e+00 4.26685e+04
6.56393e+00 4.42540e+04
6.61898e+00 4.04824e+04
6.67401e+00 3.71232e+04
6.72902e+00 3.62895e+04
6.78400e+00 3.88916e+04
6.83897e+00 3.84936e+04
6.89391e+00 3.64348e+04
6.94882e+00 3.52625e+04
7.00372e+00 3.70591e+04
7.05859e+00 3.29854e+04
7.11344e+00 2.98536e+04
7.16827e+00 3.09561e+04
7.22307e+00 3.23617e+04
7.27785e+00 3.06244e+04
7.33261e+00 3.18723e+04
7.38735e+00 2.93282e+04
7.44206e+00 2.90815e+04
7.49675e+00 3.17574e+04
7.55142e+00 2.94579e+04
7.60607e+00 2.55833e+04
7.66069e+00 2.64279e+04
7.71529e+00 2.66242e+04
7.76987e+00 2.76626e+04
7.82443e+00 2.57225e+04
7.87896e+00 2.76231e+04
7.93347e+00 2.73048e+04
7.98796e+00 2.60402e+04
8.04242e+00 2.55807e+04
8.09687e+00 2.41495e+04
8.15129e+00 2.57470e+04
8.20569e+00 2.43746e+04
8.26006e+00 2.33445e+04
8.31441e+00 2.30169e+04
8.36874e+00 2.05119e+04
8.42305e+00 2.23832e+04
8.47733e+00 2.10024e+04
8.53159e+00 2.03280e+04
8.58583e+00 2.09150e+04
8.64005e+00 2.20329e+04
8.69425e+00 2.23242e+04
8.74842e+00 2.27760e+04
8.80257e+00 2.09871e+04
8.85669e+00 2.07340e+04
8.91080e+00 2.02480e+04
8.96488e+00 2.17960e+04
9.01894e+00 1.78427e+04
9.07297e+00 1.76729e+04
9.12698e+00 1.74870e+04
9.18098e+00 1.66471e+04
9.23494e+00 1.73977e+04
9.28889e+00 1.73723e+04
9.34281e+00 1.81173e+04
9.39671e+00 1.70434e+04
9.45059e+00 1.54971e+04
9.50445e+00 1.41593e+04
9.55828e+00 1.11978e+04
9.61209e+00 1.08952e+04
9.66587e+00 1.14798e+04
9.71964e+00 1.23581e+04
9.77338e+00 1.28446e+04
9.82710e+00 1.20535e+04
9.88080e+00 1.12362e+04
9.93447e+00 1.22615e+04
9.98812e+00 1.28963e+04
1.00418e+01 1.18149e+04
1.00954e+01 1.09005e+04
1.01489e+01 1.11653e+04
1.02025e+01 1.20960e+04
1.02560e+01 1.25130e+04
1.03096e+01 1.07205e+04
1.03631e+01 1.11364e+04
1.04165e+01 1.04306e+04
1.04700e+01 1.07025e+04
1.05234e+01 1.19911e+04
1.05768e+01 1.06904e+04
1.06302e+01 8.79310e+03
1.06835e+01 8.53710e+03
1.07369e+01 9.75220e+03
1.07902e+01 1.06952e+04
1.08435e+01 1.06227e+04
1.08967e+01 9.00550e+03
1.09500e+01 8.13470e+03
1.10032e+01 8.03150e+03
1.10564e+01 8.28820e+03
1.11096e+01 6.93950e+03
1.11627e+01 7.55360e+03
1.12159e+01 7.19950e+03
1.12690e+01 7.54500e+03
1.13221e+01 8.65850e+03
1.13751e+01 9.27980e+03
1.14282e+01 9.49390e+03
1.14812e+01 8.99760e+03
1.15342e+01 7.87980e+03
1.15872e+01 8.16580e+03
1.16401e+01 9.54380e+03
1.16930e+01 8.65400e+03
1.17459e+01 8.77650e+03
1.17988e+01 8.65390e+03
1.18517e+01 7.89870e+03
1.19045e+01 7.01370e+03
1.19573e+01 7.39400e+03
1.20101e+01 8.13430e+03
1.20629e+01 8.09710e+03
1.21157e+01 8.54320e+03
1.21684e+01 8.28620e+03
1.22211e+01 8.62640e+03
1.22738e+01 7.62010e+03
1.23264e+01 7.25750e+03
1.23791e+01 7.45540e+03
1.24317e+01 7.26250e+03
1.24843e+01 6.82880e+03
1.25368e+01 7.21830e+03
1.25894e+01 7.17310e+03
1.26419e+01 6.43370e+03
1.26944e+01 7.12970e+03
1.27469e+01 8.13930e+03
1.27993e+01 9.28460e+03
1.28517e+01 9.12220e+03
1.29042e+01 7.37910e+03
1.29565e+01 6.72760e+03
1.30089e+01 7.44670e+03
1.30612e+01 7.46200e+03
1.31136e+01 7.59550e+03
1.31659e+01 8.83960e+03
1.32181e+01 8.24790e+03
1.32704e+01 8.80390e+03
1.33226e+01 9.05570e+03
1.33748e+01 8.04700e+03
1.34270e+01 7.96430e+03
1.34792e+01 7.46330e+03
1.35313e+01 8.58950e+03
1.35834e+01 8.27960e+03
1.36355e+01 8.98700e+03
1.36876e+01 9.58640e+03
1.37396e+01 9.43880e+03
1.37916e+01 8.16550e+03
1.38436e+01 8.60990e+03
1.38956e+01 7.77330e+03
1.39476e+01 7.64450e+03
1.39995e+01 9.09510e+03
1.40514e+01 9.72520e+03
1.41033e+01 9.81450e+03
1.41552e+01 9.87100e+03
1.42070e+01 1.02295e+04
1.42588e+01 9.91440e+03
1.43106e+01 8.25200e+03
1.43624e+01 9.01750e+03
1.44142e+01 9.58560e+03
1.44659e+01 1.07832e+04
1.45176e+01 9.95950e+03
1.45693e+01 9.97740e+03
1.46210e+01 9.94240e+03
1.46726e+01 1.04700e+04
1.47242e+01 1.18643e+04
1.47758e+01 1.19459e+04
1.48274e+01 1.05203e+04
1.48789e+01 1.00869e+04
1.49305e+01 1.15078e+04
1.49820e+01 1.02549e+04
1.50335e+01 9.31810e+03
1.50849e+01 1.08727e+04
1.51363e+01 1.16638e+04
1.51878e+01 1.14612e+04
1.52392e+01 1.28683e+04
1.52905e+01 1.38109e+04
1.53419e+01 1.44600e+04
1.53932e+01 1.39253e+04
1.54445e+01 1.33287e+04
1.54958e+01 1.29939e+04
1.55470e+01 1.34973e+04
1.55983e+01 1.37790e+04
1.56495e+01 1.44036e+04
1.57007e+01 1.44820e+04
1.57518e+01 1.56460e+04
1.58030e+01 1.47484e+04
1.58541e+01 1.36678e+04
1.59052e+01 1.57797e+04
1.59563e+01 1.54190e+04
1.60073e+01 1.62130e+04
1.60583e+01 1.65446e+04
1.61094e+01 1.78731e+04
1.61603e+01 1.66998e+04
1.62113e+01 1.75701e+04
1.62622e+01 1.69202e+04
1.63132e+01 1.77624e+04
1.63640e+01 1.81806e+04
1.64149e+01 2.06508e+04
1.64658e+01 1.92781e+04
1.65166e+01 1.93650e+04
1.65674e+01 2.14677e+04
1.66182e+01 2.31321e+04
1.66689e+01 2.37626e+04
1.67197e+01 2.12165e+04
1.67704e+01 1.91220e+04
1.68211e+01 2.12148e+04
1.68717e+01 2.15958e+04
1.69224e+01 2.20034e+04
1.69730e+01 2.27629e+04
1.70236e+01 2.41141e+04
1.70742e+01 2.64500e+04
1.71248e+01 2.79582e+04
1.71753e+01 2.89743e+04
1.72258e+01 3.26962e+04
1.72763e+01 3.03150e+04
1.73267e+01 2.95304e+04
1.73772e+01 2.81004e+04
1.74276e+01 2.81213e+04
1.74780e+01 2.86232e+04
1.75284e+01 2.56550e+04
1.75787e+01 3.06578e+04
1.76291e+01 3.39719e+04
1.76794e+01 3.30344e+04
1.77297e+01 3.21219e+04
1.77799e+01 3.44389e+04
1.78302e+01 3.22649e+04
1.78804e+01 3.44938e+04
1.79306e+01 3.21379e+04
1.79807e+01 3.42013e+04
1.80309e+01 3.87425e+04
1.80810e+01 4.07707e+04
1.81311e+01 4.15748e+04
1.81812e+01 4.28818e+04
1.82312e+01 4.56027e+04
1.82813e+01 4.50572e+04
1.83313e+01 4.43851e+04
1.83813e+01 4.94238e+04
1.84313e+01 4.65684e+04
1.84812e+01 4.59575e+04
1.85311e+01 5.23020e+04
1.85810e+01 5.30257e+04
1.86309e+01 4.90216e+04
1.86808e+01 4.88909e+04
1.87306e+01 5.20071e+04
1.87804e+01 5.13023e+04
1.88302e+01 5.44062e+04
1.88799e+01 5.71582e+04
1.89297e+01 5.80844e+04
1.89794e+01 5.46720e+04
1.90291e+01 6.01653e+04
1.90788e+01 6.41966e+04
1.91284e+01 6.41486e+04
1.91781e+01 6.60223e+04
1.92277e+01 6.40744e+04
1.92772e+01 6.48157e+04
1.93268e+01 6.20027e+04
1.93763e+01 6.61229e+04
1.94259e+01 6.87644e+04
1.94754e+01 7.07785e+04
1.95248e+01 7.44313e+04
1.95743e+01 7.63051e+04
1.96237e+01 7.97361e+04
1.96731e+01 8.08954e+04
1.97225e+01 8.57946e+04
1.97718e+01 9.01209e+04
1.98212e+01 9.54588e+04
1.98705e+01 1.00533e+05
1.99198e+01 9.85606e+04
1.99690e+01 1.00567e+05
2.00183e+01 1.04999e+05
2.00675e+01 1.06406e+05
2.01167e+01 1.08086e+05
2.01659e+01 1.16819e+05
2.02150e+01 1.19683e+05
2.02642e+01 1.27731e+05
2.03133e+01 1.31007e+05
2.03624e+01 1.39627e+05
2.04114e+01 1.46223e+05
2.04605e+01 1.47737e+05
2.05095e+01 1.60969e+05
2.05585e+01 1.65563e+05
2.06075e+01 1.68304e+05
2.06564e+01 1.72668e+05
2.07053e+01 1.77375e+05
2.07542e+01 1.82840e+05
2.08031e+01 1.89442e+05
2.08520e+01 1.89409e+05
2.09008e+01 1.85369e+05
2.09496e+01 1.84636e+05
2.09984e+01 1.86105e+05
2.10472e+01 1.75118e+05
2.10959e+01 1.66885e+05
2.11447e+01 1.68154e+05
2.11934e+01 1.68571e+05
2.12421e+01 1.55869e+05
2.12907e+01 1.41770e+05
2.13393e+01 1.34399e+05
2.13880e+01 1.26169e+05
2.14365e+01 1.18674e+05
2.14851e+01 1.11645e+05
2.15337e+01 1.00805e+05
2.15822e+01 9.18560e+04
2.16307e+01 8.47113e+04
2.16792e+01 7.85151e+04
2.17276e+01 7.28885e+04
2.17760e+01 6.68391e+04
2.18244e+01 6.40284e+04
2.18728e+01 5.67789e+04
2.19212e+01 4.99200e+04
2.19695e+01 4.81447e+04
2.20178e+01 4.65673e+04
2.20661e+01 4.36230e+04
2.21144e+01 4.21354e+04
2.21627e+01 4.17201e+04
2.22109e+01 3.94036e+04
2.22591e+01 3.66063e+04
2.23073e+01 3.62942e+04
2.23554e+01 3.74048e+04
2.24036e+01 3.64030e+04
2.24517e+01 3.56582e+04
2.24998e+01 3.76280e+04
2.25479e+01 3.92720e+04
2.25959e+01 3.90735e+04
2.26439e+01 3.82146e+04
2.26919e+01 4.33762e+04
2.27399e+01 4.36265e+04
2.27879e+01 4.56319e+04
2.28358e+01 4.39302e+04
2.28837e+01 4.26904e+04
2.29316e+01 4.61541e+04
2.29795e+01 4.68592e+04
2.30273e+01 4.62727e+04
2.30751e+01 4.50409e+04
2.31229e+01 4.28066e+04
2.31707e+01 4.73916e+04
2.32184e+01 5.03432e+04
2.32662e+01 5.12782e+04
2.33139e+01 5.04074e+04
2.33616e+01 5.19358e+04
2.34092e+01 5.38888e+04
2.34569e+01 5.52756e+04
2.35045e+01 5.39901e+04
2.35521e+01 5.34771e+04
2.35997e+01 4.82021e+04
2.36472e+01 4.96968e+04
2.36947e+01 5.21253e+04
2.37422e+01 5.19555e+04
2.37897e+01 4.88617e+04
2.38372e+01 4.87279e+04
2.38846e+01 5.17734e+04
2.39320e+01 5.31940e+04
2.39794e+01 5.32780e+04
2.40268e+01 5.30215e+04
2.40741e+01 5.37962e+04
2.41215e+01 5.68393e+04
2.41688e+01 5.58147e+04
2.42160e+01 5.22252e+04
2.42633e+01 5.23474e+04
2.43105e+01 5.38942e+04
2.43577e+01 5.22422e+04
2.44049e+01 5.46468e+04
2.44521e+01 5.32120e+04
2.44992e+01 5.97427e+04
2.45464e+01 6.06846e+04
2.45934e+01 5.56351e+04
2.46405e+01 5.38319e+04
2.46876e+01 4.97114e+04
2.47346e+01 4.72439e+04
2.47816e+01 5.09667e+04
2.48286e+01 5.04769e+04
2.48756e+01 4.95135e+04
2.49225e+01 5.35731e+04
2.49694e+01 5.10684e+04
2.50163e+01 4.80038e+04
2.50632e+01 4.67747e+04
2.51100e+01 4.91304e+04
2.51569e+01 5.07714e+04
2.52037e+01 5.05755e+04
2.52504e+01 5.26660e+04
2.52972e+01 4.94291e+04
2.53439e+01 4.80656e+04
2.53906e+01 5.19563e+04
2.54373e+01 4.80684e+04
2.54840e+01 4.47284e+04
2.55306e+01 4.40352e+04
2.55773e+01 4.26602e+04
2.56239e+01 4.33181e+04
2.56704e+01 4.26856e+04
2.57170e+01 4.45217e+04
2.57635e+01 4.17905e+04
2.58100e+01 4.35668e+04
2.58565e+01 4.03204e+04
2.59030e+01 4.14222e+04
2.59494e+01 4.40429e+04
2.59959e+01 4.25208e+04
2.60423e+01 3.80795e+04
2.60886e+01 3.70043e+04
2.61350e+01 3.57534e+04
2.61813e+01 3.43228e+04
2.62276e+01 3.30549e+04
2.62739e+01 3.59150e+04
2.63202e+01 3.37747e+04
2.63664e+01 3.52873e+04
2.64126e+01 3.49490e+04
2.64588e+01 3.28299e+04
2.65050e+01 3.34817e+04
2.65511e+01 3.26389e+04
2.65973e+01 3.14039e+04
2.66434e+01 3.17179e+04
2.66894e+01 2.67593e+04
2.67355e+01 2.55401e+04
2.67815e+01 2.75603e+04
2.68275e+01 2.65893e+04
2.68735e+01 2.69874e+04
2.69195e+01 2.64601e+04
2.69654e+01 2.53388e+04
2.70114e+01 2.43085e+04
2.70573e+01 2.20414e+04
2.71031e+01 2.08941e+04
2.71490e+01 1.95592e+04
2.71948e+01 2.06945e+04
2.72406e+01 2.21856e+04
2.72864e+01 1.95595e+04
2.73322e+01 1.80533e+04
2.73779e+01 1.86337e+04
2.74236e+01 1.72647e+04
2.74693e+01 1.52475e+04
2.75150e+01 1.60249e+04
2.75607e+01 1.65398e+04
2.76063e+01 1.73179e+04
2.76519e+01 1.56736e+04
2.76975e+01 1.52595e+04
2.77430e+01 1.36267e+04
2.77886e+01 1.43942e+04
2.78341e+01 1.43342e+04
2.78796e+01 1.38446e+04
2.79251e+01 1.48322e+04
2.79705e+01 1.56574e+04
2.80159e+01 1.46861e+04
2.80613e+01 1.54153e+04
2.81067e+01 1.43320e+04
2.81521e+01 1.40470e+04
2.81974e+01 1.57777e+04
2.82427e+01 1.72854e+04
2.82880e+01 1.63008e+04
2.83333e+01 1.65411e+04
2.83785e+01 1.54760e+04
2.84237e+01 1.30527e+04
2.84689e+01 1.26180e+04
2.85141e+01 1.23158e+04
2.85593e+01 1.16756e+04
2.86044e+01 1.18938e+04
2.86495e+01 1.07099e+04
2.86946e+01 9.32250e+03
2.87397e+01 9.81090e+03
2.87847e+01 9.78270e+03
2.88297e+01 1.07260e+04
2.88747e+01 1.20433e+04
2.89197e+01 1.11902e+04
2.89646e+01 1.01028e+04
2.90096e+01 1.02864e+04
2.90545e+01 1.09990e+04
2.90993e+01 1.04537e+04
2.91442e+01 1.04688e+04
2.91890e+01 1.01997e+04
2.92339e+01 9.56060e+03
2.92786e+01 8.57530e+03
2.93234e+01 1.00121e+04
2.93682e+01 1.12336e+04
2.94129e+01 9.37550e+03
2.94576e+01 9.39090e+03
2.95023e+01 9.43850e+03
2.95469e+01 1.04997e+04
2.95916e+01 9.02290e+03
2.96362e+01 8.29100e+03
2.96808e+01 7.67310e+03
2.97253e+01 8.65020e+03
2.97699e+01 7.69010e+03
2.98144e+01 8.19630e+03
2.98589e+01 7.88760e+03
2.99034e+01 8.03130e+03
2.99478e+01 7.24440e+03
2.99922e+01 6.21070e+03
3.00367e+01 6.17960e+03
3.00810e+01 8.02950e+03
3.01254e+01 8.17880e+03
3.01697e+01 7.74920e+03
3.02141e+01 6.68790e+03
3.02584e+01 6.99120e+03
3.03026e+01 6.77140e+03
3.03469e+01 6.99260e+03
3.03911e+01 7.40210e+03
3.04353e+01 7.22990e+03
3.04795e+01 6.46400e+03
3.05236e+01 6.23820e+03
3.05678e+01 5.68430e+03
3.06119e+01 5.68230e+03
3.06560e+01 6.08350e+03
3.07001e+01 6.30290e+03
3.07441e+01 6.23020e+03
3.07881e+01 5.85490e+03
3.08321e+01 6.42240e+03
3.08761e+01 6.88230e+03
3.09201e+01 6.78090e+03
3.09640e+01 7.61890e+03
3.10079e+01 7.74650e+03
3.10518e+01 7.11660e+03
3.10957e+01 6.62940e+03
3.11395e+01 6.76220e+03
3.11833e+01 7.14140e+03
3.12271e+01 7.11690e+03
3.12709e+01 6.84720e+03
3.13146e+01 6.70750e+03
3.13584e+01 5.47140e+03
3.14021e+01 5.29810e+03
3.14458e+01 5.86820e+03
3.14894e+01 6.25670e+03
3.15331e+01 6.01960e+03
3.15767e+01 5.49350e+03
3.16203e+01 4.92760e+03
3.16639e+01 4.95500e+03
3.17074e+01 6.64270e+03
3.17509e+01 5.96280e+03
3.17944e+01 5.97290e+03
3.18379e+01 5.66530e+03
3.18814e+01 5.66930e+03
3.19248e+01 6.28550e+03
3.19682e+01 5.25070e+03
3.20116e+01 6.04020e+03
3.20550e+01 5.68580e+03
3.20983e+01 6.91400e+03
3.21416e+01 6.81370e+03
3.21849e+01 6.45520e+03
3.22282e+01 6.83030e+03
3.22715e+01 6.22130e+03
3.23147e+01 6.49960e+03
3.23579e+01 7.39330e+03
3.24011e+01 6.00020e+03
3.24443e+01 5.51200e+03
3.24874e+01 5.67940e+03
3.25305e+01 4.83210e+03
3.25736e+01 4.72510e+03
3.26167e+01 5.49620e+03
3.26598e+01 6.36300e+03
3.27028e+01 5.27350e+03
3.27458e+01 4.60140e+03
3.27888e+01 4.67700e+03
3.28317e+01 4.85350e+03
3.28747e+01 4.58820e+03
3.29176e+01 3.98940e+03
3.29605e+01 5.75910e+03
3.30034e+01 6.31470e+03
3.30462e+01 6.46590e+03
3.30890e+01 5.98860e+03
3.31318e+01 5.91030e+03
3.31746e+01 5.09050e+03
3.32174e+01 5.90380e+03
3.32601e+01 4.75350e+03
3.33028e+01 4.85840e+03
3.33455e+01 4.74590e+03
3.33882e+01 5.14470e+03
3.34308e+01 5.31050e+03
3.34734e+01 5.99360e+03
3.35160e+01 5.99040e+03
3.35586e+01 5.24340e+03
3.36012e+01 5.13310e+03
3.36437e+01 5.27380e+03
3.36862e+01 5.13740e+03
3.37287e+01 5.59420e+03
3.37712e+01 5.53340e+03
3.38136e+01 5.12650e+03
3.38560e+01 5.18910e+03
3.38984e+01 5.59560e+03
3.39408e+01 4.60550e+03
3.39832e+01 4.35010e+03
3.40255e+01 4.84600e+03
3.40678e+01 4.59740e+03
3.41101e+01 4.94650e+03
3.41523e+01 4.86380e+03
3.41946e+01 5.65080e+03
3.42368e+01 4.55230e+03
3.42790e+01 5.07170e+03
3.43211e+01 5.34160e+03
3.43633e+01 5.66430e+03
3.44054e+01 5.82130e+03
3.44475e+01 5.54980e+03
3.44896e+01 4.42950e+03
3.45317e+01 5.27990e+03
3.45737e+01 4.88000e+03
3.46157e+01 4.97340e+03
3.46577e+01 4.59320e+03
3.46997e+01 5.33140e+03
3.47416e+01 5.23710e+03
3.47835e+01 6.45290e+03
3.48254e+01 5.76720e+03
3.48673e+01 5.31350e+03
3.49092e+01 4.94750e+03
3.49510e+01 5.06480e+03
3.49928e+01 5.66700e+03
3.50346e+01 5.69530e+03
3.50763e+01 4.87380e+03
3.51181e+01 4.68540e+03
3.51598e+01 5.36510e+03
3.52015e+01 4.67570e+03
3.52432e+01 5.03610e+03
3.52848e+01 4.40260e+03
3.53265e+01 3.66480e+03
3.53681e+01 4.21710e+03
3.54096e+01 3.65430e+03
3.54512e+01 4.14700e+03
3.54927e+01 4.40940e+03
3.55343e+01 4.36420e+03
3.55757e+01 4.80490e+03
3.56172e+01 3.93160e+03
3.56587e+01 6.58840e+03
3.57001e+01 5.77580e+03
3.57415e+01 5.68590e+03
3.57829e+01 5.28700e+03
3.58242e+01 5.70790e+03
3.58656e+01 5.06610e+03
3.59069e+01 5.47870e+03
3.59482e+01 5.18800e+03
3.59894e+01 4.21440e+03
3.60307e+01 3.65380e+03
3.60719e+01 4.70060e+03
3.61131e+01 4.31410e+03
3.61543e+01 4.58870e+03
3.61954e+01 4.47710e+03
3.62365e+01 4.88590e+03
3.62777e+01 4.55940e+03
3.63187e+01 4.77080e+03
3.63598e+01 4.47310e+03
3.64008e+01 4.04250e+03
3.64419e+01 4.02580e+03
3.64829e+01 3.99930e+03
3.65238e+01 4.20800e+03
3.65648e+01 4.84340e+03
3.66057e+01 4.45620e+03
3.66466e+01 4.31970e+03
3.66875e+01 4.20560e+03
3.67283e+01 4.11570e+03
3.67692e+01 4.82160e+03
3.68100e+01 4.91430e+03
3.68508e+01 4.64340e+03
3.68916e+01 5.24020e+03
3.69323e+01 3.90770e+03
3.69730e+01 3.86640e+03
3.70137e+01 4.86450e+03
3.70544e+01 4.25660e+03
3.70951e+01 4.35520e+03
3.71357e+01 5.07460e+03
3.71763e+01 5.57090e+03
3.72169e+01 4.96220e+03
3.72575e+01 6.03710e+03
3.72980e+01 4.80160e+03
3.73385e+01 4.55570e+03
3.73790e+01 5.08150e+03
3.74195e+01 5.70100e+03
3.74600e+01 5.45760e+03
3.75004e+01 4.57390e+03
3.75408e+01 3.86980e+03
3.75812e+01 4.90460e+03
3.76215e+01 4.96360e+03
3.76619e+01 6.17970e+03
3.77022e+01 6.84280e+03
3.77425e+01 5.54080e+03
3.77828e+01 5.60000e+03
3.78230e+01 5.73430e+03
3.78632e+01 5.71740e+03
3.79034e+01 5.89190e+03
3.79436e+01 6.16370e+03
3.79838e+01 7.22110e+03
3.80239e+01 6.97960e+03
3.80640e+01 6.36780e+03
3.81041e+01 6.06620e+03
3.81442e+01 6.53130e+03
3.81842e+01 7.15960e+03
3.82243e+01 6.43430e+03
3.82643e+01 7.06240e+03
3.83042e+01 7.01460e+03
3.83442e+01 5.77580e+03
3.83841e+01 6.01240e+03
3.84240e+01 6.03990e+03
3.84639e+01 4.38060e+03
3.85038e+01 4.94430e+03
3.85436e+01 6.45610e+03
3.85834e+01 6.84100e+03
3.86232e+01 5.62160e+03
3.86630e+01 4.91540e+03
3.87028e+01 5.68160e+03
3.87425e+01 5.58010e+03
3.87822e+01 5.65560e+03
3.88219e+01 5.66070e+03
3.88616e+01 6.01530e+03
3.89012e+01 6.42760e+03
3.89408e+01 6.02490e+03
3.89804e+01 5.99240e+03
3.90200e+01 5.72330e+03
3.90595e+01 5.02910e+03
3.90990e+01 5.69100e+03
3.91386e+01 6.24650e+03
3.91780e+01 6.08130e+03
3.92175e+01 5.92100e+03
3.92569e+01 5.73990e+03
3.92963e+01 4.86150e+03
3.93357e+01 5.98550e+03
3.93751e+01 6.37310e+03
3.94144e+01 6.18790e+03
3.94538e+01 5.30090e+03
3.94931e+01 5.49770e+03
3.95323e+01 5.60220e+03
3.95716e+01 5.34670e+03
3.96108e+01 6.42830e+03
3.96500e+01 5.86110e+03
3.96892e+01 6.42620e+03
3.97284e+01 6.57540e+03
3.97675e+01 6.10970e+03
3.98066e+01 5.62280e+03
3.98457e+01 6.35560e+03
3.98848e+01 5.64260e+03
3.99239e+01 5.60190e+03
3.99629e+01 5.72990e+03
4.00019e+01 4.90250e+03
4.00409e+01 4.49860e+03
4.00799e+01 5.55890e+03
4.01188e+01 6.04880e+03
4.01577e+01 7.03700e+03
4.01966e+01 6.87860e+03
4.02355e+01 5.73040e+03
4.02743e+01 5.60780e+03
4.03131e+01 6.25190e+03
4.03519e+01 6.79940e+03
4.03907e+01 6.59270e+03
4.04295e+01 5.75530e+03
4.04682e+01 6.79970e+03
4.05069e+01 6.71770e+03
4.05456e+01 6.03380e+03
4.05843e+01 5.96010e+03
4.06229e+01 6.09900e+03
4.06616e+01 6.25710e+03
4.07002e+01 6.05890e+03
4.07387e+01 6.04770e+03
4.07773e+01 6.17330e+03
4.08158e+01 5.84530e+03
4.08543e+01 6.91900e+03
4.08928e+01 6.50650e+03
4.09313e+01 5.36690e+03
4.09697e+01 5.09890e+03
4.10081e+01 5.09200e+03
4.10465e+01 4.82800e+03
4.10849e+01 5.65710e+03
4.11233e+01 6.79840e+03
4.11616e+01 6.81140e+03
4.11999e+01 6.24150e+03
4.12382e+01 6.18460e+03
4.12764e+01 7.25240e+03
4.13147e+01 7.22870e+03
4.13529e+01 6.08260e+03
4.13911e+01 5.51830e+03
4.14292e+01 6.24670e+03
4.14674e+01 7.06370e+03
4.15055e+01 6.54420e+03
4.15436e+01 6.34780e+03
4.15817e+01 5.94620e+03
4.16198e+01 6.08180e+03
4.16578e+01 5.85260e+03
4.16958e+01 5.53180e+03
4.17338e+01 6.67510e+03
4.17718e+01 7.07050e+03
4.18097e+01 7.22240e+03
4.18476e+01 8.55120e+03
4.18855e+01 7.15790e+03
4.19234e+01 6.79790e+03
4.19612e+01 6.83650e+03
4.19991e+01 6.36090e+03
4.20369e+01 4.29060e+03
4.20747e+01 4.55700e+03
4.21124e+01 4.71400e+03
4.21502e+01 6.65740e+03
4.21879e+01 5.53990e+03
4.22256e+01 4.57010e+03
4.22633e+01 4.12920e+03
4.23009e+01 4.81480e+03
4.23385e+01 5.74340e+03
4.23761e+01 5.51760e+03
4.24137e+01 4.56440e+03
4.24513e+01 5.79400e+03
4.24888e+01 6.10870e+03
4.25263e+01 6.36570e+03
4.25638e+01 7.35030e+03
4.26013e+01 5.46520e+03
4.26387e+01 5.72730e+03
4.26762e+01 4.89780e+03
4.27136e+01 4.21730e+03
4.27509e+01 3.24460e+03
4.27883e+01 4.68400e+03
4.28256e+01 5.20890e+03
4.28629e+01 5.58080e+03
4.29002e+01 4.86730e+03
4.29375e+01 4.02430e+03
4.29747e+01 4.61350e+03
4.30120e+01 5.56220e+03
4.30492e+01 5.14950e+03
4.30863e+01 5.56900e+03
4.31235e+01 5.60590e+03
4.31606e+01 5.61490e+03
4.31977e+01 5.69600e+03
4.32348e+01 7.56950e+03
4.32719e+01 6.45360e+03
4.33089e+01 6.17900e+03
4.33459e+01 4.59360e+03
4.33829e+01 4.34030e+03
4.34199e+01 5.61410e+03
4.34569e+01 6.17100e+03
4.34938e+01 5.99300e+03
4.35307e+01 6.37280e+03
4.35676e+01 4.83430e+03
4.36044e+01 5.35440e+03
4.36413e+01 3.92700e+03
4.36781e+01 4.11470e+03
4.37149e+01 5.76230e+03
4.37516e+01 5.76230e+03
4.37884e+01 4.94880e+03
4.38251e+01 5.82230e+03
4.38618e+01 6.45130e+03
4.38985e+01 6.37300e+03
4.39351e+01 6.70090e+03
4.39718e+01 5.43100e+03
4.40084e+01 4.79400e+03
4.40450e+01 4.95570e+03
4.40815e+01 5.72280e+03
4.41181e+01 5.53850e+03
4.41546e+01 5.59630e+03
4.41911e+01 6.88260e+03
4.42276e+01 7.92100e+03
4.42640e+01 6.07110e+03
4.43004e+01 6.05710e+03
4.43369e+01 5.47410e+03
4.43732e+01 5.55760e+03
4.44096e+01 6.17980e+03
4.44459e+01 7.67600e+03
4.44823e+01 7.10800e+03
4.45185e+01 5.79490e+03
4.45548e+01 5.85040e+03
4.45911e+01 6.45600e+03
4.46273e+01 5.83280e+03
4.46635e+01 5.53330e+03
4.46997e+01 5.58400e+03
4.47358e+01 5.72810e+03
4.47720e+01 5.50450e+03
4.48081e+01 7.71310e+03
4.48442e+01 8.76650e+03
4.48802e+01 7.01410e+03
4.49163e+01 5.84860e+03
4.49523e+01 5.41260e+03
4.49883e+01 6.98030e+03
4.50243e+01 6.32800e+03
4.50602e+01 6.07470e+03
4.50962e+01 5.39390e+03
4.51321e+01 5.09320e+03
4.51680e+01 8.86340e+03
4.52038e+01 7.89270e+03
4.52397e+01 5.81640e+03
4.52755e+01 5.99080e+03
4.53113e+01 6.94000e+03
4.53471e+01 7.76460e+03
4.53828e+01 6.21320e+03
4.54186e+01 6.20930e+03
4.54543e+01 6.08240e+03
4.54899e+01 5.52040e+03
4.55256e+01 5.20870e+03
4.55612e+01 5.65220e+03
4.55969e+01 6.57950e+03
4.56325e+01 6.41290e+03
4.56680e+01 6.58030e+03
4.57036e+01 7.39390e+03
4.57391e+01 6.81780e+03
4.57746e+01 6.19700e+03
4.58101e+01 7.40750e+03
4.58455e+01 7.61260e+03
4.58810e+01 5.56380e+03
4.59164e+01 7.22550e+03
4.59518e+01 6.35110e+03
4.59871e+01 5.95640e+03
4.60225e+01 5.09780e+03
4.60578e+01 5.63440e+03
4.60931e+01 5.95490e+03
4.61284e+01 5.47750e+03
4.61636e+01 5.10900e+03
4.61989e+01 4.70340e+03
4.62341e+01 4.54370e+03
4.62693e+01 4.97030e+03
4.63044e+01 4.95560e+03
4.63396e+01 4.35800e+03
4.63747e+01 5.09550e+03
4.64098e+01 4.59820e+03
4.64449e+01 5.08730e+03
4.64799e+01 5.89200e+03
4.65149e+01 6.02460e+03
4.65499e+01 4.13660e+03
4.65849e+01 4.58450e+03
4.66199e+01 4.87200e+03
4.66548e+01 5.05300e+03
4.66897e+01 4.12040e+03
4.67246e+01 4.24930e+03
4.67595e+01 4.85300e+03
4.67944e+01 4.92020e+03
4.68292e+01 4.55180e+03
4.68640e+01 4.01410e+03
4.68988e+01 3.47520e+03
4.69335e+01 3.79490e+03
4.69682e+01 4.77380e+03
4.70030e+01 3.97760e+03
4.70376e+01 3.01440e+03
4.70723e+01 3.36310e+03
4.71070e+01 4.64430e+03
4.71416e+01 4.34010e+03
4.71762e+01 3.73510e+03
4.72108e+01 3.96410e+03
4.72453e+01 3.53790e+03
4.72798e+01 3.51730e+03
4.73143e+01 2.86370e+03
4.73488e+01 4.20540e+03
4.73833e+01 5.74570e+03
4.74177e+01 4.24920e+03
4.74522e+01 3.75790e+03
4.74866e+01 4.17090e+03
4.75209e+01 4.38050e+03
4.75553e+01 3.56600e+03
4.75896e+01 2.67600e+03
4.76239e+01 2.91290e+03
4.76582e+01 3.72530e+03
4.76925e+01 3.81730e+03
4.77267e+01 3.66520e+03
4.77609e+01 3.73130e+03
4.77951e+01 3.85740e+03
4.78293e+01 3.47240e+03
4.78634e+01 3.55180e+03
4.78975e+01 3.55910e+03
4.79316e+01 3.91290e+03
4.79657e+01 3.23550e+03
4.79998e+01 3.35080e+03
4.80338e+01 3.00690e+03
4.80678e+01 3.52240e+03
4.81018e+01 3.87970e+03
4.81358e+01 3.92520e+03
4.81697e+01 3.77100e+03
4.82036e+01 3.52070e+03
4.82375e+01 2.98540e+03
4.82714e+01 3.39260e+03
4.83053e+01 3.06900e+03
4.83391e+01 3.54320e+03
4.83729e+01 3.36630e+03
4.84067e+01 3.81340e+03
4.84404e+01 3.56620e+03
4.84742e+01 3.58070e+03
4.85079e+01 2.84810e+03
4.85416e+01 3.20500e+03
4.85753e+01 3.90240e+03
4.86089e+01 2.94150e+03
4.86425e+01 2.82270e+03
4.86762e+01 3.67520e+03
4.87097e+01 2.76710e+03
4.87433e+01 2.89030e+03
4.87768e+01 2.17750e+03
4.88103e+01 2.59870e+03
4.88438e+01 2.54520e+03
4.88773e+01 2.87180e+03
4.89108e+01 3.05710e+03
4.89442e+01 2.77940e+03
4.89776e+01 3.17060e+03
4.90110e+01 3.06080e+03
4.90443e+01 3.28730e+03
4.90776e+01 3.72810e+03
4.91110e+01 4.26620e+03
4.91442e+01 3.45980e+03
4.91775e+01 3.22210e+03
4.92107e+01 2.92430e+03
4.92440e+01 4.05590e+03
4.92772e+01 4.34400e+03
4.93103e+01 3.81260e+03
4.93435e+01 3.58150e+03
4.93766e+01 3.05020e+03
4.94097e+01 3.74990e+03
4.94428e+01 3.34730e+03
4.94759e+01 3.72580e+03
4.95089e+01 3.69830e+03
4.95419e+01 3.71320e+03
4.95749e+01 4.41570e+03
4.96079e+01 3.40980e+03
4.96408e+01 3.20670e+03
4.96738e+01 3.32860e+03
4.97067e+01 3.89290e+03
4.97396e+01 3.35180e+03
4.97724e+01 3.43460e+03
4.98053e+01 2.98480e+03
4.98381e+01 3.30210e+03
4.98709e+01 3.80280e+03
4.99036e+01 4.87050e+03
4.99364e+01 3.85720e+03
4.99691e+01 3.01970e+03
5.00018e+01 2.75590e+03
5.00345e+01 3.69740e+03
5.00671e+01 4.11330e+03
5.00998e+01 3.73770e+03
5.01324e+01 4.10640e+03
5.01650e+01 4.27340e+03
5.01975e+01 3.24580e+03
5.02301e+01 2.86990e+03
5.02626e+01 4.07140e+03
5.02951e+01 3.74460e+03
5.03276e+01 2.66080e+03
5.03600e+01 3.61640e+03
5.03924e+01 2.35600e+03
5.04248e+01 2.63450e+03
5.04572e+01 2.78630e+03
5.04896e+01 2.60570e+03
5.05219e+01 2.54650e+03
5.05542e+01 3.47420e+03
5.05865e+01 2.45660e+03
5.06188e+01 2.45080e+03
5.06511e+01 3.10940e+03
5.06833e+01 3.07360e+03
5.07155e+01 2.31610e+03
5.07477e+01 2.37340e+03
5.07798e+01 2.55490e+03
5.08120e+01 3.27240e+03
5.08441e+01 3.69180e+03
5.08762e+01 3.82590e+03
5.09082e+01 4.18650e+03
5.09403e+01 4.74150e+03
5.09723e+01 3.96830e+03
5.10043e+01 3.18470e+03
5.10363e+01 3.78400e+03
5.10682e+01 3.71590e+03
5.11002e+01 4.37590e+03
5.11321e+01 4.42580e+03
5.11640e+01 3.99060e+03
5.11958e+01 4.43230e+03
5.12277e+01 3.85740e+03
5.12595e+01 3.15850e+03
5.12913e+01 2.64420e+03
5.13231e+01 2.93580e+03
5.13548e+01 3.72090e+03
5.13865e+01 3.54840e+03
5.14182e+01 3.88340e+03
5.14499e+01 3.58200e+03
5.14816e+01 3.70060e+03
5.15132e+01 3.44710e+03
5.15448e+01 4.43460e+03
5.15764e+01 3.52020e+03
5.16080e+01 3.69180e+03
5.16395e+01 3.12870e+03
5.16711e+01 2.98070e+03
5.17026e+01 2.88610e+03
5.17341e+01 3.68660e+03
5.17655e+01 3.32770e+03
5.17969e+01 3.38600e+03
5.18284e+01 3.08680e+03
5.18597e+01 3.71400e+03
5.18911e+01 3.01450e+03
5.19225e+01 1.70260e+03
5.19538e+01 1.99200e+03
5.19851e+01 2.48470e+03
5.20164e+01 2.92170e+03
5.20476e+01 2.32310e+03
5.20788e+01 1.79440e+03
5.21100e+01 2.53870e+03
5.21412e+01 2.23120e+03
5.21724e+01 2.49000e+03
5.22035e+01 2.21110e+03
5.22347e+01 2.18010e+03
5.22658e+01 2.91200e+03
5.22968e+01 3.58610e+03
5.23279e+01 2.40700e+03
5.23589e+01 2.83140e+03
5.23899e+01 3.10510e+03
5.24209e+01 2.33560e+03
5.24519e+01 2.59850e+03
5.24828e+01 3.04930e+03
5.25137e+01 3.08200e+03
5.25446e+01 2.94890e+03
5.25755e+01 2.51160e+03
5.26063e+01 2.17860e+03
5.26371e+01 3.12530e+03
5.26679e+01 2.19410e+03
5.26987e+01 2.27210e+03
5.27295e+01 2.84150e+03
5.27602e+01 1.74430e+03
5.27909e+01 2.62650e+03
5.28216e+01 2.78770e+03
5.28523e+01 2.58100e+03
5.28829e+01 1.93050e+03
5.29135e+01 1.95020e+03
5.29441e+01 2.61030e+03
5.29747e+01 2.15900e+03
5.30053e+01 2.51230e+03
5.30358e+01 2.94520e+03
5.30663e+01 3.53200e+03
5.30968e+01 3.28570e+03
5.31273e+01 2.11070e+03
5.31577e+01 1.76770e+03
5.31881e+01 2.73150e+03
5.32185e+01 2.82130e+03
5.32489e+01 3.07650e+03
5.32792e+01 2.24980e+03
5.33096e+01 2.50560e+03
5.33399e+01 2.16050e+03
5.33701e+01 1.62570e+03
5.34004e+01 2.65680e+03
5.34306e+01 2.13100e+03
5.34609e+01 2.11650e+03
5.34910e+01 2.71560e+03
5.35212e+01 2.45200e+03
5.35514e+01 2.86320e+03
5.35815e+01 2.64100e+03
5.36116e+01 2.97310e+03
5.36417e+01 2.81310e+03
5.36717e+01 2.88300e+03
5.37018e+01 3.37930e+03
5.37318e+01 3.30700e+03
5.37618e+01 2.72850e+03
5.37917e+01 2.30990e+03
5.38217e+01 1.96110e+03
5.38516e+01 2.73810e+03
5.38815e+01 1.94160e+03
5.39114e+01 2.39080e+03
5.39412e+01 2.97680e+03
5.39710e+01 3.08350e+03
5.40008e+01 3.66970e+03
5.40306e+01 2.75920e+03
5.40604e+01 2.88930e+03
5.40901e+01 2.28640e+03
5.41198e+01 4.13360e+03
5.41495e+01 3.05410e+03
5.41792e+01 3.73630e+03
5.42089e+01 3.01710e+03
5.42385e+01 2.90350e+03
5.42681e+01 3.48930e+03
5.42977e+01 3.61600e+03
5.43272e+01 3.28570e+03
5.43568e+01 3.32330e+03
5.43863e+01 3.04980e+03
5.44158e+01 2.95170e+03
5.44452e+01 2.55870e+03
5.44747e+01 2.96270e+03
5.45041e+01 2.86070e+03
5.45335e+01 3.26890e+03
5.45629e+01 3.78370e+03
5.45922e+01 3.55880e+03
5.46216e+01 3.26390e+03
5.46509e+01 3.87660e+03
5.46802e+01 3.46810e+03
5.47094e+01 2.57900e+03
5.47387e+01 2.51260e+03
5.47679e+01 3.39090e+03
5.47971e+01 3.49280e+03
5.48263e+01 3.41440e+03
5.48554e+01 3.26220e+03
5.48846e+01 3.31010e+03
5.49137e+01 2.68310e+03
5.49427e+01 2.63040e+03
5.49718e+01 2.34090e+03
5.50008e+01 1.90870e+03
5.50299e+01 2.24070e+03
5.50589e+01 2.84240e+03
5.50878e+01 3.30980e+03
5.51168e+01 2.74710e+03
5.51457e+01 2.37860e+03
5.51746e+01 1.93480e+03
5.52035e+01 2.06350e+03
5.52323e+01 2.96100e+03
5.52612e+01 2.31580e+03
5.52900e+01 2.38420e+03
5.53188e+01 1.83920e+03
5.53475e+01 2.76320e+03
5.53763e+01 2.71890e+03
5.54050e+01 2.82800e+03
5.54337e+01 2.30530e+03
5.54624e+01 2.58430e+03
5.54910e+01 2.39250e+03
5.55197e+01 1.79900e+03
5.55483e+01 2.07320e+03
5.55769e+01 1.64270e+03
5.56054e+01 3.00370e+03
5.56340e+01 2.78020e+03
5.56625e+01 1.64080e+03
5.56910e+01 1.96570e+03
5.57195e+01 2.09110e+03
5.57479e+01 2.12460e+03
5.57764e+01 2.28120e+03
5.58048e+01 1.70120e+03
5.58331e+01 1.88370e+03
5.58615e+01 1.55850e+03
5.58898e+01 1.60380e+03
5.59182e+01 1.52730e+03
5.59465e+01 1.35970e+03
5.59747e+01 1.99410e+03
5.60030e+01 1.71190e+03
5.60312e+01 1.24190e+03
5.60594e+01 2.65120e+03
5.60876e+01 1.72890e+03
5.61157e+01 2.89490e+03
5.61439e+01 2.73990e+03
5.61720e+01 2.30050e+03
5.62001e+01 1.93970e+03
5.62281e+01 2.46800e+03
5.62562e+01 3.13820e+03
5.62842e+01 1.91580e+03
5.63122e+01 1.77730e+03
5.63402e+01 2.53530e+03
5.63681e+01 2.39590e+03
5.63961e+01 2.85540e+03
5.64240e+01 2.56200e+03
5.64519e+01 2.91120e+03
5.64797e+01 2.42680e+03
5.65076e+01 2.20920e+03
5.65354e+01 2.69490e+03
5.65632e+01 2.41240e+03
5.65910e+01 2.20790e+03
5.66187e+01 2.33710e+03
5.66464e+01 1.99890e+03
5.66741e+01 1.65020e+03
5.67018e+01 1.78270e+03
5.67295e+01 1.70970e+03
5.67571e+01 1.60660e+03
5.67847e+01 2.17030e+03
5.68123e+01 1.18930e+03
5.68399e+01 1.11430e+03
5.68674e+01 1.97840e+03
5.68950e+01 2.44510e+03
5.69225e+01 2.01770e+03
5.69499e+01 2.05650e+03
5.69774e+01 2.46560e+03
5.70048e+01 2.43720e+03
5.70323e+01 2.49910e+03
5.70596e+01 1.21300e+03
5.70870e+01 2.59970e+03
5.71144e+01 2.68140e+03
5.71417e+01 2.66840e+03
5.71690e+01 2.34440e+03
5.71962e+01 3.29740e+03
5.72235e+01 3.70220e+03
5.72507e+01 3.12300e+03
5.72779e+01 2.19280e+03
5.73051e+01 2.55420e+03
5.73323e+01 2.37850e+03
5.73594e+01 1.74010e+03
5.73865e+01 1.61150e+03
5.74136e+01 2.74610e+03
5.74407e+01 2.84920e+03
5.74678e+01 2.71330e+03
5.74948e+01 2.36340e+03
5.75218e+01 1.60070e+03
5.75488e+01 2.00680e+03
5.75757e+01 2.38720e+03
5.76027e+01 2.22240e+03
5.76296e+01 2.66700e+03
5.76565e+01 2.44850e+03
5.76834e+01 2.58200e+03
5.77102e+01 3.57500e+03
5.77370e+01 3.60070e+03
5.77638e+01 3.13420e+03
5.77906e+01 3.04850e+03
5.78174e+01 3.78800e+03
5.78441e+01 3.11400e+03
5.78708e+01 3.65550e+03
5.78975e+01 2.98540e+03
5.79242e+01 3.38830e+03
5.79508e+01 4.22650e+03
5.79774e+01 3.28320e+03
5.80040e+01 3.31910e+03
5.80306e+01 4.03570e+03
5.80571e+01 4.22160e+03
5.80837e+01 5.02240e+03
5.81102e+01 4.54070e+03
5.81367e+01 4.07240e+03
5.81631e+01 3.58710e+03
5.81896e+01 4.08870e+03
5.82160e+01 3.96060e+03
5.82424e+01 3.63310e+03
5.82688e+01 3.49720e+03
5.82951e+01 3.99330e+03
5.83214e+01 3.87700e+03
5.83477e+01 4.09290e+03
5.83740e+01 4.10120e+03
5.84003e+01 4.39480e+03
5.84265e+01 2.78380e+03
5.84527e+01 2.32670e+03
5.84789e+01 3.29700e+03
5.85051e+01 4.20530e+03
5.85312e+01 4.24810e+03
5.85574e+01 3.15350e+03
5.85835e+01 2.99900e+03
5.86095e+01 3.08750e+03
5.86356e+01 2.16680e+03
5.86616e+01 2.38980e+03
5.86876e+01 2.15780e+03
5.87136e+01 2.11540e+03
5.87396e+01 1.09920e+03
5.87655e+01 4.18600e+02
5.87914e+01 2.40300e+02
5.88173e+01 -2.70000e+01
