# La4Ni3O10 Ni L3 edge RIXS
# Room temperature
# RIXS resolution ~ 0.4 eV
# Horizontal scattering geometry, theta = 15 degrees, 2theta = 95 degrees
# SEXTANTS beamline, SOLEIL synchrotron
# Energy loss 	 Intensity
-1.00000e+01 2.43145e-03
-9.90306e+00 1.08736e-05
-9.80613e+00 -1.62790e-03
-9.70919e+00 -3.60494e-04
-9.61226e+00 -5.01166e-04
-9.51532e+00 7.05715e-04
-9.41838e+00 5.00135e-04
-9.32145e+00 2.16865e-03
-9.22451e+00 3.58969e-04
-9.12757e+00 -1.00735e-03
-9.03064e+00 8.53070e-04
-8.93370e+00 2.06458e-04
-8.83677e+00 -1.25346e-03
-8.73983e+00 6.60923e-06
-8.64289e+00 -1.39755e-03
-8.54596e+00 9.17972e-04
-8.44902e+00 -2.53795e-03
-8.35209e+00 -1.52148e-03
-8.25515e+00 -7.58711e-04
-8.15821e+00 5.30336e-05
-8.06128e+00 2.08810e-04
-7.96434e+00 -2.31793e-03
-7.86740e+00 -3.34036e-04
-7.77047e+00 2.05386e-03
-7.67353e+00 1.14393e-03
-7.57660e+00 -1.15511e-03
-7.47966e+00 2.78111e-03
-7.38272e+00 2.11280e-03
-7.28579e+00 1.62810e-03
-7.18885e+00 1.01194e-03
-7.09192e+00 1.04227e-03
-6.99498e+00 9.51332e-04
-6.89804e+00 1.48974e-03
-6.80111e+00 6.85137e-04
-6.70417e+00 -3.32859e-04
-6.60723e+00 -1.19659e-03
-6.51030e+00 3.82487e-04
-6.41336e+00 -6.47270e-04
-6.31643e+00 8.36146e-04
-6.21949e+00 3.97376e-04
-6.12255e+00 2.02115e-03
-6.02562e+00 4.73164e-04
-5.92868e+00 4.06281e-05
-5.83175e+00 2.12507e-03
-5.73481e+00 7.51385e-04
-5.63787e+00 1.50597e-04
-5.54094e+00 -7.50726e-04
-5.44400e+00 1.04699e-03
-5.34706e+00 -1.67241e-04
-5.25013e+00 -5.40535e-04
-5.15319e+00 5.89612e-05
-5.05626e+00 -5.09462e-04
-4.95932e+00 1.84425e-03
-4.86238e+00 1.60615e-03
-4.76545e+00 8.95418e-04
-4.66851e+00 1.91227e-04
-4.57158e+00 5.07473e-04
-4.47464e+00 1.61273e-03
-4.37770e+00 1.26733e-03
-4.28077e+00 -2.22677e-04
-4.18383e+00 -7.68483e-04
-4.08689e+00 -2.24276e-04
-3.98996e+00 8.86449e-04
-3.89302e+00 3.33591e-04
-3.79609e+00 -7.16822e-04
-3.69915e+00 1.35184e-03
-3.60221e+00 -2.04414e-04
-3.50528e+00 -5.16756e-04
-3.40834e+00 -5.21451e-04
-3.31141e+00 -1.85982e-03
-3.21447e+00 -2.24299e-03
-3.11753e+00 -3.35323e-04
-3.02060e+00 -1.88355e-03
-2.92366e+00 -4.27146e-03
-2.82672e+00 -1.61873e-03
-2.72979e+00 -2.69890e-03
-2.63285e+00 -3.67336e-03
-2.53592e+00 -1.52311e-03
-2.43898e+00 -5.29773e-04
-2.34204e+00 1.82960e-03
-2.24511e+00 2.61918e-04
-2.14817e+00 -1.33918e-03
-2.05124e+00 -1.25002e-04
-1.95430e+00 2.07812e-03
-1.85736e+00 2.28916e-03
-1.76043e+00 7.94260e-04
-1.66349e+00 7.80462e-04
-1.56655e+00 -2.48465e-04
-1.46962e+00 1.40879e-03
-1.37268e+00 1.68775e-03
-1.27575e+00 -1.90002e-04
-1.17881e+00 -7.00512e-04
-1.08187e+00 3.98762e-04
-9.84938e-01 -3.06248e-04
-8.88002e-01 1.19581e-03
-7.91066e-01 2.14243e-03
-6.94129e-01 5.92776e-03
-5.97193e-01 1.20579e-02
-5.00257e-01 2.11947e-02
-4.03321e-01 3.11174e-02
-3.06385e-01 5.49485e-02
-2.09449e-01 9.62595e-02
-1.12513e-01 1.39768e-01
-1.55764e-02 1.55327e-01
8.13597e-02 1.51668e-01
1.78296e-01 1.33080e-01
2.75232e-01 1.23590e-01
3.72168e-01 1.35818e-01
4.69104e-01 1.66502e-01
5.66040e-01 2.29026e-01
6.62977e-01 3.22332e-01
7.59913e-01 4.14069e-01
8.56849e-01 5.10402e-01
9.53785e-01 5.50270e-01
1.05072e+00 5.14843e-01
1.14766e+00 4.27271e-01
1.24459e+00 3.48500e-01
1.34153e+00 2.61797e-01
1.43847e+00 1.99845e-01
1.53540e+00 1.67648e-01
1.63234e+00 1.38558e-01
1.72927e+00 1.04557e-01
1.82621e+00 8.65517e-02
1.92315e+00 7.79437e-02
2.02008e+00 6.39405e-02
2.11702e+00 6.32550e-02
2.21396e+00 5.46405e-02
2.31089e+00 5.00589e-02
2.40783e+00 4.71989e-02
2.50476e+00 5.14601e-02
2.60170e+00 4.04904e-02
2.69864e+00 3.88774e-02
2.79557e+00 3.51689e-02
2.89251e+00 3.81278e-02
2.98944e+00 4.23128e-02
3.08638e+00 4.53245e-02
3.18332e+00 4.70799e-02
3.28025e+00 4.34786e-02
3.37719e+00 4.45943e-02
3.47413e+00 4.18288e-02
3.57106e+00 5.10021e-02
3.66800e+00 4.82710e-02
3.76493e+00 4.43077e-02
3.86187e+00 4.02516e-02
3.95881e+00 4.42278e-02
4.05574e+00 4.03573e-02
4.15268e+00 4.50832e-02
4.24961e+00 4.64719e-02
4.34655e+00 4.53910e-02
4.44349e+00 4.16960e-02
4.54042e+00 4.21050e-02
4.63736e+00 4.00003e-02
4.73429e+00 3.83667e-02
4.83123e+00 3.87154e-02
4.92817e+00 3.69282e-02
5.02510e+00 3.65525e-02
5.12204e+00 3.26051e-02
5.21898e+00 3.28732e-02
5.31591e+00 3.51583e-02
5.41285e+00 3.54346e-02
5.50978e+00 3.40920e-02
5.60672e+00 3.44726e-02
5.70366e+00 3.25256e-02
5.80059e+00 2.81893e-02
5.89753e+00 3.09490e-02
5.99446e+00 3.26685e-02
6.09140e+00 2.45097e-02
6.18834e+00 2.01864e-02
6.28527e+00 2.00172e-02
6.38221e+00 2.36656e-02
6.47915e+00 2.10802e-02
6.57608e+00 1.86376e-02
6.67302e+00 1.86298e-02
6.76995e+00 1.37039e-02
6.86689e+00 1.15463e-02
6.96383e+00 1.32549e-02
7.06076e+00 1.63789e-02
7.15770e+00 1.88617e-02
7.25463e+00 1.44718e-02
7.35157e+00 1.09732e-02
7.44851e+00 8.36677e-03
7.54544e+00 8.79275e-03
7.64238e+00 8.91879e-03
7.73932e+00 6.16178e-03
7.83625e+00 9.38237e-03
7.93319e+00 7.93510e-03
8.03012e+00 4.57305e-03
8.12706e+00 4.46894e-03
8.22400e+00 4.56961e-03
8.32093e+00 5.41866e-03
8.41787e+00 6.03291e-03
8.51480e+00 3.94681e-03
8.61174e+00 4.70347e-03
8.70868e+00 4.19029e-03
8.80561e+00 3.19365e-03
8.90255e+00 2.21105e-03
8.99949e+00 3.50803e-03
9.09642e+00 7.78243e-03
9.19336e+00 4.97791e-03
9.29029e+00 2.77095e-03
9.38723e+00 4.29901e-04
9.48417e+00 8.53016e-04
9.58110e+00 1.49847e-03
9.67804e+00 2.21106e-03
9.77497e+00 1.89798e-03
9.87191e+00 5.40739e-04
9.96885e+00 1.06677e-03
1.00658e+01 -3.94134e-04
1.01627e+01 7.16174e-04
1.02597e+01 1.50373e-03
1.03566e+01 6.42638e-04
1.04535e+01 6.83056e-04
1.05505e+01 -2.83157e-04
1.06474e+01 1.17787e-03
1.07443e+01 -3.13210e-04
1.08413e+01 -5.39437e-04
1.09382e+01 1.70425e-03
1.10351e+01 1.10561e-03
1.11321e+01 -6.66797e-05
1.12290e+01 7.05358e-04
1.13260e+01 2.63848e-03
1.14229e+01 8.68199e-04
1.15198e+01 -2.35807e-04
1.16168e+01 4.21053e-05
1.17137e+01 -1.87975e-03
1.18106e+01 -1.41700e-03
1.19076e+01 4.61614e-04
1.20045e+01 -8.07404e-04
1.21014e+01 4.41210e-04
1.21984e+01 3.89825e-04
1.22953e+01 1.89707e-04
1.23923e+01 -2.17008e-04
1.24892e+01 -1.47428e-03
1.25861e+01 -2.74211e-03
1.26831e+01 -1.63314e-03
1.27800e+01 5.28795e-04
1.28769e+01 -1.53181e-03
1.29739e+01 -8.11567e-04
1.30708e+01 -2.56978e-03
1.31677e+01 -8.21187e-04
1.32647e+01 7.11826e-04
1.33616e+01 -1.26365e-03
1.34585e+01 -1.12865e-03
1.35555e+01 -2.62347e-04
1.36524e+01 -8.49736e-04
1.37494e+01 -1.37345e-03
1.38463e+01 -2.37528e-03
1.39432e+01 -2.10757e-03
1.40402e+01 -2.88391e-03
1.41371e+01 -3.16984e-03
1.42340e+01 -3.77881e-03
1.43310e+01 -1.94569e-03
1.44279e+01 -2.57845e-03
1.45248e+01 -2.37649e-03
1.46218e+01 -4.07778e-03
1.47187e+01 -1.93990e-03
1.48157e+01 -2.37100e-03
1.49126e+01 -1.91478e-03
1.50095e+01 -2.87544e-03
1.51065e+01 -1.11249e-03
1.52034e+01 -3.56134e-03
1.53003e+01 7.74598e-05
1.53973e+01 -1.94237e-03
1.54942e+01 -1.69651e-03
1.55911e+01 1.71554e-04
1.56881e+01 -1.47949e-03
1.57850e+01 -7.51295e-04
1.58820e+01 -1.98333e-03
1.59789e+01 -2.35288e-03
1.60758e+01 -6.90182e-04
1.61728e+01 -2.41522e-03
1.62697e+01 -1.57055e-03
1.63666e+01 -1.80482e-03
1.64636e+01 -8.61625e-04
1.65605e+01 -1.70428e-03
1.66574e+01 -3.18998e-03
1.67544e+01 -8.06653e-04
1.68513e+01 -1.99579e-03
1.69483e+01 -7.41036e-04
1.70452e+01 -2.87882e-04
1.71421e+01 -1.38567e-03
1.72391e+01 9.53579e-04
1.73360e+01 -1.08768e-03
1.74329e+01 -1.41818e-03
1.75299e+01 -1.91859e-03
1.76268e+01 -1.45982e-03
1.77237e+01 -4.70661e-04
1.78207e+01 -3.03593e-03
1.79176e+01 -1.32064e-03
1.80145e+01 -1.73299e-03
1.81115e+01 3.51140e-04
1.82084e+01 3.19665e-04
1.83054e+01 3.58079e-04
1.84023e+01 8.45980e-04
1.84992e+01 -8.66737e-04
1.85962e+01 -6.02336e-04
1.86931e+01 -5.79882e-04
1.87900e+01 -1.66326e-03
1.88870e+01 -7.52253e-04
1.89839e+01 -4.73751e-04
1.90808e+01 -8.57878e-04
1.91778e+01 1.29113e-03
1.92747e+01 8.34873e-04
1.93717e+01 1.29890e-03
1.94686e+01 5.63264e-04
1.95655e+01 -1.21935e-03
1.96625e+01 -8.05164e-04
1.97594e+01 7.78178e-04
1.98563e+01 -2.82334e-03
1.99533e+01 -1.80533e-03
2.00502e+01 -2.80044e-03
2.01471e+01 -2.21199e-04
2.02441e+01 -1.63137e-03
2.03410e+01 -2.71644e-03
2.04380e+01 -1.92025e-03
2.05349e+01 -9.53618e-04
2.06318e+01 -6.33636e-05
2.07288e+01 -1.94728e-03
2.08257e+01 -6.67348e-04
2.09226e+01 -4.65928e-04
2.10196e+01 -7.65710e-04
2.11165e+01 -2.02342e-03
2.12134e+01 -2.61509e-03
2.13104e+01 -7.44984e-05
2.14073e+01 1.93714e-03
2.15042e+01 3.09447e-04
2.16012e+01 -1.97925e-03
2.16981e+01 4.88834e-04
2.17951e+01 5.57723e-04
2.18920e+01 1.23253e-04
2.19889e+01 -1.35729e-04
2.20859e+01 8.70426e-06
2.21828e+01 -3.25938e-03
2.22797e+01 -1.16895e-03
2.23767e+01 -2.81035e-03
2.24736e+01 -2.31837e-03
2.25705e+01 -1.22080e-03
2.26675e+01 -3.02883e-03
2.27644e+01 -2.09177e-03
2.28614e+01 -1.79588e-03
2.29583e+01 -3.58863e-03
2.30552e+01 -1.71972e-03
2.31522e+01 -2.21816e-04
2.32491e+01 1.39679e-04
2.33460e+01 -2.56445e-03
2.34430e+01 -8.77065e-04
2.35399e+01 -1.59092e-03
2.36368e+01 -2.15963e-03
2.37338e+01 -1.68509e-03
2.38307e+01 -1.19314e-03
2.39277e+01 -2.90054e-03
2.40246e+01 -4.05286e-05
2.41215e+01 -2.40385e-03
2.42185e+01 -1.56319e-04
2.43154e+01 -9.10379e-04
2.44123e+01 -2.80811e-03
2.45093e+01 -1.25423e-03
2.46062e+01 4.30279e-04
2.47031e+01 -3.82811e-04
2.48001e+01 -2.88548e-03
2.48970e+01 -1.37045e-03
2.49940e+01 3.52568e-04
2.50909e+01 -1.28928e-03
2.51878e+01 -3.51960e-03
2.52848e+01 -2.17944e-03
2.53817e+01 -1.91814e-03
2.54786e+01 -2.99430e-03
2.55756e+01 -8.41053e-04
2.56725e+01 -6.01901e-04
2.57694e+01 -2.05328e-03
2.58664e+01 -4.15539e-03
2.59633e+01 4.32345e-04
2.60602e+01 -2.88082e-03
2.61572e+01 -3.17233e-03
2.62541e+01 -2.96525e-03
2.63511e+01 -3.18691e-03
2.64480e+01 -2.72816e-03
2.65449e+01 -1.42382e-03
2.66419e+01 -6.95906e-04
2.67388e+01 -1.38812e-03
2.68357e+01 -2.17210e-03
2.69327e+01 1.03639e-04
2.70296e+01 -5.61034e-04
2.71265e+01 -1.88391e-03
2.72235e+01 -1.94294e-03
2.73204e+01 -9.79161e-04
2.74174e+01 -2.59126e-03
2.75143e+01 -1.28552e-03
2.76112e+01 -2.18789e-03
2.77082e+01 -2.89222e-03
2.78051e+01 -2.33984e-03
2.79020e+01 -1.58008e-03
2.79990e+01 -2.45873e-03
2.80959e+01 -2.64058e-03
2.81928e+01 -2.83232e-03
2.82898e+01 -1.06458e-03
2.83867e+01 -1.46094e-03
2.84837e+01 -2.81126e-03
2.85806e+01 -2.73871e-03
2.86775e+01 -3.07819e-03
2.87745e+01 -8.72625e-04
2.88714e+01 -2.96618e-03
2.89683e+01 -2.70103e-03
2.90653e+01 -1.41676e-03
2.91622e+01 -1.43066e-03
2.92591e+01 -3.24293e-03
2.93561e+01 -2.69108e-03
2.94530e+01 -1.47523e-03
2.95499e+01 -2.16044e-03
2.96469e+01 -1.22953e-03
2.97438e+01 -1.82859e-03
2.98408e+01 -1.44239e-03
2.99377e+01 -2.56307e-03
3.00346e+01 -1.03322e-03
3.01316e+01 -2.53604e-04
3.02285e+01 -5.17037e-04
3.03254e+01 -1.06143e-03
3.04224e+01 5.85882e-04
3.05193e+01 -2.29176e-03
3.06162e+01 3.18061e-04
3.07132e+01 -7.63523e-04
3.08101e+01 -1.87851e-03
3.09071e+01 8.79287e-04
3.10040e+01 -2.10748e-03
3.11009e+01 -7.03743e-04
3.11979e+01 8.18156e-04
3.12948e+01 -3.50672e-03
3.13917e+01 -2.79013e-04
3.14887e+01 3.10125e-04
3.15856e+01 -4.56373e-04
3.16825e+01 -3.08291e-03
3.17795e+01 -2.22578e-03
3.18764e+01 -5.76101e-04
3.19734e+01 -4.32906e-03
3.20703e+01 -2.71580e-03
3.21672e+01 -3.34126e-03
3.22642e+01 -2.89462e-03
3.23611e+01 -2.21257e-03
3.24580e+01 -2.96384e-03
3.25550e+01 -3.28644e-03
3.26519e+01 -3.45966e-03
3.27488e+01 -1.24273e-03
3.28458e+01 -9.38091e-04
3.29427e+01 -1.34677e-03
3.30397e+01 -1.38863e-03
3.31366e+01 -2.53279e-03
3.32335e+01 -5.00592e-03
3.33305e+01 -3.37775e-03
3.34274e+01 -2.58252e-03
3.35243e+01 -2.79234e-03
3.36213e+01 -2.16149e-03
3.37182e+01 -7.16107e-04
3.38151e+01 -3.53505e-03
3.39121e+01 -2.80627e-03
3.40090e+01 -4.08935e-03
3.41059e+01 -2.30252e-03
3.42029e+01 -2.63614e-03
3.42998e+01 -3.05175e-03
3.43968e+01 -2.10727e-03
3.44937e+01 -1.58497e-03
3.45906e+01 -2.78569e-03
3.46876e+01 -1.72368e-03
3.47845e+01 -1.51153e-03
3.48814e+01 -1.84693e-03
3.49784e+01 -2.55636e-03
3.50753e+01 -2.22851e-03
3.51722e+01 -2.58828e-03
3.52692e+01 -2.56373e-03
3.53661e+01 -1.61748e-03
3.54631e+01 -3.72561e-03
3.55600e+01 -2.50891e-03
3.56569e+01 -2.38327e-03
3.57539e+01 -2.70669e-03
3.58508e+01 -2.29003e-03
3.59477e+01 -1.89094e-03
3.60447e+01 -2.28889e-03
3.61416e+01 -2.81887e-03
3.62385e+01 -1.18257e-03
3.63355e+01 2.42502e-04
3.64324e+01 -1.17086e-03
3.65294e+01 8.83015e-05
3.66263e+01 -1.52863e-03
3.67232e+01 -1.73991e-03
3.68202e+01 -1.79135e-03
3.69171e+01 2.14880e-04
3.70140e+01 -2.48063e-03
3.71110e+01 5.62723e-04
3.72079e+01 -5.01599e-04
3.73048e+01 -1.07240e-03
3.74018e+01 -1.43308e-03
3.74987e+01 7.98080e-04
3.75957e+01 -8.15282e-04
3.76926e+01 1.22238e-03
3.77895e+01 6.94299e-04
3.78865e+01 -2.20033e-03
3.79834e+01 -1.24377e-03
3.80803e+01 7.55158e-04
3.81773e+01 -1.04826e-03
3.82742e+01 8.80084e-04
3.83711e+01 -1.67499e-03
3.84681e+01 -1.13147e-03
3.85650e+01 -8.84187e-04
3.86619e+01 -2.13772e-03
3.87589e+01 -2.90485e-04
3.88558e+01 -6.79134e-04
3.89528e+01 -3.43360e-03
3.90497e+01 -2.25528e-03
3.91466e+01 1.33408e-03
3.92436e+01 -6.12580e-04
3.93405e+01 -3.18467e-03
3.94374e+01 2.90737e-04
3.95344e+01 -2.40583e-03
3.96313e+01 -2.01740e-03
3.97282e+01 5.46468e-04
3.98252e+01 -1.52453e-03
3.99221e+01 -1.74456e-03
4.00191e+01 -2.60886e-03
4.01160e+01 -1.30699e-03
4.02129e+01 -1.11352e-03
4.03099e+01 -5.94179e-04
4.04068e+01 -9.40805e-04
4.05037e+01 -1.58986e-03
4.06007e+01 9.43612e-04
4.06976e+01 -1.50772e-03
4.07945e+01 -1.89630e-05
4.08915e+01 -8.38854e-04
4.09884e+01 -1.27329e-03
4.10854e+01 -1.12365e-03
4.11823e+01 -2.03180e-03
4.12792e+01 -3.22065e-03
4.13762e+01 -3.65038e-03
4.14731e+01 -1.34165e-03
4.15700e+01 -7.96118e-04
4.16670e+01 -5.22350e-03
4.17639e+01 -2.80791e-03
4.18608e+01 -9.39847e-04
4.19578e+01 -1.88786e-03
4.20547e+01 -2.04945e-03
4.21516e+01 -1.00002e-03
4.22486e+01 -6.50348e-04
4.23455e+01 9.66134e-04
4.24425e+01 -1.17055e-03
4.25394e+01 -2.07313e-03
4.26363e+01 -9.94786e-04
4.27333e+01 -1.09132e-03
4.28302e+01 -1.05410e-03
4.29271e+01 -2.12786e-03
4.30241e+01 -1.29631e-04
4.31210e+01 -1.56401e-03
4.32179e+01 -8.43059e-04
4.33149e+01 -1.26768e-03
4.34118e+01 -1.54532e-03
4.35088e+01 -2.00015e-03
4.36057e+01 -2.20901e-03
4.37026e+01 6.56430e-04
4.37996e+01 2.12026e-04
4.38965e+01 -1.80518e-03
4.39934e+01 -1.80514e-03
4.40904e+01 4.34103e-04
4.41873e+01 -1.29419e-03
4.42842e+01 -1.10287e-03
4.43812e+01 -1.41952e-03
4.44781e+01 -1.34871e-03
4.45751e+01 2.13099e-04
4.46720e+01 9.77749e-04
4.47689e+01 -2.47517e-03
4.48659e+01 6.13040e-04
4.49628e+01 1.31686e-03
4.50597e+01 1.24454e-04
4.51567e+01 3.30212e-03
4.52536e+01 1.10964e-03
4.53505e+01 2.49112e-05
4.54475e+01 7.68049e-04
4.55444e+01 -1.12729e-04
4.56414e+01 3.12799e-04
4.57383e+01 -9.09383e-04
4.58352e+01 -9.70367e-04
4.59322e+01 -8.30054e-04
4.60291e+01 1.11701e-04
4.61260e+01 1.01368e-03
4.62230e+01 -6.96185e-04
4.63199e+01 -1.06871e-03
4.64168e+01 1.16508e-03
4.65138e+01 3.14301e-04
4.66107e+01 2.59837e-03
4.67076e+01 2.97642e-04
4.68046e+01 5.88748e-04
4.69015e+01 1.87890e-05
4.69985e+01 -4.63204e-04
4.70954e+01 -4.63204e-04
4.71923e+01 -4.63204e-04
4.72893e+01 -4.63204e-04
4.73862e+01 -4.63204e-04
4.74831e+01 -4.63204e-04
4.75801e+01 -4.63204e-04
4.76770e+01 -4.63204e-04
4.77739e+01 -4.63204e-04
4.78709e+01 -4.63204e-04
4.79678e+01 -4.63204e-04
4.80648e+01 -4.63204e-04
4.81617e+01 -4.63204e-04
4.82586e+01 -4.63204e-04
4.83556e+01 -4.63204e-04
4.84525e+01 -4.63204e-04
4.85494e+01 -4.63204e-04
4.86464e+01 -4.63204e-04
4.87433e+01 -4.63204e-04
4.88402e+01 -4.63204e-04
4.89372e+01 -4.63204e-04
4.90341e+01 -4.63204e-04
4.91311e+01 -4.63204e-04
4.92280e+01 -4.63204e-04
4.93249e+01 -4.63204e-04
4.94219e+01 -4.63204e-04
4.95188e+01 -4.63204e-04
4.96157e+01 -4.63204e-04
4.97127e+01 -4.63204e-04
4.98096e+01 -4.63204e-04
4.99065e+01 -4.63204e-04
5.00035e+01 -4.63204e-04
5.01004e+01 -4.63204e-04
5.01973e+01 -4.63204e-04
5.02943e+01 -4.63204e-04
5.03912e+01 -4.63204e-04
5.04882e+01 -4.63204e-04
5.05851e+01 -4.63204e-04
5.06820e+01 -4.63204e-04
5.07790e+01 -4.63204e-04
5.08759e+01 -4.63204e-04
5.09728e+01 -4.63204e-04
5.10698e+01 -4.63204e-04
5.11667e+01 -4.63204e-04
5.12636e+01 -4.63204e-04
5.13606e+01 -4.63204e-04
5.14575e+01 -4.63204e-04
5.15545e+01 -4.63204e-04
5.16514e+01 -4.63204e-04
5.17483e+01 -4.63204e-04
5.18453e+01 -4.63204e-04
5.19422e+01 -4.63204e-04
5.20391e+01 -4.63204e-04
5.21361e+01 -4.63204e-04
5.22330e+01 -4.63204e-04
5.23299e+01 -4.63204e-04
5.24269e+01 -4.63204e-04
5.25238e+01 -4.63204e-04
5.26208e+01 -4.63204e-04
5.27177e+01 -4.63204e-04
5.28146e+01 -4.63204e-04
5.29116e+01 -4.63204e-04
5.30085e+01 -4.63204e-04
5.31054e+01 -4.63204e-04
5.32024e+01 -4.63204e-04
5.32993e+01 -4.63204e-04
5.33962e+01 -4.63204e-04
5.34932e+01 -4.63204e-04
5.35901e+01 -4.63204e-04
5.36871e+01 -4.63204e-04
5.37840e+01 -4.63204e-04
5.38809e+01 -4.63204e-04
5.39779e+01 -4.63204e-04
5.40748e+01 -4.63204e-04
5.41717e+01 -4.63204e-04
5.42687e+01 -4.63204e-04
5.43656e+01 -4.63204e-04
5.44625e+01 -4.63204e-04
5.45595e+01 -4.63204e-04
5.46564e+01 -4.63204e-04
5.47533e+01 -4.63204e-04
5.48503e+01 -4.63204e-04
5.49472e+01 -4.63204e-04
5.50442e+01 -4.63204e-04
5.51411e+01 -4.63204e-04
5.52380e+01 -4.63204e-04
5.53350e+01 -4.63204e-04
5.54319e+01 -4.63204e-04
5.55288e+01 -4.63204e-04
5.56258e+01 -4.63204e-04
5.57227e+01 -4.63204e-04
5.58196e+01 -4.63204e-04
5.59166e+01 -4.63204e-04
5.60135e+01 -4.63204e-04
5.61105e+01 -4.63204e-04
5.62074e+01 -4.63204e-04
5.63043e+01 -4.63204e-04
5.64013e+01 -4.63204e-04
5.64982e+01 -4.63204e-04
5.65951e+01 -4.63204e-04
5.66921e+01 -4.63204e-04
5.67890e+01 -4.63204e-04
5.68859e+01 -4.63204e-04
5.69829e+01 -4.63204e-04
5.70798e+01 -4.63204e-04
5.71768e+01 -4.63204e-04
5.72737e+01 -4.63204e-04
5.73706e+01 -4.63204e-04
5.74676e+01 -4.63204e-04
5.75645e+01 -4.63204e-04
5.76614e+01 -4.63204e-04
5.77584e+01 -4.63204e-04
5.78553e+01 -4.63204e-04
5.79522e+01 -4.63204e-04
5.80492e+01 -4.63204e-04
5.81461e+01 -4.63204e-04
5.82431e+01 -4.63204e-04
5.83400e+01 -4.63204e-04
5.84369e+01 -4.63204e-04
5.85339e+01 -4.63204e-04
5.86308e+01 -4.63204e-04
5.87277e+01 -4.63204e-04
5.88247e+01 -4.63204e-04
5.89216e+01 -4.63204e-04
5.90185e+01 -4.63204e-04
5.91155e+01 -4.63204e-04
5.92124e+01 -4.63204e-04
5.93093e+01 -4.63204e-04
5.94063e+01 -4.63204e-04
5.95032e+01 -4.63204e-04
5.96002e+01 -4.63204e-04
5.96971e+01 -4.63204e-04
5.97940e+01 -4.63204e-04
5.98910e+01 -4.63204e-04
5.99879e+01 -4.63204e-04
